pack,vx,vy,vz,ax,ay,az,time
1,-0.067,0.034,0.037,-4.854,-8.017,-5.629,1549046969984
1,-0.073,-0.003,0.048,-4.696,-7.755,-5.157,1549046970004
1,-0.191,-0.066,0.04,-4.604,-8.495,-5.134,1549046970023
1,-0.076,-0.055,0.054,-4.643,-8.371,-4.665,1549046970043
1,-0.02,-0.07,0.048,-4.59,-8.421,-5.17,1549046970063
1,-0.017,-0.065,0.044,-4.753,-7.99,-5.508,1549046970083
1,-0.033,-0.111,0.047,-4.46,-7.943,-5.595,1549046970104
1,-0.079,-0.121,0.065,-4.605,-8.183,-5.368,1549046970123
1,-0.114,-0.128,0.09,-4.562,-8.064,-4.948,1549046970143
1,-0.222,-0.155,0.071,-4.57,-8.288,-5.28,1549046970163
1,-0.19,-0.148,0.072,-4.548,-7.771,-5.809,1549046970184
1,-0.151,-0.096,0.115,-4.839,-7.949,-5.655,1549046970203
1,-0.175,-0.103,0.151,-4.548,-7.827,-4.979,1549046970224
1,-0.176,-0.126,0.142,-4.718,-8.19,-5.238,1549046970243
2,-0.171,-0.103,0.143,-4.864,-7.861,-5.384,1549046970264
2,-0.16,-0.097,0.148,-4.855,-7.607,-5.364,1549046970283
2,-0.219,-0.113,0.156,-4.705,-7.754,-5.285,1549046970303
2,-0.203,-0.124,0.162,-4.889,-7.702,-4.984,1549046970324
2,-0.216,-0.101,0.161,-5.144,-7.902,-5.128,1549046970343
2,-0.191,-0.119,0.16,-5.049,-7.473,-5.173,1549046970363
2,-0.179,-0.115,0.159,-5.274,-7.35,-5.428,1549046970384
2,-0.175,-0.097,0.192,-5.003,-7.154,-4.97,1549046970404
2,-0.278,-0.127,0.184,-5.034,-7.805,-4.955,1549046970424
2,-0.217,-0.103,0.186,-5.39,-7.197,-5.572,1549046970443
2,-0.192,-0.1,0.177,-5.081,-7.17,-5.415,1549046970464
2,-0.285,-0.055,0.197,-5.242,-7.244,-4.932,1549046970484
3,-0.284,-0.053,0.183,-5.105,-7.292,-5.014,1549046970504
3,-0.197,-0.068,0.177,-5.275,-7.37,-5.14,1549046970524
3,-0.144,-0.065,0.18,-5.144,-6.919,-5.447,1549046970544
3,-0.278,-0.03,0.188,-5.25,-7.197,-5.307,1549046970564
3,-0.35,-0.034,0.182,-5.215,-7.292,-5.408,1549046970584
3,-0.261,-0.04,0.188,-5.377,-7.029,-5.53,1549046970604
3,-0.229,-0.058,0.205,-5.354,-6.833,-5.335,1549046970624
3,-0.205,-0.095,0.196,-5.404,-7.369,-5.22,1549046970644
3,-0.097,-0.095,0.202,-5.537,-7.108,-5.667,1549046970664
3,0.007,-0.064,0.225,-5.172,-7.055,-5.568,1549046970684
3,-0.141,-0.056,0.174,-5.298,-7.648,-5.382,1549046970704
3,-0.068,-0.062,0.135,-5.41,-7.296,-5.427,1549046970724
4,0.091,-0.073,0.091,-5.43,-6.912,-5.373,1549046970744
4,0.172,-0.043,0.07,-5.619,-6.837,-5.599,1549046970764
4,0.107,-0.081,0.028,-5.717,-7.294,-5.267,1549046970784
4,0.388,-0.132,-0.019,-5.581,-7.481,-5.051,1549046970804
4,0.613,-0.131,-0.076,-5.463,-7.523,-5.309,1549046970824
4,0.506,-0.092,-0.151,-5.468,-7.063,-5.199,1549046970844
4,0.206,-0.073,-0.202,-5.684,-7.367,-5.273,1549046970864
4,0.061,-0.057,-0.275,-5.704,-7.047,-5.357,1549046970884
4,-0.008,-0.053,-0.295,-5.46,-7.144,-4.998,1549046970905
4,0.005,-0.091,-0.326,-5.336,-7.786,-4.404,1549046970924
4,0.103,-0.102,-0.334,-5.362,-7.13,-5.367,1549046970944
4,0.166,-0.098,-0.319,-5.51,-6.9,-5.023,1549046970964
5,0.057,-0.129,-0.301,-5.327,-7.786,-5.114,1549046970985
5,0.109,-0.133,-0.287,-5.352,-7.236,-5.067,1549046971004
5,0.145,-0.124,-0.238,-5.444,-7.744,-4.613,1549046971024
5,0.122,-0.16,-0.234,-4.931,-7.923,-4.771,1549046971044
5,0.187,-0.186,-0.215,-5.074,-7.82,-4.728,1549046971064
5,0.248,-0.204,-0.213,-5.241,-7.63,-4.626,1549046971084
5,0.249,-0.203,-0.216,-5.075,-7.344,-4.473,1549046971104
5,0.144,-0.25,-0.191,-5.089,-7.943,-4.569,1549046971125
5,0.139,-0.246,-0.218,-4.921,-8.306,-4.725,1549046971144
5,0.251,-0.28,-0.182,-5.419,-8.13,-4.39,1549046971163
5,0.287,-0.35,-0.178,-5.311,-7.405,-4.621,1549046971183
5,0.307,-0.416,-0.14,-5.248,-7.73,-4.362,1549046971203
6,0.321,-0.452,-0.144,-4.858,-8.355,-4.034,1549046971224
6,0.252,-0.516,-0.101,-5.457,-7.75,-3.507,1549046971244
6,0.178,-0.521,-0.12,-5.039,-7.767,-4.038,1549046971264
6,0.261,-0.506,-0.175,-5.175,-8.352,-3.544,1549046971284
6,0.234,-0.506,-0.101,-5.837,-6.703,-4.654,1549046971305
6,0.125,-0.52,-0.193,-5.285,-8.414,-3.301,1549046971324
6,0.155,-0.523,-0.167,-5.137,-7.673,-3.307,1549046971344
6,0.057,-0.52,-0.156,-5.0,-7.856,-2.757,1549046971364
6,0.0,-0.508,-0.129,-5.33,-6.786,-4.225,1549046971384
6,0.047,-0.503,-0.092,-5.198,-7.413,-3.794,1549046971405
6,0.158,-0.509,-0.087,-5.262,-7.395,-0.652,1549046971424
6,0.056,-0.535,-0.107,-4.761,-8.787,-2.367,1549046971444
6,-0.069,-0.537,-0.125,-4.927,-7.425,-4.04,1549046971464
7,-0.178,-0.493,-0.159,-5.097,-7.643,-3.976,1549046971484
7,-0.123,-0.558,-0.189,-4.97,-8.352,-2.616,1549046971504
7,0.152,-0.509,-0.17,-5.437,-7.312,-3.159,1549046971524
7,0.089,-0.505,-0.169,-5.277,-7.725,-3.24,1549046971544
7,-0.032,-0.486,-0.194,-4.977,-8.176,-3.156,1549046971564
7,0.006,-0.472,-0.236,-5.048,-7.792,-3.12,1549046971585
7,0.11,-0.457,-0.241,-5.103,-7.354,-3.52,1549046971605
7,0.031,-0.429,-0.255,-5.729,-6.648,-3.488,1549046971625
7,0.023,-0.374,-0.247,-5.459,-7.718,-3.095,1549046971644
7,0.078,-0.294,-0.285,-5.006,-7.55,-2.485,1549046971665
7,0.119,-0.24,-0.305,-5.134,-7.664,-3.308,1549046971684
7,0.091,-0.206,-0.313,-5.378,-7.903,-2.987,1549046971705
7,-0.023,-0.201,-0.342,-5.519,-7.232,-2.3,1549046971725
7,0.078,-0.161,-0.362,-5.321,-7.314,-2.636,1549046971745
8,0.018,-0.164,-0.398,-5.14,-8.024,-2.948,1549046971764
8,-0.027,-0.117,-0.409,-5.202,-8.431,-2.829,1549046971785
8,0.059,-0.11,-0.442,-5.053,-8.425,-2.325,1549046971804
8,-0.018,-0.094,-0.459,-5.086,-7.674,-2.95,1549046971824
8,0.054,-0.035,-0.419,-5.241,-7.832,-3.431,1549046971844
8,0.195,-0.014,-0.358,-5.499,-8.857,-2.676,1549046971865
8,0.132,-0.008,-0.345,-5.221,-8.451,-2.737,1549046971885
8,-0.062,-0.027,-0.364,-4.677,-8.933,-3.657,1549046971905
8,-0.085,-0.012,-0.372,-4.649,-8.803,-3.718,1549046971925
8,0.215,0.02,-0.356,-5.012,-8.538,-2.454,1549046971945
9,0.173,-0.007,-0.373,-5.021,-8.539,-3.503,1549046971964
9,0.149,0.011,-0.39,-5.254,-8.875,-2.77,1549046971985
9,0.288,-0.016,-0.473,-4.843,-9.354,-2.176,1549046972005
9,0.267,-0.063,-0.536,-4.265,-8.422,-3.036,1549046972025
9,0.189,-0.074,-0.507,-4.716,-7.956,-3.801,1549046972045
9,0.319,0.034,-0.455,-5.199,-8.739,-2.499,1549046972065
9,0.194,0.042,-0.457,-4.518,-8.735,-2.375,1549046972085
9,0.201,0.048,-0.445,-4.245,-8.918,-2.683,1549046972105
9,0.204,0.05,-0.42,-4.248,-9.296,-2.295,1549046972125
9,0.223,0.056,-0.403,-4.109,-8.391,-2.712,1549046972145
9,0.072,-0.032,-0.379,-3.789,-8.927,-2.641,1549046972165
9,0.187,-0.015,-0.342,-4.03,-9.315,-2.445,1549046972185
9,0.358,0.022,-0.3,-4.199,-8.62,-1.812,1549046972205
9,0.207,-0.022,-0.297,-3.663,-8.798,-2.138,1549046972225
10,0.113,-0.024,-0.242,-3.064,-9.721,-2.473,1549046972245
10,0.177,-0.006,-0.181,-3.251,-9.621,-1.98,1549046972265
10,0.217,0.022,-0.169,-3.679,-9.184,-1.467,1549046972285
10,0.218,0.044,-0.17,-3.326,-8.928,-2.856,1549046972305
10,0.113,0.096,-0.146,-3.291,-10.33,-2.123,1549046972325
10,0.175,0.082,-0.157,-2.968,-10.941,-0.833,1549046972345
10,0.262,0.019,-0.244,-2.896,-9.57,-1.757,1549046972365
10,0.201,-0.058,-0.312,-3.039,-9.521,-2.112,1549046972385
10,0.246,0.009,-0.303,-3.245,-10.564,-1.317,1549046972405
10,0.153,-0.045,-0.31,-3.068,-10.241,-1.881,1549046972425
10,0.157,-0.103,-0.383,-3.037,-10.029,-1.377,1549046972445
10,0.301,-0.049,-0.385,-3.269,-9.997,-1.337,1549046972465
10,0.333,-0.001,-0.386,-3.607,-9.628,-1.525,1549046972485
10,0.232,-0.002,-0.367,-3.174,-10.051,-2.068,1549046972505
11,0.318,0.009,-0.328,-3.231,-10.012,-1.26,1549046972525
11,0.434,0.007,-0.329,-3.063,-9.684,-1.136,1549046972545
11,0.388,0.069,-0.288,-3.152,-9.61,-1.591,1549046972565
11,0.239,0.1,-0.25,-2.893,-10.393,-1.575,1549046972585
11,0.326,0.1,-0.235,-2.657,-10.418,-0.886,1549046972605
11,0.441,0.11,-0.23,-2.525,-9.78,-1.458,1549046972625
11,0.442,0.103,-0.242,-2.363,-10.356,-0.798,1549046972645
11,0.54,0.121,-0.246,-2.376,-10.335,-1.272,1549046972665
11,0.489,0.12,-0.21,-2.47,-9.948,-1.175,1549046972685
11,0.23,0.098,-0.13,-2.254,-10.045,-1.239,1549046972705
11,0.272,0.118,-0.084,-2.377,-9.689,-0.811,1549046972725
12,0.425,0.139,-0.096,-2.317,-10.279,-0.834,1549046972745
12,0.241,0.112,-0.093,-2.131,-10.347,-0.818,1549046972766
12,0.218,0.106,-0.118,-2.098,-10.384,-0.936,1549046972785
12,0.18,0.072,-0.155,-2.492,-9.382,-1.059,1549046972805
12,0.166,0.058,-0.164,-1.768,-9.74,-0.535,1549046972826
12,0.499,0.12,-0.19,-2.243,-10.206,-0.505,1549046972845
12,0.402,0.071,-0.214,-2.142,-9.946,-0.735,1549046972865
12,0.25,0.077,-0.222,-1.739,-9.703,-1.24,1549046972885
12,0.273,0.076,-0.219,-1.681,-9.786,0.036,1549046972905
12,0.437,0.122,-0.242,-2.146,-9.989,-0.447,1549046972925
12,0.361,0.11,-0.199,-1.989,-9.44,-0.628,1549046972945
13,0.269,0.098,-0.253,-2.201,-10.095,-0.598,1549046972965
13,0.159,0.0,-0.347,-1.999,-10.08,0.044,1549046972986
13,0.405,0.028,-0.47,-1.954,-9.802,-0.453,1549046973006
13,0.543,0.051,-0.516,-2.382,-9.376,-0.411,1549046973026
13,0.373,0.039,-0.483,-2.373,-9.071,-0.088,1549046973045
13,0.19,0.004,-0.469,-2.263,-9.322,-0.48,1549046973066
13,0.32,-0.011,-0.478,-2.136,-9.928,-0.645,1549046973085
13,0.354,0.024,-0.453,-2.334,-8.952,-0.121,1549046973106
13,0.329,0.029,-0.383,-2.146,-9.156,-0.415,1549046973125
13,0.229,0.019,-0.329,-2.433,-8.84,-1.444,1549046973146
13,0.145,-0.004,-0.225,-2.023,-10.68,-0.803,1549046973165
14,0.163,-0.026,-0.141,-1.908,-9.813,-0.021,1549046973185
14,0.117,-0.082,-0.084,-1.435,-10.19,-0.527,1549046973206
14,0.05,-0.139,-0.031,-1.633,-10.11,-0.737,1549046973225
14,0.011,-0.206,0.002,-1.51,-10.07,-0.386,1549046973245
14,0.056,-0.263,-0.011,-1.454,-10.03,-0.147,1549046973266
14,0.083,-0.296,-0.025,-1.412,-9.457,0.183,1549046973286
14,0.054,-0.296,-0.024,-1.342,-9.177,-0.567,1549046973306
14,-0.103,-0.304,0.023,-1.468,-10.191,-0.191,1549046973325
14,-0.144,-0.33,-0.004,-1.491,-9.715,0.171,1549046973345
14,0.055,-0.297,0.003,-1.123,-9.421,0.214,1549046973366
14,0.039,-0.282,0.02,-0.934,-9.615,0.349,1549046973385
14,-0.126,-0.31,0.026,-0.973,-9.724,0.535,1549046973406
14,-0.04,-0.306,0.001,-1.043,-9.165,-0.094,1549046973426
14,0.01,-0.239,0.016,-0.993,-9.461,0.015,1549046973446
14,-0.026,-0.16,0.047,-1.53,-8.926,1.78,1549046973466
15,-0.144,-0.231,0.008,-1.037,-10.537,0.346,1549046973486
15,-0.176,-0.306,-0.076,-0.894,-9.678,0.616,1549046973506
15,-0.05,-0.328,-0.141,-0.779,-9.533,-0.463,1549046973526
15,0.002,-0.302,-0.187,-0.475,-9.913,0.818,1549046973546
15,-0.173,-0.321,-0.201,-0.165,-10.33,0.267,1549046973566
15,-0.053,-0.225,-0.164,-0.671,-10.704,0.552,1549046973586
15,-0.185,-0.244,-0.147,-1.218,-9.491,0.546,1549046973606
15,-0.199,-0.214,-0.122,-0.682,-9.413,0.71,1549046973626
15,-0.269,-0.237,-0.158,-0.623,-10.315,0.554,1549046973646
15,-0.067,-0.165,-0.109,-0.73,-10.121,0.533,1549046973666
15,0.105,-0.151,-0.158,-0.397,-10.158,0.506,1549046973686
15,0.179,-0.124,-0.166,-0.563,-10.162,1.467,1549046973705
15,0.131,-0.123,-0.19,-0.415,-10.402,1.081,1549046973726
15,0.004,-0.148,-0.237,-0.349,-9.633,0.498,1549046973745
15,-0.068,-0.128,-0.212,-0.306,-10.28,0.352,1549046973766
16,-0.009,-0.092,-0.225,-0.172,-10.868,0.498,1549046973786
16,0.2,-0.014,-0.252,-0.314,-10.057,1.248,1549046973806
16,0.164,-0.059,-0.279,0.015,-10.65,0.522,1549046973826
16,0.096,-0.086,-0.261,0.338,-10.74,0.756,1549046973847
16,-0.037,-0.174,-0.275,0.433,-10.905,0.608,1549046973866
16,0.084,-0.168,-0.292,-0.149,-9.566,-0.18,1549046973886
16,0.213,-0.089,-0.232,-0.078,-10.544,0.686,1549046973906
16,0.112,-0.124,-0.174,0.002,-10.579,0.884,1549046973926
16,-0.085,-0.211,-0.176,0.101,-10.904,0.608,1549046973947
16,-0.181,-0.255,-0.211,0.059,-10.937,0.484,1549046973966
16,-0.048,-0.225,-0.242,-0.406,-9.599,0.024,1549046973986
16,-0.135,-0.236,-0.187,-0.289,-10.347,0.446,1549046974007
16,-0.096,-0.22,-0.132,-0.217,-10.347,0.571,1549046974027
17,-0.14,-0.233,-0.095,-0.049,-10.685,0.551,1549046974047
17,-0.265,-0.238,-0.084,-0.712,-10.718,0.609,1549046974066
17,-0.059,-0.198,-0.081,-0.938,-10.045,0.23,1549046974087
17,-0.01,-0.145,-0.06,-0.879,-10.416,0.556,1549046974106
17,-0.052,-0.122,-0.002,-0.579,-10.891,0.616,1549046974126
17,0.07,-0.114,-0.006,-0.875,-11.887,-0.198,1549046974147
17,0.172,-0.118,0.067,0.064,-11.914,-0.073,1549046974167
17,-0.096,-0.122,0.252,-0.065,-12.224,0.516,1549046974187
17,-0.01,-0.121,0.342,-0.115,-11.25,0.633,1549046974206
17,0.162,-0.069,0.355,-0.152,-10.655,0.742,1549046974227
17,-0.048,-0.126,0.326,-0.663,-10.744,0.962,1549046974246
17,-0.072,-0.159,0.28,-0.438,-10.007,-0.271,1549046974266
17,0.113,-0.156,0.206,-0.141,-10.084,-0.385,1549046974287
17,0.27,-0.11,0.194,-1.267,-9.696,1.412,1549046974306
17,0.132,-0.193,0.172,-0.084,-10.624,-0.182,1549046974326
18,0.106,-0.233,0.147,-0.009,-10.46,0.34,1549046974347
18,0.219,-0.216,0.083,-0.503,-9.629,-0.09,1549046974366
18,0.263,-0.18,0.096,-0.412,-10.361,-0.424,1549046974387
18,0.206,-0.178,0.116,-0.205,-10.184,-0.333,1549046974407
18,-0.046,-0.203,0.128,-0.141,-10.082,-0.036,1549046974427
18,-0.002,-0.249,0.133,0.057,-10.921,0.374,1549046974447
18,0.12,-0.321,0.05,-0.264,-10.122,0.224,1549046974467
18,0.172,-0.301,0.038,-0.437,-9.773,0.198,1549046974487
18,0.059,-0.249,0.073,-0.643,-10.008,0.473,1549046974506
18,-0.134,-0.246,0.091,-0.804,-9.816,0.058,1549046974527
18,-0.056,-0.235,0.089,-0.875,-9.867,0.761,1549046974546
19,0.116,-0.217,0.111,-0.65,-9.736,0.873,1549046974566
19,0.1,-0.182,0.158,-0.64,-9.985,0.645,1549046974586
19,-0.049,-0.194,0.165,-0.223,-10.292,0.48,1549046974607
19,0.125,-0.223,0.114,0.127,-9.394,-0.151,1549046974626
19,0.252,-0.209,0.089,0.272,-9.738,0.401,1549046974646
19,0.207,-0.235,0.071,0.022,-10.201,0.734,1549046974666
19,0.078,-0.266,0.023,-1.169,-9.704,1.259,1549046974686
19,-0.009,-0.21,0.012,-0.817,-9.711,0.717,1549046974707
19,0.004,-0.257,-0.054,-0.354,-9.967,0.299,1549046974726
19,-0.036,-0.266,-0.089,-0.771,-9.204,1.055,1549046974746
19,-0.073,-0.307,-0.099,-0.28,-9.973,0.574,1549046974766
19,0.02,-0.257,-0.135,-0.843,-9.567,0.736,1549046974787
19,0.089,-0.212,-0.168,-0.973,-9.544,1.053,1549046974807
20,-0.015,-0.218,-0.186,-0.686,-9.761,0.459,1549046974827
20,-0.025,-0.205,-0.191,-0.505,-9.751,0.201,1549046974846
20,-0.11,-0.174,-0.18,-0.384,-10.416,0.595,1549046974867
20,-0.118,-0.179,-0.17,-0.469,-10.162,0.902,1549046974887
20,-0.12,-0.156,-0.164,-0.255,-10.109,0.342,1549046974906
20,-0.104,-0.145,-0.169,-0.609,-9.829,0.161,1549046974926
20,-0.076,-0.088,-0.136,-0.524,-10.448,0.972,1549046974947
20,-0.224,-0.112,-0.134,-0.225,-10.585,1.186,1549046974966
20,-0.141,-0.126,-0.167,0.007,-10.7,0.418,1549046974987
20,0.056,-0.098,-0.187,0.145,-10.199,0.603,1549046975007
20,0.027,-0.082,-0.169,-0.052,-10.58,0.791,1549046975027
20,-0.137,-0.085,-0.17,0.208,-10.79,0.492,1549046975046
21,-0.078,-0.1,-0.213,0.273,-10.245,-0.169,1549046975066
21,-0.047,-0.061,-0.168,0.572,-11.118,0.616,1549046975086
21,-0.138,-0.066,-0.146,0.733,-10.962,0.797,1549046975107
21,-0.267,-0.064,-0.157,0.496,-10.737,0.342,1549046975126
21,-0.262,-0.068,-0.182,0.456,-10.805,0.442,1549046975147
21,-0.064,-0.014,-0.18,0.168,-10.536,0.327,1549046975167
21,-0.079,-0.019,-0.163,0.19,-10.818,0.411,1549046975187
21,-0.184,-0.012,-0.128,0.476,-11.122,0.164,1549046975207
21,-0.411,-0.035,-0.115,0.441,-10.623,0.019,1549046975226
21,-0.425,0.001,-0.097,0.373,-10.917,0.382,1549046975247
21,-0.046,-0.001,-0.12,0.25,-10.91,0.791,1549046975267
22,0.028,-0.006,-0.121,0.226,-10.064,-0.32,1549046975287
22,-0.105,0.023,-0.056,0.196,-10.816,0.172,1549046975307
22,-0.157,0.051,-0.041,0.29,-10.533,0.213,1549046975327
22,0.012,0.095,-0.043,-0.009,-10.579,0.983,1549046975347
22,0.0,0.106,-0.07,0.257,-9.888,-0.232,1549046975367
22,-0.023,0.162,-0.037,0.093,-9.701,-0.421,1549046975387
22,-0.119,0.154,-0.024,0.569,-10.479,-0.017,1549046975407
22,0.015,0.164,-0.035,0.629,-10.574,0.422,1549046975428
22,0.201,0.164,-0.069,0.659,-10.622,0.654,1549046975448
22,0.116,0.155,-0.132,0.619,-9.738,0.167,1549046975468
22,0.01,0.207,-0.136,0.363,-9.507,-0.38,1549046975488
22,-0.011,0.255,-0.112,0.379,-10.24,-0.532,1549046975507
23,0.083,0.27,-0.117,0.732,-9.602,0.524,1549046975527
23,0.023,0.345,-0.09,0.544,-10.734,0.159,1549046975548
23,-0.092,0.389,-0.085,0.765,-10.98,0.203,1549046975568
23,-0.049,0.337,-0.105,0.54,-10.022,0.404,1549046975588
23,-0.323,0.392,-0.043,0.329,-9.992,-0.223,1549046975607
23,-0.514,0.298,-0.025,1.737,-10.036,-2.038,1549046975627
23,-0.134,0.244,0.013,1.248,-9.829,-0.363,1549046975648
23,-0.178,0.405,0.073,0.297,-9.394,-0.183,1549046975668
23,-0.44,0.394,0.075,0.511,-10.224,-1.398,1549046975688
23,0.145,0.407,-0.046,-0.536,-9.3,-1.041,1549046975707
23,0.21,0.36,-0.096,0.137,-9.972,-0.718,1549046975728
23,-0.133,0.294,-0.083,0.308,-9.846,-0.314,1549046975747
24,-0.663,0.243,-0.117,0.118,-11.052,-0.876,1549046975767
24,-0.624,0.249,-0.105,-0.268,-11.234,-0.841,1549046975787
24,-0.11,0.222,-0.081,-0.334,-9.98,-0.23,1549046975808
24,-0.11,0.239,-0.015,-0.284,-9.754,0.227,1549046975828
24,-0.533,0.336,0.126,-0.053,-10.862,0.618,1549046975848
24,-0.77,0.332,0.198,0.24,-11.299,0.825,1549046975868
24,-0.488,0.246,0.185,0.087,-11.168,0.351,1549046975887
24,-0.061,0.154,0.153,0.101,-9.71,-0.046,1549046975907
24,-0.095,0.149,0.188,0.184,-9.89,0.041,1549046975927
24,-0.398,0.217,0.287,0.172,-10.869,0.091,1549046975948
24,-0.521,0.206,0.255,0.008,-10.578,-0.67,1549046975968
24,-0.371,0.14,0.19,0.051,-9.832,-1.212,1549046975988
24,-0.342,0.075,0.158,0.488,-10.177,-1.298,1549046976008
25,-0.45,0.03,0.202,0.657,-10.008,-1.117,1549046976028
25,-0.612,0.038,0.213,0.497,-10.385,-0.822,1549046976048
25,-0.504,-0.014,0.132,0.27,-9.967,-0.871,1549046976067
25,-0.49,-0.031,0.07,-0.136,-10.212,-0.983,1549046976087
25,-0.439,-0.001,0.065,-0.4,-10.79,-0.867,1549046976108
25,-0.2,0.013,0.045,-0.599,-10.669,-1.446,1549046976128
25,0.14,0.014,0.034,-0.409,-10.449,-1.311,1549046976148
25,0.054,-0.029,0.052,-0.336,-10.231,-1.43,1549046976168
25,-0.172,-0.108,0.045,0.065,-9.138,-2.808,1549046976187
25,-0.347,-0.121,0.052,0.815,-9.297,-2.242,1549046976207
25,-0.25,-0.086,0.034,0.633,-10.302,-1.16,1549046976227
26,-0.086,0.0,-0.02,0.267,-10.828,-0.718,1549046976248
26,0.05,-0.038,-0.052,0.432,-10.672,-1.178,1549046976267
26,0.057,-0.019,-0.053,0.381,-9.989,-1.511,1549046976288
26,0.092,-0.029,-0.07,0.159,-10.304,-2.189,1549046976308
26,0.134,-0.044,-0.075,-0.271,-10.215,-1.647,1549046976327
26,0.076,-0.053,-0.077,-0.243,-9.88,-1.469,1549046976348
26,0.009,-0.04,-0.069,-0.223,-10.355,-1.334,1549046976367
26,0.072,-0.016,-0.054,0.07,-10.433,-1.513,1549046976387
26,0.051,-0.017,-0.04,0.356,-10.174,-1.859,1549046976408
26,-0.008,-0.027,-0.025,0.26,-9.948,-1.865,1549046976427
26,-0.034,-0.039,-0.029,0.269,-10.318,-1.753,1549046976448
26,-0.012,-0.037,-0.016,0.127,-10.174,-1.458,1549046976467
26,-0.012,-0.043,-0.02,0.391,-9.982,-1.309,1549046976487
27,0.033,-0.031,-0.029,0.163,-10.365,-1.644,1549046976508
27,0.09,-0.004,-0.024,-0.056,-9.654,-1.604,1549046976527
27,0.146,0.001,-0.032,0.109,-9.858,-1.286,1549046976548
27,0.049,0.006,-0.026,0.0,-10.402,-1.091,1549046976567
27,0.112,-0.016,-0.02,0.206,-10.174,-1.136,1549046976588
27,0.245,0.003,-0.022,0.25,-10.204,-1.247,1549046976608
27,0.271,0.039,-0.013,0.341,-10.575,-0.483,1549046976627
27,0.199,0.025,0.009,0.053,-10.716,-0.873,1549046976647
27,0.099,-0.014,0.016,-0.118,-9.985,-1.07,1549046976667
27,-0.044,-0.042,0.033,-0.153,-9.515,-1.115,1549046976688
27,-0.276,-0.046,0.058,-0.26,-9.127,-0.397,1549046976708
27,-0.85,-0.023,0.122,-0.033,-9.477,-0.411,1549046976727
28,-1.501,0.029,0.221,-0.366,-10.295,-2.378,1549046976748
28,-1.22,0.123,0.245,-0.562,-10.579,-3.224,1549046976768
28,-0.47,0.128,0.29,-0.603,-9.833,-2.898,1549046976788
28,-0.466,0.045,0.335,-0.696,-9.653,-2.806,1549046976808
28,-0.791,-0.009,0.459,-0.687,-9.592,-2.539,1549046976828
28,-1.25,-0.065,0.593,-0.906,-10.562,-3.636,1549046976848
28,-1.069,-0.048,0.71,-0.849,-10.427,-3.221,1549046976868
28,-0.404,-0.108,0.639,-0.271,-8.756,-2.833,1549046976888
28,-0.197,-0.042,0.616,-0.524,-9.085,-3.606,1549046976908
28,-0.508,-0.05,0.674,-0.524,-8.415,-4.079,1549046976928
28,-0.764,0.005,0.738,-0.663,-9.465,-3.553,1549046976948
28,-0.942,0.038,0.713,-1.162,-9.863,-3.446,1549046976968
29,-0.664,0.038,0.658,-0.993,-9.219,-3.382,1549046976988
29,-0.442,0.146,0.65,-1.197,-10.591,-3.727,1549046977008
29,-0.14,0.236,0.653,-1.511,-9.93,-4.203,1549046977028
29,-0.186,0.26,0.75,-1.788,-10.496,-3.632,1549046977048
29,-0.267,0.285,0.809,-1.791,-9.951,-3.487,1549046977068
29,-0.384,0.186,0.713,-1.699,-9.36,-4.814,1549046977088
29,-0.368,0.182,0.655,-1.575,-10.521,-4.619,1549046977109
29,-0.329,0.168,0.623,-2.494,-10.26,-4.388,1549046977128
29,-0.321,0.075,0.553,-2.781,-8.691,-4.563,1549046977148
29,-0.552,-0.068,0.527,-2.395,-7.857,-5.377,1549046977169
29,-0.764,-0.156,0.505,-1.823,-8.934,-5.092,1549046977189
30,-0.969,-0.08,0.549,-2.357,-10.873,-3.382,1549046977208
30,-1.106,-0.03,0.606,-2.421,-10.777,-4.054,1549046977228
30,-0.724,0.065,0.646,-3.016,-8.76,-4.72,1549046977248
30,-0.519,0.102,0.659,-2.907,-9.402,-5.229,1549046977269
30,-0.627,0.11,0.651,-2.768,-9.841,-5.322,1549046977288
30,-0.779,0.059,0.647,-2.803,-10.122,-4.764,1549046977309
30,-0.708,0.004,0.577,-3.11,-10.639,-5.474,1549046977329
30,-0.371,-0.072,0.518,-3.427,-9.11,-5.702,1549046977349
30,-0.264,-0.036,0.487,-4.033,-9.396,-4.891,1549046977368
30,-0.459,-0.14,0.471,-3.788,-9.873,-5.365,1549046977388
31,-0.343,-0.214,0.469,-4.489,-9.112,-4.91,1549046977408
31,-0.073,-0.244,0.439,-4.459,-10.027,-4.728,1549046977429
31,0.106,-0.343,0.443,-4.109,-10.17,-6.358,1549046977448
31,0.34,-0.334,0.48,-4.706,-6.449,-6.418,1549046977469
31,0.245,-0.276,0.531,-4.923,-9.207,-4.576,1549046977489
31,-0.026,-0.429,0.617,-4.451,-10.71,-5.19,1549046977508
31,0.463,-0.409,0.625,-4.248,-9.526,-5.095,1549046977529
31,0.837,-0.372,0.609,-4.398,-8.426,-3.438,1549046977549
31,0.797,-0.174,0.663,-6.197,-6.181,-5.451,1549046977569
31,0.525,-0.301,0.643,-5.624,-8.687,-5.728,1549046977588
31,0.487,-0.427,0.699,-5.243,-8.171,-4.734,1549046977609
31,0.697,-0.446,0.66,-4.734,-8.515,-4.566,1549046977629
32,0.747,-0.392,0.653,-5.05,-8.489,-3.699,1549046977648
32,0.653,-0.383,0.604,-5.317,-9.032,-4.222,1549046977669
32,0.698,-0.36,0.566,-5.305,-7.186,-4.891,1549046977689
32,0.685,-0.351,0.536,-5.741,-7.316,-4.544,1549046977709
32,0.546,-0.371,0.518,-5.39,-8.396,-4.044,1549046977729
32,0.524,-0.379,0.478,-5.46,-7.755,-3.03,1549046977749
32,0.606,-0.333,0.442,-5.049,-8.308,-3.834,1549046977769
32,0.714,-0.301,0.42,-5.36,-7.37,-3.702,1549046977789
32,0.729,-0.157,0.392,-5.842,-7.044,-3.424,1549046977809
32,0.633,-0.183,0.396,-6.003,-7.12,-3.547,1549046977829
32,0.776,-0.17,0.356,-5.436,-7.321,-3.07,1549046977849
32,0.694,-0.127,0.345,-5.516,-7.804,-2.266,1549046977869
33,0.737,-0.106,0.358,-5.824,-7.953,-1.903,1549046977889
33,0.59,-0.126,0.282,-5.955,-6.989,-3.701,1549046977909
33,0.767,-0.026,0.278,-6.278,-6.686,-2.623,1549046977929
33,0.845,-0.042,0.267,-5.969,-7.899,-2.136,1549046977949
33,1.133,-0.051,0.25,-5.592,-7.945,-1.972,1549046977969
33,1.087,0.023,0.194,-5.462,-7.545,-2.62,1549046977989
33,0.696,0.078,0.181,-5.967,-7.505,-2.588,1549046978009
33,0.522,0.037,0.159,-6.374,-6.948,-2.502,1549046978029
33,0.67,-0.018,0.21,-5.928,-7.613,-2.091,1549046978049
33,0.917,-0.014,0.166,-5.593,-7.612,-1.84,1549046978069
33,1.201,0.133,0.167,-6.007,-7.367,-1.436,1549046978089
33,1.052,0.13,0.168,-5.845,-6.983,-1.571,1549046978109
33,0.765,0.165,0.19,-6.057,-7.65,-1.053,1549046978129
34,0.537,0.108,0.165,-2.972,-6.013,-3.888,1549046978150
34,0.477,0.024,0.088,-5.354,-12.842,-0.142,1549046978169
34,0.224,-0.14,0.264,-4.163,-4.844,-1.966,1549046978190
34,0.745,0.219,0.16,-7.994,-7.75,-0.196,1549046978209
34,0.477,0.129,0.23,-5.523,-6.544,-1.577,1549046978230
34,0.536,0.217,0.138,-5.692,-7.4,-0.852,1549046978250
34,0.564,0.262,0.191,-6.036,-7.208,-1.535,1549046978270
34,0.692,0.319,0.175,-5.872,-6.29,-0.682,1549046978289
34,0.425,0.369,0.209,-6.766,-6.619,-0.811,1549046978309
34,0.422,0.425,0.206,-6.771,-6.286,-1.034,1549046978329
34,0.306,0.373,0.143,-6.324,-6.657,-1.463,1549046978349
34,0.198,0.318,0.071,-5.705,-7.489,-0.773,1549046978370
34,0.321,0.356,0.114,-5.869,-7.036,-1.373,1549046978389
34,0.599,0.377,0.022,-6.354,-6.428,-0.871,1549046978409
34,0.569,0.359,0.018,-6.088,-7.67,-0.791,1549046978429
35,0.494,0.334,-0.051,-5.291,-8.477,-1.64,1549046978449
35,0.646,0.43,-0.118,-6.364,-7.01,-0.609,1549046978470
35,0.735,0.45,-0.153,-6.278,-6.776,-1.184,1549046978489
35,0.788,0.4,-0.132,-6.383,-7.424,-0.909,1549046978509
35,0.847,0.431,-0.132,-6.156,-6.937,-1.291,1549046978529
35,0.846,0.563,-0.157,-6.547,-7.142,-0.247,1549046978549
35,0.65,0.561,-0.103,-5.845,-8.808,-0.215,1549046978569
35,0.858,0.702,-0.158,-6.431,-7.288,-0.473,1549046978589
35,0.733,0.759,-0.113,-6.688,-7.698,0.109,1549046978610
35,0.61,0.727,-0.153,-6.279,-7.555,1.049,1549046978629
35,0.776,0.721,-0.218,-6.711,-6.234,0.512,1549046978649
35,0.774,0.721,-0.13,-6.879,-8.082,-0.549,1549046978669
35,0.611,0.74,-0.153,-6.21,-8.17,1.006,1549046978690
35,0.554,0.769,-0.184,-6.567,-7.386,0.958,1549046978710
36,0.397,0.669,-0.222,-6.181,-7.801,0.722,1549046978729
36,0.566,0.591,-0.272,-6.205,-7.796,-0.389,1549046978749
36,0.701,0.579,-0.349,-6.247,-8.345,-0.064,1549046978769
36,0.533,0.549,-0.444,-5.494,-7.908,0.351,1549046978789
36,0.261,0.477,-0.516,-5.682,-7.449,-0.273,1549046978810
36,0.159,0.404,-0.479,-6.066,-8.683,-0.065,1549046978829
36,0.27,0.33,-0.475,-5.283,-8.635,-0.236,1549046978849
36,0.423,0.341,-0.441,-6.444,-7.645,0.551,1549046978870
36,0.308,0.396,-0.395,-6.523,-7.355,0.958,1549046978889
36,0.123,0.41,-0.401,-5.993,-7.426,0.029,1549046978909
36,0.196,0.428,-0.397,-5.317,-8.132,-0.557,1549046978930
37,0.356,0.464,-0.335,-4.446,-9.757,0.614,1549046978950
37,0.337,0.474,-0.38,-5.28,-8.493,0.956,1549046978970
37,0.029,0.493,-0.333,-5.786,-8.176,0.791,1549046978990
37,-0.192,0.454,-0.31,-5.416,-8.25,0.13,1549046979010
37,0.078,0.377,-0.342,-5.096,-8.407,0.426,1549046979029
37,0.403,0.418,-0.354,-4.818,-9.504,0.417,1549046979049
37,0.393,0.409,-0.344,-4.67,-8.627,0.192,1549046979070
37,0.021,0.341,-0.281,-5.299,-8.959,0.312,1549046979090
37,-0.205,0.263,-0.262,-5.293,-9.281,0.523,1549046979110
37,-0.052,0.23,-0.298,-5.361,-8.325,-0.053,1549046979129
37,0.123,0.209,-0.284,-4.94,-8.677,-0.292,1549046979150
38,0.239,0.17,-0.301,-5.092,-9.156,-0.011,1549046979169
38,0.152,0.058,-0.319,-4.589,-10.003,0.074,1549046979190
38,0.019,0.016,-0.323,-4.527,-9.627,-0.121,1549046979210
38,-0.059,0.032,-0.35,-5.199,-8.089,-0.17,1549046979230
38,-0.063,-0.027,-0.335,-5.162,-7.89,-0.324,1549046979250
38,0.014,-0.095,-0.295,-4.651,-9.78,-0.353,1549046979270
38,0.188,-0.054,-0.334,-4.27,-9.236,-0.047,1549046979290
38,0.084,-0.029,-0.375,-4.259,-8.828,-0.269,1549046979310
38,-0.184,-0.111,-0.394,-4.388,-8.353,-0.215,1549046979329
38,-0.185,-0.161,-0.362,-4.36,-9.513,-0.584,1549046979350
38,0.227,-0.104,-0.356,-4.349,-8.987,0.092,1549046979370
39,0.227,-0.048,-0.376,-3.963,-9.478,-0.098,1549046979390
39,0.007,-0.082,-0.406,-3.665,-8.681,-0.413,1549046979410
39,-0.31,-0.128,-0.489,-4.185,-8.169,-0.658,1549046979430
39,-0.292,-0.096,-0.462,-3.57,-10.63,-0.33,1549046979450
39,-0.043,-0.062,-0.466,-4.091,-9.091,0.326,1549046979470
39,-0.044,-0.079,-0.426,-3.601,-9.567,-0.215,1549046979490
39,-0.201,-0.121,-0.43,-3.748,-8.624,-0.484,1549046979510
39,-0.277,-0.149,-0.41,-3.663,-9.627,-1.033,1549046979530
39,-0.03,-0.128,-0.383,-3.984,-9.976,0.631,1549046979550
39,0.036,-0.121,-0.389,-3.441,-9.829,0.124,1549046979570
39,-0.115,-0.137,-0.428,-3.318,-9.182,0.139,1549046979590
40,-0.214,-0.128,-0.397,-4.157,-8.856,-0.339,1549046979610
40,-0.136,-0.103,-0.291,-4.462,-9.82,0.354,1549046979630
40,0.042,-0.026,-0.292,-3.829,-9.421,0.208,1549046979651
40,0.071,0.002,-0.346,-3.584,-9.595,-0.228,1549046979671
40,-0.026,-0.05,-0.34,-2.98,-10.449,-0.207,1549046979691
40,-0.019,-0.082,-0.366,-3.094,-10.76,0.114,1549046979710
40,0.012,-0.085,-0.404,-3.226,-9.764,0.725,1549046979731
40,-0.054,-0.072,-0.422,-3.003,-9.34,-0.37,1549046979751
40,-0.036,-0.043,-0.416,-3.22,-9.146,-1.053,1549046979771
40,-0.001,-0.017,-0.364,-2.663,-10.661,-0.858,1549046979790
40,0.04,0.037,-0.36,-2.176,-10.529,-0.133,1549046979810
40,-0.047,0.023,-0.381,-1.894,-9.953,-0.421,1549046979831
41,-0.179,-0.025,-0.417,-2.906,-9.403,-0.834,1549046979851
41,-0.136,-0.034,-0.286,-2.78,-10.327,-0.63,1549046979870
41,-0.025,-0.003,-0.238,-2.436,-9.959,-0.322,1549046979891
41,0.066,0.037,-0.243,-2.024,-9.823,-0.718,1549046979910
41,0.0,0.011,-0.356,-2.104,-10.497,-0.51,1549046979930
41,-0.17,-0.024,-0.302,-1.921,-10.478,-0.264,1549046979951
41,-0.22,-0.059,-0.27,-2.453,-9.897,-0.741,1549046979971
41,-0.044,-0.056,-0.241,-2.757,-9.843,-0.521,1549046979990
41,0.078,-0.028,-0.219,-2.645,-9.888,-0.349,1549046980011
41,0.041,-0.078,-0.199,-2.23,-9.76,-0.432,1549046980031
41,-0.028,-0.148,-0.182,-1.856,-10.772,-0.088,1549046980050
41,0.045,-0.133,-0.204,-2.378,-9.89,-0.032,1549046980070
42,0.017,-0.124,-0.219,-2.38,-9.394,-0.539,1549046980090
42,0.015,-0.117,-0.215,-2.039,-10.141,-0.551,1549046980111
42,0.02,-0.153,-0.202,-1.689,-11.017,-0.186,1549046980130
42,0.033,-0.159,-0.219,-1.743,-10.772,0.21,1549046980151
42,0.019,-0.212,-0.289,-1.629,-9.489,-0.217,1549046980170
42,-0.078,-0.223,-0.289,-2.586,-8.291,-0.974,1549046980190
42,-0.118,-0.137,-0.24,-2.042,-10.345,-0.507,1549046980211
42,0.127,-0.048,-0.249,-1.936,-9.946,-0.292,1549046980230
42,0.285,-0.049,-0.315,-1.526,-10.905,-0.678,1549046980251
42,0.212,-0.124,-0.319,-1.189,-10.622,-0.249,1549046980271
42,-0.085,-0.23,-0.273,-1.644,-9.717,-0.516,1549046980290
43,-0.217,-0.259,-0.253,-1.919,-9.532,-0.61,1549046980310
43,-0.068,-0.169,-0.213,-1.616,-10.17,0.08,1549046980330
43,-0.019,-0.113,-0.214,-0.612,-11.149,-0.73,1549046980351
43,-0.042,-0.078,-0.215,-0.358,-11.105,-0.865,1549046980370
43,-0.176,-0.102,-0.197,-0.506,-10.852,-0.814,1549046980390
43,-0.237,-0.103,-0.2,-1.629,-9.72,-0.628,1549046980411
43,-0.231,-0.097,-0.176,-1.519,-10.172,-0.587,1549046980430
43,-0.094,-0.094,-0.15,-1.42,-10.299,-0.717,1549046980450
43,-0.075,-0.117,-0.143,-0.768,-10.698,-0.785,1549046980470
43,-0.14,-0.14,-0.143,-1.181,-10.076,-0.379,1549046980490
43,-0.235,-0.205,-0.043,-2.104,-9.425,-0.407,1549046980511
44,-0.232,-0.216,0.012,-1.745,-10.158,-0.552,1549046980530
44,-0.237,-0.193,-0.027,-1.163,-10.855,-0.477,1549046980550
44,-0.173,-0.157,-0.06,-0.945,-11.291,-0.737,1549046980570
44,-0.204,-0.173,-0.107,-1.087,-10.596,-0.464,1549046980590
44,-0.177,-0.182,-0.15,-0.832,-10.084,-0.066,1549046980611
44,-0.102,-0.223,-0.115,-1.034,-9.871,0.718,1549046980631
44,-0.067,-0.277,-0.15,-0.998,-10.743,-0.373,1549046980650
44,0.079,-0.302,-0.198,-0.923,-10.368,-1.258,1549046980670
44,0.186,-0.295,-0.199,-0.878,-10.531,-0.874,1549046980690
44,0.177,-0.327,-0.208,-0.68,-10.235,-0.41,1549046980711
44,0.14,-0.343,-0.197,-0.486,-10.559,0.03,1549046980731
44,0.054,-0.372,-0.17,-1.065,-9.701,0.454,1549046980751
45,0.094,-0.409,-0.191,-0.621,-11.416,-0.811,1549046980770
45,0.254,-0.288,-0.104,-1.305,-10.887,-0.636,1549046980791
45,0.273,-0.246,-0.09,-1.192,-10.833,-0.648,1549046980811
45,0.119,-0.253,-0.061,-0.818,-10.197,-0.536,1549046980830
45,-0.002,-0.308,-0.064,-0.585,-10.473,-0.667,1549046980850
45,0.102,-0.231,-0.046,-1.013,-10.585,-0.555,1549046980870
45,0.21,-0.129,-0.037,-1.068,-9.835,-0.81,1549046980890
45,0.187,-0.156,-0.029,-1.079,-10.068,-1.031,1549046980911
45,0.209,-0.165,-0.062,-1.074,-9.54,-0.987,1549046980931
45,0.243,-0.134,-0.058,-1.201,-10.295,-1.095,1549046980951
45,0.305,-0.127,-0.067,-1.173,-10.568,-1.158,1549046980971
45,0.264,-0.1,-0.073,-1.232,-9.889,-0.676,1549046980991
45,0.065,-0.117,-0.085,-1.109,-10.117,-0.572,1549046981011
45,0.117,-0.057,-0.092,-1.332,-9.441,-0.316,1549046981031
45,0.136,-0.017,-0.059,-1.229,-10.477,-0.928,1549046981052
46,0.144,-0.034,-0.073,-0.607,-10.498,-0.582,1549046981071
46,0.086,-0.033,-0.03,-0.565,-9.878,-0.025,1549046981091
46,-0.002,0.016,0.004,-0.81,-10.464,0.113,1549046981111
46,0.195,0.038,0.0,-0.731,-9.954,0.29,1549046981132
46,0.399,0.103,0.015,-0.836,-10.399,-0.278,1549046981151
46,0.293,0.061,0.037,-0.604,-10.636,-0.679,1549046981172
46,0.129,0.007,0.04,-0.617,-9.801,0.296,1549046981192
46,0.009,0.009,0.035,-0.831,-10.315,0.624,1549046981211
46,0.035,0.014,0.004,-0.71,-10.112,0.158,1549046981232
46,0.13,0.072,0.019,-0.929,-10.04,-0.078,1549046981251
46,0.015,0.013,0.019,-0.624,-10.386,0.442,1549046981271
46,-0.006,-0.017,0.0,-0.548,-10.535,0.553,1549046981291
47,0.015,0.001,-0.002,-0.732,-10.239,0.285,1549046981311
47,-0.005,0.002,-0.013,-0.582,-9.803,-0.233,1549046981331
47,0.014,0.004,0.003,-0.848,-10.533,0.217,1549046981352
47,0.066,0.023,0.026,-0.704,-10.572,0.238,1549046981372
47,0.024,-0.024,0.028,-0.798,-10.537,0.524,1549046981391
47,-0.103,0.008,0.04,-0.706,-9.316,0.298,1549046981412
47,-0.122,0.045,0.024,-0.577,-10.04,0.076,1549046981432
47,0.003,0.052,0.043,-0.696,-10.596,0.468,1549046981452
47,0.12,0.051,0.028,-0.791,-10.47,0.655,1549046981472
47,0.041,0.0,-0.011,-0.768,-10.099,0.151,1549046981492
47,0.072,0.0,-0.026,-0.905,-9.902,-0.001,1549046981511
47,0.128,-0.019,-0.028,-1.023,-9.948,0.279,1549046981531
48,0.08,-0.02,-0.009,-0.743,-10.32,0.315,1549046981552
48,0.04,-0.04,-0.018,-0.552,-10.523,-0.33,1549046981572
48,0.077,-0.025,-0.007,-0.85,-10.173,-0.247,1549046981592
48,0.039,-0.02,0.005,-0.942,-10.147,-0.022,1549046981612
48,-0.032,-0.001,0.001,-0.876,-10.273,0.301,1549046981631
48,-0.049,0.014,-0.006,-0.841,-10.183,0.167,1549046981652
48,-0.039,0.011,0.003,-0.744,-10.116,-0.094,1549046981672
48,-0.067,-0.012,0.01,-0.825,-9.986,0.118,1549046981692
48,-0.051,0.003,0.02,-0.741,-10.336,0.423,1549046981711
48,-0.028,0.011,0.019,-0.713,-10.505,0.304,1549046981732
48,0.041,0.001,0.009,-0.686,-10.229,0.153,1549046981752
49,0.076,-0.015,0.009,-0.679,-10.126,0.327,1549046981772
49,0.041,-0.023,0.012,-0.835,-10.17,0.224,1549046981791
49,0.003,-0.009,0.012,-0.932,-10.301,0.247,1549046981812
49,-0.016,-0.007,0.007,-0.828,-10.26,0.374,1549046981831
49,-0.021,-0.038,-0.01,-0.765,-10.158,0.433,1549046981851
49,0.01,-0.049,-0.028,-0.79,-10.346,0.216,1549046981871
49,0.091,-0.014,-0.014,-1.124,-10.092,0.259,1549046981892
49,0.084,-0.055,-0.018,-0.635,-9.904,0.145,1549046981912
49,-0.028,-0.096,-0.01,-0.496,-10.378,0.284,1549046981932
49,-0.072,-0.065,0.018,-0.804,-10.027,0.064,1549046981951
49,-0.106,-0.061,0.017,-0.917,-9.991,0.036,1549046981972
49,-0.113,-0.066,0.022,-1.007,-10.184,0.318,1549046981993
49,-0.131,-0.049,0.027,-0.897,-9.842,0.171,1549046982012
49,-0.155,-0.046,0.032,-0.748,-10.209,-0.146,1549046982032
49,-0.082,-0.038,0.023,-0.897,-10.273,0.011,1549046982051
50,-0.025,-0.016,0.039,-0.848,-10.099,0.23,1549046982071
50,-0.129,-0.015,0.044,-0.734,-10.149,0.221,1549046982092
50,-0.154,-0.001,0.034,-0.855,-10.301,-0.09,1549046982112
50,-0.025,0.017,0.021,-0.992,-10.223,-0.228,1549046982131
50,-0.102,0.019,0.081,-1.025,-10.524,-0.367,1549046982151
50,-0.19,-0.047,0.053,-0.742,-10.155,-0.032,1549046982171
50,-0.224,-0.02,0.072,-0.719,-10.19,-0.123,1549046982191
50,-0.149,-0.001,0.059,-0.856,-10.323,-0.261,1549046982211
50,-0.097,0.017,0.057,-0.948,-10.065,-0.199,1549046982231
50,-0.183,-0.009,0.069,-1.04,-10.097,-0.051,1549046982252
50,-0.29,-0.042,0.097,-0.987,-10.236,-0.027,1549046982272
51,-0.231,-0.072,0.089,-0.773,-10.216,0.057,1549046982292
51,-0.104,-0.049,0.119,-1.024,-10.266,-0.169,1549046982312
51,-0.079,-0.082,0.127,-0.997,-10.141,0.065,1549046982332
51,-0.099,-0.102,0.136,-1.112,-9.883,0.011,1549046982352
51,-0.127,-0.139,0.149,-1.131,-10.046,-0.198,1549046982372
51,-0.026,-0.149,0.164,-1.238,-10.201,-0.008,1549046982391
51,-0.104,-0.156,0.201,-1.074,-10.48,-0.505,1549046982412
51,0.114,-0.169,0.187,-1.0,-9.715,-0.328,1549046982432
51,0.119,-0.12,0.146,-0.956,-10.424,-0.528,1549046982452
51,0.076,-0.08,0.099,-1.18,-10.416,-0.357,1549046982472
51,-0.05,-0.085,0.051,-1.074,-10.629,-0.707,1549046982492
52,-0.07,-0.057,-0.035,-1.053,-10.485,-0.543,1549046982513
52,0.012,0.017,-0.088,-1.32,-10.234,-0.314,1549046982533
52,-0.037,0.075,-0.115,-1.514,-10.043,-0.235,1549046982553
52,-0.02,0.093,-0.121,-1.399,-9.888,-0.23,1549046982572
52,-0.125,0.108,-0.067,-1.475,-10.011,-0.438,1549046982593
52,-0.22,0.106,-0.024,-1.447,-10.015,-0.637,1549046982612
52,-0.285,0.036,0.018,-0.776,-9.849,-0.238,1549046982633
52,-0.048,0.019,0.01,-0.616,-10.465,0.049,1549046982652
52,0.239,0.166,-0.041,-0.93,-10.708,-0.039,1549046982672
52,0.438,0.271,-0.124,-0.569,-10.542,-0.679,1549046982692
52,0.287,0.295,-0.174,-0.949,-10.231,-0.885,1549046982712
52,0.062,0.29,-0.176,-1.313,-9.992,-0.136,1549046982732
53,0.034,0.22,-0.171,-1.18,-9.859,0.11,1549046982753
53,0.228,0.248,-0.176,-1.123,-10.302,-0.178,1549046982772
53,0.38,0.263,-0.197,-0.901,-10.598,-0.365,1549046982793
53,0.295,0.258,-0.222,-1.026,-10.594,-0.399,1549046982813
53,0.15,0.162,-0.249,-0.938,-10.215,0.339,1549046982833
53,0.102,0.05,-0.26,-0.58,-10.402,0.39,1549046982853
53,0.22,0.036,-0.288,-0.429,-10.309,0.101,1549046982873
53,0.375,0.078,-0.294,-0.467,-10.132,-0.004,1549046982893
53,0.376,0.076,-0.27,-0.53,-10.384,0.298,1549046982912
53,0.369,0.077,-0.248,-0.812,-10.276,0.367,1549046982932
53,0.276,0.118,-0.202,-0.836,-10.237,-0.194,1549046982953
54,0.175,0.048,-0.155,-0.433,-9.847,-0.433,1549046982973
54,0.039,-0.042,-0.109,-0.41,-9.99,0.217,1549046982993
54,0.061,-0.069,-0.084,-0.393,-10.043,0.521,1549046983013
54,0.108,0.017,-0.049,-0.419,-10.07,0.455,1549046983033
54,0.093,0.077,-0.04,-0.383,-10.022,-0.079,1549046983053
54,0.032,0.079,-0.029,-0.487,-10.181,-0.077,1549046983073
54,-0.054,0.046,-0.023,-0.756,-10.047,0.574,1549046983093
54,-0.151,0.02,0.002,-0.73,-10.43,0.567,1549046983113
54,-0.122,-0.012,0.029,-0.487,-10.236,0.422,1549046983132
54,0.022,0.0,0.048,-0.359,-9.792,0.622,1549046983152
54,0.017,0.022,0.063,-0.469,-10.155,0.597,1549046983173
54,-0.003,0.046,0.086,-0.588,-10.299,0.336,1549046983192
