pack,vx,vy,vz,ax,ay,az,time
1,-0.04,-0.132,-0.21,-4.478,-6.756,-7.028,1548692173489
1,-0.027,-0.107,-0.166,-4.354,-6.107,-7.297,1548692173509
1,0.112,-0.091,-0.13,-4.014,-5.746,-6.91,1548692173529
1,0.069,-0.057,-0.112,-4.148,-6.709,-6.823,1548692173549
1,-0.11,0.006,-0.089,-4.171,-6.82,-7.013,1548692173568
1,-0.029,-0.005,-0.077,-3.852,-6.542,-7.037,1548692173588
1,0.005,-0.034,-0.069,-3.731,-6.53,-6.88,1548692173609
1,-0.055,0.0,-0.046,-3.742,-7.224,-6.671,1548692173629
1,-0.062,0.025,-0.029,-3.744,-6.766,-7.041,1548692173648
1,0.063,-0.005,-0.034,-3.584,-6.628,-6.928,1548692173669
1,0.085,-0.011,-0.036,-3.695,-6.724,-6.782,1548692173688
1,0.063,0.017,-0.03,-4.044,-6.784,-7.043,1548692173709
1,0.084,0.006,-0.049,-3.834,-6.726,-6.812,1548692173729
2,0.12,-0.03,-0.063,-3.863,-6.737,-6.799,1548692173749
2,0.123,-0.002,-0.058,-3.923,-6.511,-6.892,1548692173768
2,0.144,0.01,-0.062,-4.046,-6.861,-6.753,1548692173788
2,0.136,0.016,-0.08,-4.17,-6.635,-6.843,1548692173808
2,0.204,-0.013,-0.095,-4.048,-6.238,-6.85,1548692173828
2,0.177,-0.033,-0.089,-4.199,-6.678,-6.973,1548692173848
2,0.095,-0.006,-0.075,-4.438,-6.526,-6.828,1548692173868
2,0.08,-0.016,-0.074,-4.417,-6.419,-6.673,1548692173888
2,0.054,-0.029,-0.083,-4.267,-6.28,-6.809,1548692173908
2,0.005,-0.028,-0.081,-4.165,-6.488,-7.216,1548692173929
2,-0.012,-0.057,-0.093,-3.944,-6.647,-6.912,1548692173948
2,-0.011,-0.074,-0.094,-4.016,-6.809,-7.15,1548692173969
2,-0.001,-0.079,-0.084,-3.92,-6.609,-7.056,1548692173989
2,0.045,-0.119,-0.076,-3.988,-6.609,-7.143,1548692174009
2,0.034,-0.115,-0.057,-3.953,-6.396,-7.169,1548692174029
3,0.12,-0.03,-0.063,-4.209,-6.611,-6.801,1548692174049
3,0.044,-0.132,-0.036,-4.402,-6.519,-6.828,1548692174069
3,0.002,-0.089,-0.026,-4.411,-6.617,-6.938,1548692174088
3,0.011,-0.109,-0.017,-4.56,-6.49,-6.928,1548692174108
3,-0.021,-0.099,-0.021,-4.364,-6.479,-6.688,1548692174128
3,-0.029,-0.097,-0.012,-4.555,-6.557,-6.966,1548692174148
3,-0.075,-0.088,-0.013,-4.37,-6.619,-6.743,1548692174168
3,-0.099,-0.067,-0.008,-4.147,-6.982,-6.774,1548692174188
3,-0.129,-0.085,-0.007,-4.224,-6.713,-6.717,1548692174209
3,-0.099,-0.075,-0.013,-4.314,-7.073,-6.648,1548692174228
3,-0.045,-0.08,-0.022,-4.144,-6.812,-6.749,1548692174248
3,-0.03,-0.072,-0.042,-3.864,-6.898,-6.647,1548692174268
4,0.037,-0.1,-0.044,-3.695,-6.976,-6.485,1548692174288
4,0.026,-0.095,-0.041,-3.788,-6.922,-6.515,1548692174308
4,0.041,-0.065,-0.033,-3.84,-7.149,-6.442,1548692174328
4,0.071,-0.033,-0.032,-3.797,-7.08,-6.384,1548692174349
4,0.141,-0.03,-0.044,-3.848,-6.953,-6.435,1548692174369
4,0.203,-0.027,-0.054,-3.917,-7.106,-6.218,1548692174389
4,0.216,-0.017,-0.065,-4.046,-7.157,-6.172,1548692174408
4,0.218,-0.002,-0.076,-3.996,-7.072,-6.244,1548692174428
4,0.242,0.0,-0.082,-3.926,-6.597,-6.148,1548692174448
4,0.332,-0.014,-0.073,-4.155,-6.938,-6.416,1548692174467
4,0.329,0.016,-0.066,-4.21,-7.224,-6.388,1548692174488
4,0.233,0.065,-0.061,-4.323,-6.931,-6.553,1548692174508
5,0.247,0.072,-0.078,-4.271,-6.812,-6.532,1548692174528
5,0.308,0.064,-0.092,-4.421,-7.12,-6.807,1548692174548
5,0.292,0.022,-0.109,-4.219,-6.857,-6.646,1548692174568
5,0.255,0.028,-0.118,-4.123,-7.094,-6.3,1548692174588
5,0.27,-0.015,-0.112,-4.203,-7.275,-6.023,1548692174608
5,0.19,-0.017,-0.137,-4.089,-6.929,-6.037,1548692174628
5,0.161,-0.013,-0.12,-3.617,-6.925,-7.063,1548692174648
5,0.095,0.002,-0.127,-3.389,-6.925,-7.26,1548692174668
5,0.086,-0.024,-0.12,-3.545,-7.245,-6.233,1548692174687
5,0.149,-0.069,-0.13,-2.788,-7.381,-6.221,1548692174708
6,0.111,-0.083,-0.12,-3.363,-7.202,-6.555,1548692174728
6,0.008,-0.051,-0.089,-3.864,-7.058,-6.369,1548692174747
6,0.084,0.022,-0.016,-4.094,-7.102,-6.093,1548692174767
6,0.208,-0.004,-0.002,-3.93,-7.676,-5.804,1548692174788
6,0.206,-0.008,0.0,-4.472,-7.471,-5.635,1548692174808
6,0.199,-0.013,-0.009,-4.33,-7.25,-6.069,1548692174828
6,0.292,0.004,-0.026,-4.282,-7.452,-6.121,1548692174848
6,0.293,-0.03,-0.049,-4.119,-7.888,-6.073,1548692174868
6,0.243,-0.004,-0.056,-3.954,-7.963,-6.135,1548692174888
6,0.294,-0.026,-0.076,-3.625,-7.548,-5.716,1548692174907
6,0.473,-0.092,-0.083,-3.567,-7.608,-5.595,1548692174928
7,0.581,-0.098,-0.096,-3.717,-8.506,-5.604,1548692174947
7,0.463,-0.072,-0.092,-3.751,-7.898,-5.939,1548692174967
7,0.469,-0.045,-0.088,-3.55,-7.989,-5.671,1548692174987
7,0.601,-0.072,-0.061,-3.803,-7.41,-5.731,1548692175007
7,0.57,-0.084,-0.053,-4.17,-6.645,-5.361,1548692175027
7,0.5,-0.057,-0.027,-3.75,-7.612,-5.238,1548692175047
7,0.257,-0.086,-0.04,-3.413,-7.519,-5.464,1548692175067
7,-0.189,-0.084,0.001,-3.451,-7.612,-6.549,1548692175087
7,-0.337,-0.06,0.075,-3.251,-7.036,-6.293,1548692175107
7,-0.298,-0.029,0.104,-3.975,-6.659,-6.247,1548692175127
7,-0.321,-0.159,0.129,-4.479,-7.701,-5.232,1548692175148
7,-0.591,-0.111,0.152,-5.361,-8.882,-5.543,1548692175167
7,-0.75,-0.01,0.143,-4.971,-8.161,-5.875,1548692175187
8,-0.393,0.055,0.145,-4.403,-6.211,-6.018,1548692175208
8,0.273,-0.064,0.144,-4.216,-7.03,-4.909,1548692175228
8,0.37,-0.087,0.098,-4.395,-8.572,-4.946,1548692175247
8,-0.119,0.06,0.077,-3.684,-8.551,-5.238,1548692175267
8,-0.278,0.139,0.055,-3.578,-7.694,-5.382,1548692175288
8,-0.012,-0.005,-0.003,-3.341,-8.168,-4.959,1548692175308
8,0.264,-0.068,-0.066,-4.149,-8.969,-5.59,1548692175328
8,0.305,-0.064,-0.117,-4.182,-8.938,-6.048,1548692175348
8,0.522,-0.003,-0.118,-3.564,-8.371,-4.93,1548692175367
8,0.909,-0.075,-0.085,-3.955,-8.858,-4.765,1548692175388
8,1.116,-0.147,-0.091,-3.889,-8.274,-4.547,1548692175408
8,1.309,-0.094,-0.133,-3.96,-7.12,-4.603,1548692175427
8,1.703,-0.149,-0.201,-5.014,-8.126,-4.859,1548692175447
8,1.647,-0.1,-0.274,-4.105,-9.102,-4.181,1548692175467
9,1.133,-0.077,-0.355,-4.277,-8.488,-4.632,1548692175488
9,0.674,-0.124,-0.124,-4.706,-8.23,-3.699,1548692175507
9,0.176,0.016,0.0,-4.201,-8.405,-4.1,1548692175528
9,-0.187,0.06,0.017,-3.539,-8.358,-4.166,1548692175547
9,-0.255,0.0,0.036,-3.564,-8.839,-4.366,1548692175568
9,-0.143,-0.057,0.026,-3.91,-8.574,-4.487,1548692175587
9,-0.106,-0.063,0.021,-3.669,-8.239,-3.689,1548692175608
9,0.024,-0.041,0.009,-3.546,-8.487,-3.606,1548692175628
9,0.269,-0.095,-0.001,-4.069,-8.257,-4.256,1548692175647
9,0.42,-0.09,-0.021,-3.991,-7.679,-3.752,1548692175668
9,0.33,-0.014,-0.002,-3.831,-8.615,-3.884,1548692175687
10,0.027,-0.03,-0.009,-3.978,-9.471,-4.17,1548692175708
10,-0.239,-0.007,-0.006,-3.992,-9.164,-3.934,1548692175728
10,-0.172,-0.013,0.014,-3.979,-8.576,-4.14,1548692175747
10,0.032,-0.042,0.027,-4.336,-8.318,-4.243,1548692175767
10,0.092,-0.028,0.028,-4.263,-8.527,-4.281,1548692175787
10,0.089,-0.038,0.023,-4.094,-7.94,-3.655,1548692175807
10,0.152,-0.087,0.012,-3.766,-8.543,-4.213,1548692175827
10,0.143,-0.116,-0.002,-4.712,-8.525,-4.235,1548692175848
10,0.019,-0.089,-0.035,-4.307,-8.865,-4.404,1548692175867
10,0.066,-0.032,-0.058,-4.191,-8.496,-4.346,1548692175888
10,0.113,-0.148,-0.061,-4.244,-8.332,-4.091,1548692175908
10,0.15,-0.127,-0.035,-3.842,-8.112,-3.645,1548692175928
10,0.12,-0.069,-0.031,-3.965,-8.337,-3.84,1548692175947
11,0.003,-0.058,-0.001,-3.852,-9.292,-3.919,1548692175967
11,-0.115,-0.02,0.006,-3.654,-9.29,-4.157,1548692175987
11,-0.176,-0.016,0.013,-3.71,-9.003,-3.93,1548692176007
11,-0.063,-0.004,0.038,-4.016,-8.565,-3.753,1548692176027
11,0.039,0.026,0.043,-3.682,-8.778,-3.645,1548692176047
11,0.09,0.057,0.035,-3.825,-9.048,-3.97,1548692176067
11,0.019,0.021,0.026,-4.146,-8.754,-4.183,1548692176087
11,0.015,0.026,0.021,-4.274,-8.078,-3.777,1548692176107
11,0.111,0.017,0.019,-3.933,-8.338,-3.97,1548692176127
11,0.169,-0.019,0.014,-4.058,-8.571,-4.114,1548692176147
11,0.011,-0.028,0.01,-4.133,-8.457,-3.82,1548692176167
11,-0.024,-0.002,0.013,-4.174,-8.44,-3.816,1548692176187
11,-0.003,0.002,0.007,-3.972,-8.395,-3.782,1548692176208
12,-0.013,0.017,0.018,-4.22,-8.687,-4.062,1548692176227
12,-0.047,0.027,0.028,-3.841,-8.738,-4.066,1548692176247
12,-0.11,0.065,0.03,-3.788,-8.847,-4.153,1548692176268
12,-0.136,0.03,0.045,-3.994,-8.829,-3.91,1548692176286
12,-0.097,0.043,0.047,-4.222,-8.621,-3.903,1548692176307
12,-0.05,0.029,0.045,-3.74,-8.539,-3.651,1548692176327
12,0.027,0.048,0.036,-3.732,-8.624,-3.918,1548692176346
12,0.027,0.037,0.039,-4.063,-9.045,-4.14,1548692176367
12,0.0,0.05,0.028,-3.729,-8.74,-3.57,1548692176387
12,-0.053,0.069,0.025,-3.797,-8.336,-3.353,1548692176407
12,0.046,0.055,0.046,-4.14,-8.774,-4.014,1548692176427
12,0.03,0.075,0.03,-4.14,-8.893,-4.11,1548692176446
13,-0.049,0.094,0.012,-4.154,-8.595,-3.714,1548692176467
13,0.034,0.078,-0.01,-4.102,-8.368,-4.338,1548692176487
13,0.027,0.093,-0.001,-4.314,-8.603,-4.507,1548692176507
13,0.0,0.051,-0.007,-4.186,-8.858,-4.331,1548692176527
13,-0.097,0.034,-0.033,-3.972,-8.739,-4.197,1548692176546
13,-0.115,-0.013,-0.031,-4.134,-8.564,-4.075,1548692176567
13,-0.077,-0.018,-0.037,-3.954,-8.726,-3.891,1548692176586
13,-0.029,-0.014,-0.042,-4.064,-8.352,-4.277,1548692176607
13,-0.027,-0.013,-0.05,-3.671,-8.421,-4.01,1548692176627
13,-0.053,-0.001,-0.046,-3.963,-8.76,-4.07,1548692176646
13,-0.089,-0.011,-0.059,-4.038,-8.714,-4.288,1548692176667
13,-0.122,0.019,-0.042,-3.942,-8.721,-4.344,1548692176686
14,-0.031,-0.001,-0.033,-3.89,-8.47,-4.121,1548692176707
14,0.042,-0.007,-0.036,-3.992,-8.328,-4.248,1548692176727
14,0.057,-0.021,-0.029,-3.954,-8.44,-4.365,1548692176747
14,-0.012,-0.013,-0.019,-4.047,-8.376,-4.281,1548692176767
14,-0.052,-0.023,-0.021,-4.114,-8.494,-4.114,1548692176786
14,-0.049,-0.013,-0.031,-4.305,-8.453,-4.202,1548692176807
14,-0.05,0.037,-0.064,-4.038,-8.962,-4.221,1548692176827
14,-0.052,0.056,-0.065,-4.528,-9.279,-4.806,1548692176847
14,-0.222,0.044,-0.062,-3.773,-10.314,-4.477,1548692176866
14,-0.37,0.093,-0.047,-3.882,-9.087,-4.118,1548692176887
14,-0.196,0.095,0.04,-3.756,-7.794,-3.138,1548692176907
14,0.75,-0.005,0.026,-4.323,-7.583,-3.755,1548692176927
15,1.065,-0.092,-0.014,-4.094,-8.543,-4.058,1548692176946
15,0.641,-0.024,-0.042,-3.976,-9.423,-3.983,1548692176966
15,0.396,0.024,-0.079,-2.822,-9.348,-3.431,1548692176986
15,0.398,0.059,-0.099,-3.472,-9.513,-3.653,1548692177006
15,0.381,-0.051,-0.04,-4.102,-9.201,-3.672,1548692177026
15,0.447,0.016,-0.014,-3.663,-8.876,-3.284,1548692177047
15,0.649,-0.01,-0.021,-3.703,-8.084,-2.85,1548692177067
15,0.832,-0.066,-0.032,-3.595,-8.387,-2.981,1548692177087
15,0.82,-0.018,-0.033,-3.802,-9.258,-3.088,1548692177107
15,0.474,-0.037,-0.065,-3.86,-9.94,-3.071,1548692177127
16,0.205,-0.003,-0.065,-3.978,-9.375,-2.701,1548692177146
16,0.223,-0.009,-0.02,-4.186,-8.633,-2.647,1548692177167
16,0.482,-0.004,0.01,-4.372,-8.666,-2.992,1548692177186
16,0.552,0.024,0.008,-4.135,-8.589,-3.672,1548692177207
16,0.421,0.064,0.001,-3.773,-9.127,-3.042,1548692177227
16,0.399,0.02,-0.015,-3.404,-8.577,-2.525,1548692177246
16,0.402,-0.057,-0.019,-3.745,-8.662,-2.895,1548692177266
16,0.362,-0.106,-0.008,-4.22,-8.962,-2.767,1548692177286
16,0.093,-0.086,-0.042,-3.8,-8.487,-1.97,1548692177306
16,0.04,-0.084,-0.01,-3.81,-9.009,-2.675,1548692177326
16,0.144,-0.128,0.001,-3.635,-9.378,-3.532,1548692177346
16,0.032,-0.08,-0.08,-3.481,-9.421,-2.852,1548692177366
16,-0.05,-0.1,-0.092,-3.986,-9.315,-2.255,1548692177386
17,-0.105,-0.149,-0.048,-4.34,-8.969,-2.416,1548692177406
17,-0.198,-0.091,-0.008,-3.778,-8.674,-2.771,1548692177426
17,-0.14,-0.049,0.061,-3.703,-9.335,-2.492,1548692177446
17,-0.153,-0.113,0.055,-4.009,-9.415,-2.27,1548692177466
17,-0.351,-0.112,0.012,-3.863,-9.494,-1.776,1548692177486
17,-0.499,-0.005,0.025,-3.952,-9.51,-2.7,1548692177506
17,-0.459,0.05,0.043,-4.148,-8.79,-3.342,1548692177526
17,-0.304,0.111,0.049,-3.958,-8.757,-3.355,1548692177546
17,-0.145,0.091,0.038,-3.96,-9.384,-2.432,1548692177566
17,-0.234,-0.002,0.013,-3.637,-10.267,-3.126,1548692177586
17,-0.337,-0.013,0.0,-3.372,-9.327,-3.146,1548692177606
17,-0.257,-0.002,0.013,-3.081,-8.538,-3.169,1548692177626
18,-0.009,0.005,0.032,-3.839,-9.157,-3.048,1548692177647
18,0.012,0.0,0.022,-3.895,-9.197,-2.457,1548692177666
18,-0.131,0.016,0.001,-3.678,-9.195,-3.302,1548692177687
18,-0.1,-0.017,-0.001,-3.939,-9.191,-3.187,1548692177707
18,-0.046,0.009,0.004,-4.096,-9.01,-2.68,1548692177727
18,-0.016,0.017,-0.017,-3.908,-9.004,-2.963,1548692177746
18,-0.035,0.021,-0.041,-3.696,-9.184,-2.862,1548692177765
18,-0.15,0.02,-0.037,-3.541,-9.171,-2.898,1548692177785
18,-0.26,0.022,-0.058,-3.701,-8.969,-3.382,1548692177805
18,-0.414,0.013,-0.082,-3.391,-7.977,-3.876,1548692177825
18,-0.607,0.023,-0.093,-2.821,-7.26,-2.123,1548692177846
18,-0.71,0.02,-0.116,-2.424,-10.584,-5.04,1548692177865
19,-1.643,0.123,-0.099,-4.984,-11.68,-8.133,1548692177886
19,-3.529,0.49,0.112,-4.462,-9.201,-6.82,1548692177905
19,-2.119,0.523,0.367,-4.81,-7.825,-6.141,1548692177926
19,-0.728,0.075,0.302,-4.459,-6.481,-3.8,1548692177946
19,-0.156,-0.173,0.173,-4.224,-5.913,-2.777,1548692177966
19,-0.113,-0.322,0.041,-3.767,-6.792,-4.65,1548692177986
19,-0.67,-0.222,-0.027,-3.696,-7.564,-5.307,1548692178006
19,-1.302,-0.104,0.013,-4.066,-7.193,-5.487,1548692178026
19,-1.288,-0.047,0.001,-3.959,-6.978,-5.297,1548692178046
19,-1.06,0.01,-0.089,-3.905,-8.167,-5.223,1548692178065
19,-1.14,0.011,-0.131,-3.982,-8.316,-5.542,1548692178086
19,-1.149,0.016,-0.137,-4.098,-7.923,-5.936,1548692178106
19,-0.973,0.058,-0.104,-3.204,-7.878,-6.671,1548692178125
20,-0.678,0.069,-0.079,-3.408,-8.372,-6.306,1548692178146
20,-0.359,-0.022,-0.096,-3.453,-8.293,-5.98,1548692178166
20,-0.172,-0.037,-0.127,-2.783,-7.767,-6.943,1548692178186
20,-0.028,-0.01,-0.138,-2.91,-8.001,-6.397,1548692178205
20,-0.165,-0.036,-0.061,-3.51,-7.548,-6.006,1548692178226
20,-0.417,-0.013,-0.037,-3.293,-7.425,-6.622,1548692178245
20,-0.367,0.011,-0.025,-2.736,-7.311,-6.601,1548692178265
20,-0.101,-0.064,-0.015,-3.525,-7.665,-6.252,1548692178286
20,-0.045,-0.106,-0.026,-3.571,-7.275,-6.402,1548692178306
20,-0.357,-0.002,0.012,-3.35,-7.625,-6.703,1548692178325
20,-0.261,-0.037,0.043,-3.809,-7.076,-6.9,1548692178345
20,-0.19,-0.063,0.045,-3.444,-7.518,-6.975,1548692178366
20,-0.209,-0.083,0.04,-3.547,-7.759,-5.799,1548692178386
20,-0.241,-0.185,0.001,-3.802,-7.268,-5.959,1548692178405
21,-0.141,-0.185,0.007,-3.975,-6.649,-7.317,1548692178426
21,0.087,-0.166,0.037,-3.439,-7.843,-6.912,1548692178446
21,0.247,-0.173,0.013,-4.433,-7.05,-6.244,1548692178466
21,0.27,-0.2,-0.032,-4.698,-7.195,-6.427,1548692178485
21,-0.036,-0.084,0.042,-4.532,-6.883,-7.037,1548692178506
21,-0.222,-0.097,0.048,-4.423,-7.294,-6.411,1548692178526
21,-0.059,-0.151,0.026,-4.392,-7.476,-6.121,1548692178545
21,0.167,-0.179,-0.021,-3.984,-6.801,-6.945,1548692178565
21,0.452,-0.134,-0.042,-4.492,-6.735,-6.346,1548692178586
21,0.398,-0.134,0.025,-4.676,-7.007,-6.559,1548692178606
21,0.165,-0.116,0.01,-4.082,-7.305,-6.465,1548692178626
21,0.137,-0.139,-0.01,-4.184,-6.774,-6.575,1548692178646
22,0.175,-0.159,0.038,-4.194,-6.23,-6.766,1548692178665
22,0.124,-0.09,0.115,-4.547,-6.404,-7.047,1548692178685
22,-0.154,-0.076,0.163,-4.348,-7.486,-7.038,1548692178706
22,-0.373,-0.088,0.174,-4.405,-7.354,-6.56,1548692178726
22,-0.334,-0.146,0.143,-4.194,-6.56,-5.274,1548692178745
22,-0.082,-0.193,0.174,-4.279,-6.674,-6.353,1548692178765
22,0.077,-0.181,0.163,-4.462,-5.748,-5.961,1548692178785
22,-0.107,-0.123,0.199,-4.367,-7.727,-5.353,1548692178805
22,-0.265,-0.079,0.196,-5.034,-6.39,-7.178,1548692178826
22,-0.49,-0.092,0.163,-4.968,-5.522,-6.212,1548692178845
22,-0.28,-0.083,0.201,-4.646,-7.107,-5.277,1548692178866
22,-0.176,-0.132,0.083,-4.288,-6.459,-5.534,1548692178885
23,-0.479,-0.063,0.082,-4.553,-6.937,-5.967,1548692178905
23,-0.554,-0.024,0.152,-4.352,-6.336,-4.967,1548692178924
23,-0.706,0.066,0.136,-4.234,-8.246,-7.176,1548692178945
23,-0.53,0.072,0.08,-3.533,-7.182,-6.153,1548692178965
23,-0.357,0.064,0.034,-3.836,-6.804,-5.841,1548692178985
23,-0.107,-0.016,0.052,-4.272,-6.536,-6.524,1548692179005
23,-0.386,0.081,0.058,-3.658,-6.833,-6.478,1548692179025
23,-0.314,0.028,0.043,-3.345,-7.057,-6.659,1548692179045
23,-0.083,-0.118,-0.003,-3.556,-6.53,-6.283,1548692179065
23,-0.009,-0.084,-0.011,-3.795,-5.342,-6.463,1548692179085
23,0.106,-0.016,0.025,-4.276,-6.116,-7.179,1548692179105
23,0.144,0.066,0.06,-4.484,-6.141,-6.749,1548692179126
23,0.083,0.109,0.025,-4.342,-6.632,-6.323,1548692179145
24,-0.004,0.1,0.032,-4.727,-6.719,-6.968,1548692179166
24,-0.089,0.082,0.015,-4.647,-5.474,-7.299,1548692179185
24,-0.115,0.142,0.019,-4.088,-5.679,-7.462,1548692179205
24,0.006,0.084,-0.006,-4.802,-6.167,-7.522,1548692179225
24,-0.088,0.003,-0.067,-4.814,-5.605,-7.226,1548692179245
24,-0.204,0.047,-0.086,-4.589,-6.163,-7.381,1548692179264
24,-0.124,-0.037,-0.112,-4.662,-5.867,-7.591,1548692179285
24,-0.026,-0.069,-0.15,-4.758,-5.963,-7.813,1548692179305
24,0.015,-0.047,-0.134,-4.848,-6.369,-7.35,1548692179325
24,0.105,-0.1,-0.151,-4.77,-5.802,-6.397,1548692179345
24,0.208,-0.171,-0.155,-4.734,-5.087,-7.727,1548692179365
24,0.263,-0.206,-0.111,-4.616,-5.434,-8.756,1548692179385
25,0.149,-0.176,-0.064,-4.249,-6.403,-7.218,1548692179405
25,0.003,-0.186,-0.086,-4.999,-7.018,-6.748,1548692179425
25,-0.066,-0.213,-0.086,-6.388,-5.617,-6.03,1548692179445
25,-0.136,-0.045,-0.031,-5.901,-5.061,-7.017,1548692179464
25,0.024,0.019,0.038,-5.158,-6.08,-6.823,1548692179485
25,0.055,-0.106,0.016,-5.457,-6.747,-6.565,1548692179504
25,-0.107,-0.174,-0.042,-5.299,-6.797,-5.955,1548692179524
25,-0.041,-0.112,-0.056,-5.193,-6.238,-5.558,1548692179545
25,0.238,-0.106,-0.063,-5.618,-5.511,-6.348,1548692179564
25,0.347,-0.045,-0.032,-5.236,-5.729,-7.199,1548692179584
25,0.294,0.083,-0.027,-4.528,-6.463,-6.208,1548692179604
25,0.341,0.012,-0.086,-4.443,-7.246,-5.698,1548692179625
26,0.222,-0.074,-0.093,-4.373,-8.407,-6.35,1548692179644
26,0.059,0.0,-0.058,-4.617,-5.537,-7.501,1548692179665
26,0.326,0.076,-0.062,-4.035,-5.31,-6.331,1548692179685
26,0.675,0.136,-0.009,-4.196,-7.613,-6.325,1548692179705
26,0.433,0.032,-0.137,-4.77,-8.625,-7.076,1548692179724
26,-0.245,0.055,-0.204,-5.247,-6.963,-7.442,1548692179744
26,-0.028,0.025,-0.182,-5.022,-5.809,-6.275,1548692179764
26,0.559,-0.056,-0.159,-5.104,-7.217,-5.971,1548692179784
26,0.537,-0.159,-0.189,-5.452,-6.034,-6.544,1548692179804
26,0.11,-0.149,-0.167,-5.243,-5.257,-6.456,1548692179825
26,0.05,-0.085,0.0,-5.116,-7.068,-5.132,1548692179845
26,-0.007,-0.128,0.059,-5.343,-6.96,-5.532,1548692179864
27,-0.068,-0.158,0.069,-5.203,-6.843,-5.433,1548692179885
27,-0.006,-0.004,0.207,-5.184,-7.174,-5.107,1548692179904
27,0.077,0.055,0.211,-5.48,-7.48,-6.123,1548692179925
27,-0.026,0.07,0.172,-5.236,-6.851,-5.597,1548692179945
27,0.228,0.057,0.103,-4.97,-7.451,-4.584,1548692179965
27,0.421,-0.071,0.028,-4.762,-7.5,-4.485,1548692179985
27,0.349,-0.144,-0.047,-5.02,-7.662,-5.561,1548692180005
27,0.169,-0.136,-0.039,-5.111,-6.457,-4.585,1548692180024
27,0.259,-0.098,-0.069,-5.1,-7.721,-4.908,1548692180044
27,0.498,-0.142,-0.08,-4.818,-8.303,-4.621,1548692180065
27,0.257,-0.159,-0.182,-4.93,-8.028,-5.654,1548692180084
27,0.064,-0.196,-0.18,-5.323,-7.401,-3.283,1548692180104
28,0.178,-0.171,-0.171,-5.03,-8.193,-4.213,1548692180124
28,0.567,-0.183,-0.148,-4.705,-8.386,-5.14,1548692180144
28,0.422,-0.171,-0.178,-4.477,-8.19,-5.609,1548692180164
28,0.365,-0.157,-0.173,-4.438,-7.496,-4.695,1548692180185
28,0.469,-0.184,-0.17,-4.612,-8.658,-4.27,1548692180205
28,0.392,-0.255,-0.211,-5.059,-8.205,-4.741,1548692180224
28,0.244,-0.259,-0.241,-4.977,-8.077,-4.36,1548692180244
28,0.235,-0.233,-0.168,-4.959,-8.376,-4.616,1548692180265
28,0.244,-0.273,-0.187,-4.827,-7.921,-3.846,1548692180284
28,0.484,-0.225,-0.167,-4.787,-8.227,-4.291,1548692180303
28,0.56,-0.212,-0.143,-4.743,-8.558,-4.234,1548692180324
28,0.217,-0.227,-0.15,-5.008,-8.332,-3.984,1548692180344
28,0.256,-0.217,-0.129,-5.146,-8.512,-3.652,1548692180364
28,0.488,-0.222,-0.123,-5.071,-8.549,-4.006,1548692180384
29,0.613,-0.244,-0.123,-4.63,-8.037,-3.759,1548692180403
29,0.661,-0.294,-0.093,-4.483,-8.682,-3.918,1548692180424
29,0.619,-0.322,-0.061,-4.355,-8.778,-4.373,1548692180444
29,0.41,-0.276,-0.062,-4.689,-8.197,-3.884,1548692180464
29,0.469,-0.25,-0.034,-4.205,-8.765,-3.415,1548692180485
29,0.534,-0.247,0.001,-4.142,-8.48,-3.332,1548692180504
29,0.443,-0.258,0.001,-4.191,-8.524,-3.358,1548692180524
29,0.451,-0.167,0.034,-3.998,-8.359,-3.123,1548692180544
29,0.428,-0.057,0.015,-4.113,-8.449,-2.987,1548692180564
29,0.39,0.031,0.006,-4.263,-8.8,-2.745,1548692180584
29,0.429,0.15,-0.025,-3.92,-8.739,-3.344,1548692180604
30,0.425,0.182,-0.05,-4.123,-8.66,-3.3,1548692180624
30,0.481,0.141,-0.057,-4.301,-8.957,-3.262,1548692180644
30,0.516,0.086,-0.065,-4.042,-9.09,-2.867,1548692180664
30,0.575,0.053,-0.076,-4.01,-9.204,-2.673,1548692180684
30,0.573,0.012,-0.127,-4.109,-8.277,-3.181,1548692180703
30,0.577,-0.002,-0.155,-3.904,-8.737,-3.248,1548692180724
30,0.464,0.014,-0.14,-3.864,-9.083,-3.083,1548692180744
30,0.184,-0.011,-0.148,-3.739,-8.788,-3.021,1548692180764
30,0.276,0.022,-0.148,-3.723,-9.464,-2.768,1548692180784
30,0.437,-0.013,-0.172,-3.694,-9.065,-4.003,1548692180804
30,0.37,-0.084,-0.181,-3.888,-8.566,-3.627,1548692180824
30,0.296,-0.17,-0.153,-3.582,-9.378,-2.865,1548692180844
30,0.268,-0.222,-0.084,-3.375,-8.856,-2.846,1548692180864
30,0.074,-0.271,-0.096,-4.119,-8.024,-3.118,1548692180884
30,-0.025,-0.216,-0.088,-4.048,-8.353,-3.264,1548692180904
30,-0.118,-0.148,-0.029,-4.329,-8.539,-4.053,1548692180923
30,-0.2,-0.121,0.029,-4.055,-9.823,-2.986,1548692180943
31,-0.443,-0.089,0.027,-3.834,-9.246,-2.951,1548692180964
31,-0.43,-0.182,0.029,-3.92,-8.846,-3.158,1548692180983
31,-0.302,-0.231,0.016,-4.498,-8.624,-2.458,1548692181004
31,-0.215,-0.174,-0.008,-4.424,-8.878,-2.617,1548692181023
31,-0.281,-0.109,-0.025,-4.266,-8.707,-2.96,1548692181044
31,-0.493,-0.066,-0.024,-4.318,-8.95,-2.328,1548692181064
31,-0.457,-0.042,-0.022,-4.213,-8.634,-1.888,1548692181084
31,-0.483,0.058,-0.057,-4.497,-9.386,-1.834,1548692181104
31,-0.289,0.199,-0.08,-4.153,-9.046,-2.114,1548692181124
31,-0.271,0.274,-0.103,-4.103,-8.871,-2.752,1548692181144
31,-0.142,0.29,-0.128,-3.946,-9.102,-2.517,1548692181164
31,0.075,0.303,-0.18,-4.144,-9.1,-3.038,1548692181183
31,0.238,0.267,-0.226,-4.034,-9.244,-3.668,1548692181204
31,0.193,0.236,-0.262,-3.756,-8.957,-3.764,1548692181223
31,0.11,0.188,-0.259,-3.92,-9.211,-3.257,1548692181244
31,0.278,0.135,-0.251,-3.82,-9.342,-3.412,1548692181263
32,0.373,0.123,-0.24,-3.66,-9.388,-3.475,1548692181284
32,0.33,0.134,-0.191,-3.673,-9.154,-3.939,1548692181304
32,0.233,0.131,-0.131,-3.527,-9.044,-3.23,1548692181324
32,0.268,0.126,-0.094,-3.346,-9.02,-2.924,1548692181343
32,0.261,0.137,-0.095,-3.468,-9.239,-3.22,1548692181364
32,0.225,0.149,-0.095,-3.398,-9.241,-3.497,1548692181384
32,0.014,0.149,-0.09,-3.457,-9.008,-3.418,1548692181404
32,-0.013,0.134,-0.105,-3.297,-9.203,-2.946,1548692181424
32,0.122,0.09,-0.104,-3.315,-9.415,-3.068,1548692181443
32,0.162,0.053,-0.114,-3.341,-9.511,-3.607,1548692181464
32,0.166,0.042,-0.107,-3.283,-9.153,-3.455,1548692181483
32,0.128,0.033,-0.091,-3.416,-9.245,-2.885,1548692181504
32,0.091,0.017,-0.075,-3.523,-9.363,-2.875,1548692181523
33,0.127,-0.007,-0.046,-3.622,-9.267,-3.161,1548692181543
33,0.083,-0.019,-0.032,-3.648,-9.309,-3.055,1548692181563
33,0.043,0.008,-0.015,-3.679,-9.244,-2.733,1548692181584
33,0.011,0.037,-0.004,-3.788,-9.27,-2.538,1548692181603
33,0.014,0.033,0.005,-3.802,-9.122,-2.372,1548692181623
33,0.002,0.011,-0.005,-3.69,-9.256,-2.673,1548692181644
33,0.007,0.025,-0.002,-3.7,-9.413,-2.428,1548692181663
33,0.063,0.043,-0.017,-3.685,-9.045,-2.524,1548692181684
33,0.066,0.061,-0.044,-3.422,-9.183,-2.21,1548692181704
33,0.061,0.098,-0.069,-3.412,-9.361,-1.957,1548692181723
33,-0.03,0.117,-0.091,-3.412,-9.27,-2.156,1548692181743
33,-0.026,0.116,-0.085,-3.258,-9.125,-2.532,1548692181763
33,0.066,0.122,-0.107,-3.101,-9.128,-2.283,1548692181783
34,0.146,0.141,-0.132,-3.035,-9.394,-2.395,1548692181803
34,0.186,0.15,-0.143,-2.996,-9.489,-2.561,1548692181822
34,0.167,0.147,-0.155,-2.927,-9.272,-2.769,1548692181843
34,0.165,0.134,-0.149,-2.945,-9.222,-3.333,1548692181863
34,0.21,0.103,-0.149,-2.903,-9.434,-2.968,1548692181883
34,0.204,0.094,-0.135,-3.089,-9.276,-3.079,1548692181903
34,0.16,0.077,-0.115,-3.134,-9.536,-2.973,1548692181923
34,0.095,0.02,-0.088,-3.225,-9.576,-2.936,1548692181943
34,0.027,-0.059,-0.058,-3.189,-9.636,-2.55,1548692181963
34,0.082,-0.08,-0.042,-3.201,-9.611,-2.958,1548692181983
34,0.132,-0.052,-0.033,-3.354,-9.579,-3.458,1548692182004
34,0.196,-0.016,-0.018,-3.269,-9.64,-2.921,1548692182023
35,0.091,0.012,0.0,-3.368,-9.5,-2.339,1548692182042
35,-0.064,0.006,0.007,-3.358,-9.453,-2.398,1548692182063
35,-0.093,-0.018,0.003,-3.419,-9.265,-2.639,1548692182082
35,-0.011,-0.022,0.004,-3.293,-9.576,-2.627,1548692182102
35,0.045,-0.027,-0.004,-3.104,-9.402,-2.631,1548692182122
35,0.016,-0.027,-0.009,-2.995,-9.296,-2.673,1548692182143
35,-0.034,-0.006,-0.006,-2.991,-9.376,-2.473,1548692182162
35,-0.039,0.003,-0.021,-3.107,-9.298,-2.342,1548692182183
35,-0.033,0.027,-0.033,-3.268,-9.269,-2.593,1548692182202
35,0.014,0.038,-0.05,-3.104,-9.454,-2.401,1548692182223
35,0.08,0.019,-0.068,-3.165,-9.427,-2.676,1548692182242
35,0.033,-0.002,-0.086,-3.043,-9.178,-2.535,1548692182263
35,0.021,-0.011,-0.094,-3.058,-9.284,-2.022,1548692182282
35,-0.003,-0.06,-0.127,-2.926,-9.346,-2.395,1548692182303
36,0.035,-0.067,-0.136,-3.006,-9.383,-2.671,1548692182323
36,0.097,-0.079,-0.14,-3.083,-9.344,-2.656,1548692182343
36,0.088,-0.082,-0.144,-3.071,-9.441,-2.731,1548692182362
36,0.06,-0.082,-0.16,-2.931,-9.494,-2.638,1548692182382
36,0.06,-0.089,-0.172,-2.937,-9.622,-2.467,1548692182402
36,0.041,-0.107,-0.179,-2.913,-9.303,-2.668,1548692182423
36,0.057,-0.085,-0.174,-3.005,-9.519,-2.664,1548692182442
36,0.082,-0.08,-0.166,-2.88,-9.723,-2.611,1548692182462
36,0.027,-0.087,-0.162,-3.476,-10.187,-2.78,1548692182482
36,0.004,-0.105,-0.156,-3.471,-10.471,-2.935,1548692182503
36,0.04,-0.11,-0.146,-3.587,-10.816,-2.259,1548692182523
36,0.09,-0.156,-0.123,-3.335,-9.167,-2.885,1548692182542
36,0.067,-0.165,-0.081,-2.99,-9.738,-2.639,1548692182563
37,0.145,-0.146,-0.054,-2.794,-9.851,-2.502,1548692182583
37,0.136,-0.149,-0.002,-2.661,-10.039,-2.156,1548692182603
37,0.158,-0.111,-0.025,-2.768,-9.773,-2.348,1548692182622
37,0.136,-0.046,0.008,-2.849,-9.636,-2.144,1548692182642
37,0.165,0.057,0.041,-2.97,-9.698,-1.997,1548692182662
37,0.183,0.062,0.087,-3.068,-9.952,-2.074,1548692182682
37,0.214,0.065,0.117,-2.944,-9.576,-2.049,1548692182702
37,0.162,0.114,0.171,-3.008,-9.254,-2.278,1548692182722
37,0.212,0.152,0.175,-2.991,-9.573,-1.813,1548692182742
37,0.298,0.188,0.165,-3.15,-9.502,-1.449,1548692182762
37,0.223,0.191,0.174,-2.934,-9.432,-1.71,1548692182783
37,0.13,0.163,0.148,-2.826,-8.822,-1.99,1548692182802
37,-0.023,0.121,0.107,-2.978,-9.485,-1.688,1548692182823
37,0.05,0.1,0.106,-3.14,-9.628,-1.311,1548692182843
38,0.159,0.041,0.082,-2.92,-9.586,-1.744,1548692182862
38,0.252,0.007,0.074,-3.068,-9.164,-1.749,1548692182882
38,0.291,-0.026,0.021,-3.2,-9.01,-1.851,1548692182903
38,0.447,-0.013,0.003,-2.981,-8.938,-1.555,1548692182923
38,0.529,-0.024,-0.05,-2.833,-10.142,-1.236,1548692182942
38,0.554,-0.088,-0.135,-3.162,-10.024,-1.377,1548692182962
38,0.494,-0.141,-0.182,-3.333,-11.115,-1.311,1548692182982
38,0.335,-0.165,-0.175,-3.314,-9.742,-1.673,1548692183002
38,0.099,-0.058,-0.064,-3.264,-8.784,-1.268,1548692183022
38,0.073,0.045,0.035,-3.288,-9.297,-1.105,1548692183043
38,0.011,0.058,-0.005,-3.043,-9.479,-1.28,1548692183062
39,-0.063,0.042,-0.021,-2.965,-10.293,-1.736,1548692183082
39,-0.02,0.0,-0.03,-3.026,-10.64,-2.122,1548692183102
39,-0.084,-0.017,-0.068,-3.078,-9.73,-1.577,1548692183123
39,0.001,0.005,-0.036,-3.128,-9.647,-1.204,1548692183142
39,0.097,0.009,0.021,-3.027,-9.663,-1.225,1548692183163
39,0.063,0.01,0.035,-3.09,-9.461,-1.18,1548692183183
39,0.064,-0.002,0.031,-2.916,-9.77,-1.523,1548692183202
39,0.021,-0.003,0.017,-2.952,-9.589,-1.417,1548692183222
39,0.037,-0.016,-0.01,-3.025,-9.61,-1.465,1548692183242
39,0.172,0.003,0.001,-3.125,-9.77,-1.484,1548692183262
39,0.134,0.012,0.014,-3.243,-9.96,-1.283,1548692183282
39,0.066,0.013,0.013,-3.122,-9.857,-1.328,1548692183302
39,0.082,0.006,0.014,-3.101,-9.628,-1.203,1548692183322
40,0.167,0.019,0.028,-3.199,-9.757,-1.284,1548692183342
40,0.147,0.044,0.05,-3.196,-9.979,-0.905,1548692183362
40,0.121,0.08,0.021,-3.072,-9.448,-1.347,1548692183382
40,0.121,0.132,0.018,-3.06,-9.505,-1.237,1548692183402
40,0.179,0.142,0.041,-3.01,-9.842,-1.1,1548692183422
40,0.085,0.091,0.01,-3.284,-10.104,-0.736,1548692183442
40,-0.123,0.046,0.008,-2.989,-9.636,-1.521,1548692183463
40,-0.275,0.114,0.021,-2.96,-9.189,-1.955,1548692183482
40,-0.104,0.169,0.071,-3.188,-9.992,-1.587,1548692183502
40,0.022,0.107,0.064,-2.882,-9.795,-1.478,1548692183522
40,0.005,0.11,0.088,-2.978,-9.463,-1.074,1548692183541
40,-0.061,0.106,0.07,-3.077,-9.676,-0.954,1548692183561
40,-0.085,0.089,0.046,-3.053,-9.739,-1.114,1548692183581
40,-0.123,0.069,0.02,-3.104,-9.854,-1.383,1548692183602
41,-0.118,0.063,0.007,-3.164,-9.738,-1.328,1548692183622
41,-0.113,0.064,0.005,-3.116,-9.721,-1.396,1548692183641
41,-0.104,0.045,0.001,-3.101,-9.442,-1.372,1548692183661
41,-0.069,0.011,0.002,-2.982,-9.597,-1.509,1548692183681
41,-0.038,0.005,0.011,-3.185,-9.692,-1.309,1548692183701
41,-0.046,-0.016,0.0,-3.314,-9.67,-0.86,1548692183722
41,-0.027,-0.024,-0.004,-3.183,-9.77,-1.597,1548692183741
41,-0.051,-0.002,-0.011,-2.87,-9.4,-2.079,1548692183762
41,-0.069,0.014,-0.025,-2.924,-9.782,-1.44,1548692183782
41,-0.026,-0.027,-0.032,-2.881,-9.646,-1.724,1548692183802
41,-0.002,-0.03,-0.015,-2.938,-9.678,-1.749,1548692183822
41,0.006,-0.04,-0.006,-3.038,-9.47,-1.466,1548692183841
42,-0.01,-0.05,0.016,-3.064,-9.654,-1.615,1548692183861
42,-0.093,-0.085,0.036,-3.176,-9.885,-1.334,1548692183882
42,-0.042,-0.128,0.048,-3.107,-9.977,-1.131,1548692183901
42,0.03,-0.181,0.043,-3.257,-9.91,-1.143,1548692183922
42,0.048,-0.211,0.005,-3.184,-9.727,-1.435,1548692183942
42,-0.035,-0.229,-0.025,-3.295,-9.722,-1.538,1548692183961
42,-0.126,-0.233,-0.046,-3.207,-9.382,-1.435,1548692183982
42,-0.178,-0.201,-0.04,-3.179,-9.591,-1.759,1548692184002
42,-0.265,-0.163,-0.018,-3.26,-9.755,-1.521,1548692184022
42,-0.316,-0.16,-0.017,-3.394,-10.196,-1.919,1548692184042
42,-0.459,-0.127,0.017,-3.075,-10.033,-2.403,1548692184062
42,-0.765,-0.069,0.025,-3.058,-10.055,-2.56,1548692184082
43,-0.789,-0.006,0.053,-3.103,-10.264,-2.362,1548692184102
43,-0.847,0.079,0.093,-3.025,-8.413,-2.425,1548692184122
43,-0.857,0.137,0.146,-3.11,-8.844,-2.5,1548692184141
43,-0.861,0.178,0.077,-3.028,-9.109,-2.71,1548692184161
43,-1.039,0.14,0.057,-3.151,-9.452,-3.165,1548692184181
43,-0.82,0.089,0.074,-3.4,-9.215,-2.791,1548692184201
43,-0.63,0.072,0.122,-3.782,-8.522,-2.412,1548692184221
43,-0.589,0.16,0.197,-3.814,-9.152,-2.95,1548692184242
43,-0.89,0.154,0.157,-3.577,-9.558,-3.402,1548692184262
43,-1.205,0.047,0.083,-3.369,-9.183,-3.522,1548692184281
43,-0.79,-0.041,0.08,-3.262,-9.206,-3.58,1548692184301
43,-0.378,-0.101,0.105,-3.16,-9.434,-3.981,1548692184321
43,-0.273,-0.123,0.127,-3.224,-8.908,-3.926,1548692184342
43,-0.217,-0.126,0.119,-3.425,-9.601,-4.063,1548692184362
43,-0.166,-0.092,0.132,-3.681,-9.613,-4.492,1548692184382
43,-0.278,-0.09,0.162,-3.708,-9.408,-4.102,1548692184401
43,-0.14,-0.113,0.186,-3.501,-8.809,-4.062,1548692184421
44,-0.244,-0.098,0.225,-3.81,-9.434,-4.006,1548692184441
44,-0.28,-0.087,0.242,-4.326,-9.17,-3.88,1548692184461
44,-0.272,-0.059,0.256,-4.047,-9.02,-3.394,1548692184481
44,-0.123,0.019,0.298,-4.021,-9.067,-3.075,1548692184501
44,-0.213,0.006,0.303,-4.235,-9.557,-3.512,1548692184521
44,-0.185,-0.067,0.278,-4.462,-9.073,-4.226,1548692184541
44,-0.056,-0.087,0.281,-4.399,-8.261,-4.015,1548692184562
44,0.273,-0.057,0.329,-4.122,-9.045,-3.045,1548692184581
44,0.25,-0.007,0.326,-4.402,-9.416,-2.704,1548692184601
44,-0.061,0.07,0.287,-4.458,-9.027,-2.537,1548692184621
44,-0.229,0.121,0.265,-4.252,-9.679,-2.85,1548692184641
44,-0.041,0.078,0.224,-4.084,-9.245,-2.999,1548692184661
44,0.119,0.013,0.187,-3.917,-9.047,-3.701,1548692184682
44,0.256,0.002,0.198,-3.71,-9.286,-3.916,1548692184701
