pack,vx,vy,vz,ax,ay,az,time
1,0.033,-0.001,-0.012,0.143,-8.647,-5.606,1549046823876
1,0.015,-0.012,-0.013,0.284,-8.557,-5.754,1549046823895
1,0.005,-0.007,-0.007,0.171,-8.726,-5.712,1549046823915
1,-0.008,0.005,-0.002,0.091,-8.444,-5.648,1549046823936
1,-0.045,-0.006,-0.002,0.071,-8.515,-5.623,1549046823956
1,-0.074,-0.024,0.001,0.038,-8.6,-5.655,1549046823976
1,-0.083,-0.054,0.003,0.007,-8.433,-5.812,1549046823996
1,-0.11,-0.088,0.003,-0.046,-8.553,-5.855,1549046824016
1,-0.143,-0.119,-0.002,-0.056,-8.58,-5.853,1549046824035
1,-0.184,-0.152,-0.005,-0.084,-8.726,-5.937,1549046824056
1,-0.177,-0.171,-0.034,0.013,-8.71,-5.962,1549046824076
1,-0.159,-0.213,-0.058,0.093,-8.518,-5.953,1549046824096
2,-0.148,-0.251,-0.059,-0.04,-8.403,-6.036,1549046824116
2,-0.141,-0.298,-0.085,0.057,-8.545,-5.802,1549046824136
2,-0.152,-0.347,-0.105,-0.03,-8.749,-5.723,1549046824156
2,-0.135,-0.384,-0.105,-0.155,-8.649,-5.9,1549046824176
2,-0.138,-0.408,-0.098,-0.166,-8.14,-5.877,1549046824196
2,-0.185,-0.443,-0.094,0.039,-8.125,-5.736,1549046824216
2,-0.208,-0.466,-0.099,-0.059,-8.779,-5.67,1549046824236
2,-0.224,-0.484,-0.08,-0.194,-8.759,-6.053,1549046824256
2,-0.19,-0.512,-0.075,-0.252,-8.497,-6.096,1549046824276
2,-0.185,-0.558,-0.096,-0.296,-9.039,-5.785,1549046824296
2,-0.117,-0.579,-0.128,-0.372,-9.02,-5.842,1549046824316
2,-0.041,-0.559,-0.135,-0.742,-8.328,-6.042,1549046824335
3,-0.099,-0.569,-0.16,-0.247,-8.848,-6.392,1549046824355
3,-0.115,-0.561,-0.219,-0.45,-9.247,-6.097,1549046824377
3,0.014,-0.547,-0.251,-1.125,-8.739,-6.099,1549046824395
3,0.047,-0.586,-0.281,-1.147,-8.483,-6.473,1549046824416
3,0.163,-0.673,-0.34,-0.773,-7.456,-7.15,1549046824436
3,0.293,-0.728,-0.377,-0.536,-7.669,-5.795,1549046824457
3,0.173,-0.825,-0.305,-0.887,-8.887,-5.373,1549046824475
3,0.03,-0.86,-0.25,-1.251,-7.926,-7.218,1549046824496
3,-0.02,-0.889,-0.121,-0.682,-6.384,-7.299,1549046824516
3,-0.191,-0.978,-0.086,-0.315,-7.336,-6.112,1549046824536
3,-0.443,-1.057,-0.072,-0.736,-10.424,-6.542,1549046824556
3,-0.272,-1.085,-0.024,-0.522,-9.023,-7.879,1549046824576
3,-0.004,-1.083,-0.01,0.465,-6.047,-7.205,1549046824596
4,-0.281,-1.066,-0.103,-0.59,-7.282,-6.867,1549046824616
4,-0.588,-1.018,-0.092,-1.416,-9.502,-6.467,1549046824636
4,-0.545,-1.027,-0.05,-0.988,-8.888,-7.33,1549046824656
4,-0.46,-0.999,0.017,-1.048,-7.521,-7.445,1549046824676
4,-0.442,-0.772,-0.016,-1.956,-8.414,-6.156,1549046824696
4,-0.647,-0.867,-0.007,-1.766,-9.548,-7.52,1549046824717
4,-0.427,-0.839,-0.05,-1.796,-8.597,-7.135,1549046824736
4,-0.324,-0.77,-0.072,-1.529,-7.594,-7.135,1549046824756
4,-0.517,-0.793,-0.096,-1.85,-7.412,-6.949,1549046824776
4,-0.505,-0.698,-0.117,-2.845,-7.567,-5.766,1549046824796
4,-0.579,-0.77,-0.15,-1.866,-10.015,-7.136,1549046824817
5,-0.347,-0.864,-0.13,-1.974,-7.821,-7.3,1549046824836
5,-0.141,-0.589,-0.073,-2.795,-5.654,-7.74,1549046824856
5,-0.523,-0.763,-0.04,-2.079,-7.129,-7.224,1549046824876
5,-0.749,-0.893,0.006,-2.144,-10.136,-6.441,1549046824897
5,-0.371,-0.719,0.043,-2.927,-7.562,-6.891,1549046824917
5,-0.103,-0.729,0.031,-2.6,-6.242,-7.756,1549046824936
5,-0.384,-0.749,0.094,-2.957,-6.973,-7.419,1549046824956
5,-0.554,-0.772,0.131,-3.097,-7.665,-6.924,1549046824976
5,-0.527,-0.849,0.126,-2.733,-7.899,-7.079,1549046824996
5,-0.38,-0.847,0.099,-3.137,-6.747,-7.012,1549046825017
5,-0.358,-0.783,0.066,-3.472,-6.809,-7.345,1549046825036
5,-0.389,-0.795,0.041,-3.214,-6.684,-7.255,1549046825056
6,-0.389,-0.764,0.018,-3.118,-7.875,-6.549,1549046825077
6,-0.317,-0.667,0.042,-3.551,-7.125,-6.717,1549046825097
6,-0.167,-0.609,0.047,-3.473,-6.068,-7.053,1549046825117
6,-0.212,-0.625,0.066,-3.476,-5.333,-7.293,1549046825136
6,-0.299,-0.603,0.109,-3.332,-6.547,-6.785,1549046825156
6,-0.379,-0.558,0.132,-3.551,-7.529,-6.859,1549046825176
6,-0.177,-0.476,0.128,-3.468,-6.553,-6.556,1549046825196
6,-0.126,-0.438,0.136,-3.634,-6.218,-7.336,1549046825217
6,-0.127,-0.408,0.121,-3.882,-6.253,-7.042,1549046825237
6,-0.127,-0.452,0.13,-4.129,-7.575,-6.579,1549046825256
6,-0.103,-0.477,0.115,-4.023,-6.56,-6.955,1549046825276
6,0.021,-0.553,0.021,-3.494,-6.48,-7.062,1549046825297
6,0.11,-0.488,-0.009,-3.973,-6.743,-6.741,1549046825317
7,0.211,-0.385,-0.01,-4.209,-5.589,-7.247,1549046825337
7,0.215,-0.382,-0.015,-4.004,-6.288,-6.18,1549046825357
7,0.152,-0.37,-0.026,-4.158,-7.108,-5.892,1549046825377
7,0.189,-0.294,-0.015,-4.474,-6.237,-6.718,1549046825397
7,0.143,-0.282,-0.018,-4.482,-6.013,-6.813,1549046825417
7,0.111,-0.309,-0.025,-4.309,-6.394,-6.38,1549046825437
7,0.13,-0.289,-0.018,-4.546,-5.906,-6.081,1549046825457
7,0.055,-0.26,-0.001,-4.548,-6.881,-5.783,1549046825477
7,-0.023,-0.322,-0.033,-4.496,-6.362,-6.642,1549046825497
7,0.146,-0.293,-0.048,-4.853,-5.955,-6.398,1549046825516
7,0.082,-0.277,-0.031,-4.82,-6.071,-6.663,1549046825537
8,0.021,-0.285,-0.033,-4.414,-6.62,-5.755,1549046825557
8,-0.068,-0.253,-0.009,-4.47,-7.301,-5.482,1549046825577
8,-0.038,-0.209,0.012,-4.654,-6.545,-6.449,1549046825597
8,0.041,-0.176,0.019,-4.721,-5.958,-6.744,1549046825617
8,-0.027,-0.146,0.045,-4.914,-6.278,-6.011,1549046825637
8,-0.19,-0.136,0.08,-4.867,-6.4,-5.89,1549046825658
8,-0.199,-0.119,0.097,-4.87,-7.25,-6.141,1549046825678
8,0.041,-0.066,0.084,-4.889,-6.143,-6.886,1549046825697
8,0.151,-0.008,0.08,-4.931,-6.416,-6.284,1549046825717
8,0.0,0.044,0.12,-5.046,-6.862,-5.877,1549046825737
8,-0.004,0.037,0.135,-5.017,-6.866,-6.236,1549046825757
8,0.097,0.069,0.139,-5.203,-6.503,-6.413,1549046825777
8,0.068,0.115,0.143,-5.233,-6.722,-5.747,1549046825797
9,0.011,0.121,0.141,-5.532,-6.926,-5.598,1549046825818
9,0.088,0.053,0.095,-5.531,-6.979,-5.428,1549046825837
9,0.211,0.006,0.045,-5.147,-6.773,-5.931,1549046825857
9,0.255,-0.007,0.025,-4.975,-6.699,-5.733,1549046825877
9,0.147,0.045,0.044,-5.072,-6.374,-5.84,1549046825897
9,0.023,0.081,0.075,-5.092,-7.072,-5.518,1549046825918
9,-0.022,0.069,0.058,-4.992,-7.612,-5.933,1549046825937
9,0.115,0.062,-0.012,-4.771,-7.401,-5.965,1549046825957
9,0.158,0.066,-0.057,-4.743,-7.55,-5.574,1549046825977
9,0.091,0.03,-0.094,-4.801,-7.125,-6.181,1549046825997
9,0.084,-0.026,-0.094,-4.728,-7.257,-6.064,1549046826017
9,0.138,-0.059,-0.084,-4.87,-7.094,-5.408,1549046826037
10,0.155,-0.069,-0.076,-5.021,-6.924,-5.709,1549046826057
10,0.051,-0.127,-0.063,-4.93,-7.126,-5.829,1549046826078
10,0.085,-0.123,-0.069,-5.092,-7.281,-5.671,1549046826097
10,0.097,-0.097,-0.072,-5.246,-6.53,-4.714,1549046826118
10,-0.158,-0.133,-0.086,-5.281,-6.969,-5.42,1549046826138
10,-0.278,-0.134,-0.092,-5.002,-7.194,-5.129,1549046826157
10,-0.154,-0.082,-0.097,-4.759,-6.853,-5.345,1549046826177
10,-0.04,-0.079,-0.057,-5.2,-6.823,-5.305,1549046826197
10,-0.16,-0.118,-0.012,-5.25,-7.264,-5.098,1549046826218
10,-0.317,-0.226,-0.056,-4.978,-7.646,-5.911,1549046826238
10,-0.204,-0.228,-0.062,-4.933,-7.456,-5.661,1549046826258
10,0.001,-0.181,-0.038,-5.308,-6.842,-5.364,1549046826277
11,0.16,-0.203,-0.034,-5.693,-6.531,-5.504,1549046826298
11,0.112,-0.271,-0.032,-5.171,-7.342,-5.291,1549046826318
11,0.139,-0.288,-0.007,-4.473,-7.777,-5.452,1549046826337
11,0.442,-0.233,-0.005,-4.737,-6.907,-4.195,1549046826358
11,0.277,-0.241,-0.003,-4.736,-6.963,-5.123,1549046826378
11,0.212,-0.198,0.018,-4.765,-6.866,-5.423,1549046826398
11,0.122,-0.183,-0.086,-4.296,-7.444,-5.403,1549046826418
11,0.171,-0.047,-0.064,-4.793,-6.449,-5.122,1549046826437
11,0.248,-0.001,-0.057,-4.396,-7.475,-4.945,1549046826458
11,0.256,-0.031,-0.098,-4.597,-7.632,-4.395,1549046826478
11,0.231,0.034,-0.114,-4.458,-7.381,-4.529,1549046826498
12,0.325,0.098,-0.133,-4.833,-7.934,-3.522,1549046826518
12,0.362,0.038,-0.217,-4.059,-7.823,-4.72,1549046826538
12,0.474,0.146,-0.248,-4.881,-6.595,-4.181,1549046826557
12,0.274,0.169,-0.265,-4.329,-8.359,-3.311,1549046826578
12,0.427,0.132,-0.31,-4.911,-8.121,-3.201,1549046826598
12,0.674,0.064,-0.381,-4.547,-7.58,-4.385,1549046826618
12,0.812,0.138,-0.38,-4.426,-7.323,-4.309,1549046826638
12,0.634,0.224,-0.375,-3.816,-8.683,-4.45,1549046826658
12,0.626,0.231,-0.414,-4.582,-8.46,-3.361,1549046826678
12,0.678,0.185,-0.469,-4.308,-8.201,-3.964,1549046826698
12,0.772,0.227,-0.461,-3.959,-8.244,-4.502,1549046826718
12,0.716,0.225,-0.457,-4.29,-8.613,-4.238,1549046826738
13,0.959,0.206,-0.437,-4.358,-8.08,-4.221,1549046826758
13,1.151,0.181,-0.42,-4.121,-8.597,-4.157,1549046826778
13,0.94,0.178,-0.418,-3.978,-8.968,-4.494,1549046826799
13,0.529,0.187,-0.434,-4.155,-9.241,-4.193,1549046826819
13,0.531,0.126,-0.445,-4.11,-8.818,-4.214,1549046826839
13,0.726,0.083,-0.438,-3.928,-9.209,-3.736,1549046826859
13,0.693,0.009,-0.45,-3.775,-8.593,-3.789,1549046826879
13,0.577,0.005,-0.42,-3.859,-9.802,-2.956,1549046826899
13,0.537,-0.039,-0.411,-3.588,-9.046,-3.678,1549046826918
13,0.548,-0.037,-0.378,-3.82,-8.675,-3.649,1549046826938
13,0.455,0.071,-0.337,-3.49,-9.444,-3.186,1549046826958
13,0.366,0.094,-0.356,-3.204,-9.498,-2.285,1549046826978
13,0.378,0.036,-0.372,-3.238,-9.515,-2.143,1549046826998
13,0.441,0.022,-0.37,-2.932,-9.129,-3.087,1549046827019
14,0.388,0.034,-0.378,-2.546,-9.803,-3.046,1549046827039
14,0.198,0.025,-0.385,-3.044,-9.338,-3.048,1549046827058
14,0.139,-0.048,-0.388,-2.84,-9.547,-2.644,1549046827079
14,0.376,-0.108,-0.368,-2.567,-9.768,-2.517,1549046827098
14,0.495,-0.118,-0.367,-2.662,-9.898,-2.369,1549046827119
14,0.539,-0.146,-0.368,-2.65,-10.108,-2.882,1549046827139
14,0.322,-0.178,-0.394,-2.592,-9.558,-2.902,1549046827158
14,0.219,-0.138,-0.372,-2.595,-9.416,-2.921,1549046827179
14,0.201,-0.103,-0.32,-2.732,-9.707,-1.825,1549046827199
14,0.114,-0.148,-0.293,-2.795,-9.783,-2.032,1549046827219
14,0.123,-0.21,-0.28,-2.776,-9.852,-2.65,1549046827238
14,0.208,-0.245,-0.278,-2.486,-9.707,-3.492,1549046827259
15,0.234,-0.25,-0.275,-2.908,-9.854,-1.125,1549046827279
15,0.085,-0.302,-0.293,-2.906,-9.898,-2.072,1549046827299
15,-0.006,-0.367,-0.27,-2.974,-9.888,-2.087,1549046827319
15,0.013,-0.383,-0.268,-2.638,-10.176,-3.481,1549046827338
15,0.072,-0.323,-0.265,-2.455,-10.137,-2.226,1549046827359
15,-0.076,-0.316,-0.267,-2.706,-9.982,-2.267,1549046827379
15,0.086,-0.378,-0.235,-2.389,-10.162,-2.572,1549046827399
15,0.198,-0.346,-0.198,-2.589,-8.881,-2.967,1549046827419
15,0.081,-0.264,-0.124,-2.249,-10.76,-1.356,1549046827439
15,0.052,-0.204,-0.073,-2.401,-9.998,-2.463,1549046827459
15,0.123,-0.179,-0.08,-2.718,-10.474,-1.854,1549046827479
15,0.051,-0.202,-0.105,-2.563,-9.436,-2.82,1549046827499
15,0.2,-0.163,-0.104,-2.54,-10.218,-1.767,1549046827519
15,0.059,-0.155,-0.103,-2.615,-10.02,-2.009,1549046827539
16,-0.014,-0.141,-0.074,-2.449,-9.286,-3.09,1549046827558
16,0.056,-0.096,-0.034,-2.238,-9.918,-2.649,1549046827579
16,0.169,-0.036,-0.026,-2.274,-10.405,-2.269,1549046827599
16,0.009,-0.087,-0.06,-2.075,-9.943,-2.061,1549046827619
16,-0.018,-0.096,-0.062,-1.95,-9.723,-2.46,1549046827639
16,0.166,-0.055,-0.025,-1.729,-10.184,-1.804,1549046827659
16,0.269,-0.015,0.05,-2.276,-9.264,-2.865,1549046827679
16,0.093,-0.037,0.137,-2.193,-9.646,-2.011,1549046827699
16,-0.006,-0.012,0.215,-2.174,-9.267,-3.031,1549046827719
16,0.157,0.048,0.296,-1.965,-9.667,-2.669,1549046827739
16,0.005,0.162,0.381,-1.87,-9.74,-3.531,1549046827759
17,-0.477,0.211,0.472,-2.583,-8.077,-3.277,1549046827779
17,-1.078,0.227,0.527,-2.543,-9.948,-1.951,1549046827799
17,-1.295,0.24,0.566,-2.187,-11.093,-2.929,1549046827819
17,-1.17,0.251,0.645,-2.647,-9.63,-3.146,1549046827840
17,-1.302,0.189,0.694,-2.89,-9.594,-3.99,1549046827859
17,-1.368,0.148,0.718,-3.179,-9.841,-3.543,1549046827880
17,-1.47,0.06,0.733,-3.698,-9.55,-3.182,1549046827900
17,-1.575,-0.015,0.778,-3.328,-9.995,-3.644,1549046827919
17,-1.488,0.005,0.921,-4.265,-9.463,-3.143,1549046827939
17,-1.416,-0.025,0.992,-3.5,-8.694,-4.088,1549046827959
17,-1.501,0.062,1.1,-3.833,-9.032,-4.621,1549046827980
17,-1.425,0.178,1.157,-3.967,-8.174,-4.415,1549046827999
18,-1.015,0.235,1.207,-5.198,-8.139,-3.983,1549046828020
18,-1.044,0.163,1.245,-4.939,-7.712,-4.614,1549046828040
18,-1.053,0.199,1.283,-4.318,-8.136,-5.95,1549046828060
18,-0.65,0.322,1.342,-4.276,-7.987,-4.784,1549046828080
18,-0.224,0.492,1.331,-5.099,-8.303,-3.696,1549046828100
18,-0.029,0.549,1.282,-5.562,-8.595,-5.08,1549046828120
18,0.247,0.509,1.25,-6.037,-7.752,-4.154,1549046828140
18,0.708,0.398,1.083,-6.332,-7.197,-3.658,1549046828160
18,0.647,0.262,0.939,-6.372,-8.282,-4.238,1549046828180
18,0.733,0.199,0.841,-6.301,-8.307,-5.733,1549046828200
18,0.946,0.126,0.801,-5.788,-7.58,-5.854,1549046828220
18,0.658,0.008,0.717,-6.307,-7.224,-3.952,1549046828240
18,0.003,-0.271,0.585,-6.583,-8.657,-3.395,1549046828260
19,0.353,-0.514,0.528,-6.711,-8.524,-4.379,1549046828280
19,1.395,-0.604,0.562,-6.531,-6.986,-4.745,1549046828300
19,1.348,-0.635,0.468,-6.442,-6.015,-5.626,1549046828320
19,0.474,-0.717,0.291,-5.84,-6.649,-5.785,1549046828340
19,-0.032,-0.674,0.166,-5.596,-7.327,-5.029,1549046828360
19,0.157,-0.594,0.055,-5.588,-7.385,-4.135,1549046828380
19,0.342,-0.572,-0.031,-5.648,-6.53,-4.64,1549046828400
19,0.593,-0.433,-0.082,-5.798,-6.116,-5.273,1549046828420
19,0.422,-0.324,-0.104,-6.03,-6.536,-3.802,1549046828440
19,0.168,-0.306,-0.125,-5.879,-7.383,-2.905,1549046828460
19,0.213,-0.296,-0.189,-5.569,-7.049,-3.769,1549046828480
19,0.568,-0.225,-0.249,-6.294,-5.302,-4.651,1549046828499
19,0.664,-0.116,-0.264,-6.566,-6.593,-2.138,1549046828520
19,0.317,-0.151,-0.291,-6.317,-7.543,-2.37,1549046828540
20,0.255,-0.173,-0.368,-5.916,-7.316,-3.584,1549046828559
20,0.469,-0.113,-0.419,-6.018,-6.697,-4.51,1549046828580
20,0.722,-0.042,-0.39,-5.97,-7.375,-3.093,1549046828600
20,0.532,-0.099,-0.403,-5.788,-8.08,-1.968,1549046828620
20,0.383,-0.163,-0.45,-5.21,-8.684,-3.008,1549046828640
20,0.562,-0.172,-0.507,-5.409,-6.757,-5.165,1549046828660
20,0.82,-0.084,-0.458,-5.753,-7.279,-2.369,1549046828680
20,0.713,-0.132,-0.435,-5.818,-7.758,-1.409,1549046828700
20,0.629,-0.172,-0.421,-5.78,-8.022,-0.529,1549046828720
20,0.457,-0.212,-0.427,-4.824,-10.14,-3.405,1549046828740
20,0.731,-0.19,-0.508,-5.851,-6.063,-2.814,1549046828760
21,0.845,-0.052,-0.447,-5.09,-8.522,-1.755,1549046828780
21,0.82,-0.035,-0.445,-5.728,-7.339,-0.355,1549046828800
21,0.683,-0.052,-0.436,-5.028,-9.158,-0.63,1549046828820
21,0.598,-0.134,-0.428,-5.543,-7.946,-1.429,1549046828840
21,0.663,-0.237,-0.445,-4.93,-8.863,-1.732,1549046828860
21,0.767,-0.229,-0.434,-4.945,-8.621,-1.943,1549046828880
21,0.655,-0.268,-0.425,-4.521,-8.856,-1.973,1549046828900
21,0.595,-0.336,-0.38,-4.691,-8.945,-1.009,1549046828920
21,0.588,-0.413,-0.381,-4.518,-9.558,-1.466,1549046828940
21,0.575,-0.439,-0.37,-5.114,-8.652,0.054,1549046828961
21,0.389,-0.468,-0.344,-4.274,-8.829,-1.167,1549046828980
21,0.181,-0.495,-0.272,-4.576,-8.881,-2.112,1549046829000
21,0.264,-0.486,-0.252,-4.189,-9.84,-1.324,1549046829020
22,0.455,-0.464,-0.229,-5.331,-8.168,0.43,1549046829041
22,0.311,-0.516,-0.264,-4.582,-9.278,0.323,1549046829060
22,0.092,-0.586,-0.285,-4.276,-8.558,-1.71,1549046829080
22,0.092,-0.556,-0.296,-4.514,-8.157,-1.5,1549046829100
22,0.217,-0.458,-0.271,-5.104,-8.39,1.432,1549046829120
22,0.183,-0.463,-0.232,-4.19,-9.115,0.254,1549046829140
22,0.42,-0.457,-0.233,-4.349,-8.409,-0.022,1549046829161
22,0.383,-0.486,-0.258,-3.814,-8.771,-1.154,1549046829180
22,0.309,-0.439,-0.293,-4.401,-8.825,0.38,1549046829201
22,0.126,-0.376,-0.293,-4.862,-9.521,1.586,1549046829220
22,0.407,-0.413,-0.249,-4.495,-8.569,1.237,1549046829241
22,0.464,-0.474,-0.26,-4.169,-8.772,-0.011,1549046829260
22,0.425,-0.449,-0.323,-3.733,-8.144,-1.056,1549046829280
23,0.24,-0.305,-0.346,-3.621,-9.329,0.448,1549046829301
23,0.082,-0.213,-0.295,-4.08,-9.017,1.179,1549046829320
23,0.138,-0.228,-0.206,-4.849,-8.253,0.602,1549046829340
23,0.065,-0.286,-0.198,-3.184,-9.627,-0.695,1549046829360
23,-0.038,-0.237,-0.174,-3.229,-10.354,0.553,1549046829380
23,-0.023,-0.152,-0.138,-3.34,-9.579,0.781,1549046829401
23,-0.197,-0.165,-0.114,-3.318,-10.31,0.437,1549046829420
23,-0.084,-0.161,-0.095,-3.438,-9.685,0.831,1549046829441
23,0.1,-0.141,-0.085,-3.047,-9.253,0.734,1549046829460
23,0.174,-0.096,-0.059,-3.005,-10.285,1.6,1549046829480
23,0.073,-0.088,-0.083,-2.921,-9.658,1.053,1549046829500
24,0.085,-0.114,-0.107,-2.787,-8.904,0.004,1549046829520
24,0.0,-0.176,-0.078,-2.85,-9.885,0.049,1549046829540
24,0.004,-0.194,-0.069,-3.12,-9.402,1.327,1549046829560
24,0.099,-0.171,-0.038,-3.135,-10.27,1.784,1549046829580
24,0.139,-0.159,-0.033,-3.199,-9.426,0.445,1549046829600
24,0.023,-0.122,-0.046,-3.69,-9.635,1.208,1549046829621
24,-0.018,-0.164,-0.048,-3.859,-9.221,1.638,1549046829640
24,0.119,-0.223,-0.035,-4.022,-10.817,3.014,1549046829660
24,0.389,-0.32,-0.067,-4.082,-9.939,3.231,1549046829681
24,0.392,-0.376,-0.127,-3.238,-8.837,-0.211,1549046829701
24,0.158,-0.304,-0.124,-2.808,-9.529,-1.334,1549046829721
25,0.074,-0.252,-0.13,-3.817,-9.667,2.412,1549046829741
25,-0.002,-0.329,-0.134,-3.506,-10.095,2.137,1549046829760
25,0.219,-0.339,-0.115,-3.558,-9.433,1.153,1549046829780
25,0.257,-0.234,-0.099,-3.258,-9.233,-0.082,1549046829801
25,0.075,-0.11,-0.075,-3.672,-9.563,0.635,1549046829821
25,-0.125,-0.121,-0.046,-3.412,-10.868,2.375,1549046829840
25,-0.078,-0.222,-0.073,-3.119,-9.768,1.83,1549046829861
25,0.145,-0.243,-0.08,-3.221,-9.091,1.382,1549046829880
25,0.138,-0.173,-0.047,-2.714,-9.416,0.898,1549046829901
25,0.136,-0.143,-0.052,-2.988,-9.267,0.959,1549046829921
25,-0.07,-0.21,-0.052,-2.799,-9.744,1.884,1549046829941
26,0.001,-0.273,-0.077,-2.943,-9.551,2.35,1549046829961
26,0.053,-0.265,-0.084,-3.108,-9.345,2.358,1549046829981
26,0.207,-0.239,-0.084,-3.089,-9.092,1.763,1549046830000
26,0.123,-0.199,-0.088,-2.881,-9.565,2.064,1549046830021
26,0.027,-0.19,-0.113,-2.796,-9.235,1.798,1549046830041
26,-0.055,-0.161,-0.121,-2.837,-9.653,2.42,1549046830060
26,0.046,-0.13,-0.139,-3.051,-9.839,3.307,1549046830081
26,0.083,-0.117,-0.169,-2.758,-9.677,2.276,1549046830100
26,0.159,-0.119,-0.199,-3.034,-9.119,1.255,1549046830120
26,0.245,-0.098,-0.177,-3.064,-9.482,1.542,1549046830141
26,0.274,-0.102,-0.163,-3.115,-10.222,3.28,1549046830160
27,0.25,-0.142,-0.185,-2.705,-9.649,1.681,1549046830181
27,0.233,-0.092,-0.207,-2.569,-9.465,0.864,1549046830201
27,0.203,-0.019,-0.207,-3.022,-9.315,0.662,1549046830221
27,0.207,0.028,-0.135,-3.534,-10.305,2.832,1549046830241
27,0.099,-0.084,-0.084,-3.185,-9.926,2.188,1549046830261
27,0.011,-0.147,-0.077,-2.811,-9.55,1.649,1549046830281
27,-0.001,-0.109,-0.092,-2.715,-10.023,1.175,1549046830301
27,-0.179,-0.073,-0.087,-2.719,-10.061,1.619,1549046830321
27,-0.189,-0.072,-0.043,-2.728,-9.841,2.083,1549046830341
27,-0.108,-0.056,0.003,-2.688,-9.78,2.369,1549046830361
27,0.011,-0.022,0.025,-2.592,-9.798,1.898,1549046830381
27,0.045,0.038,0.05,-2.765,-10.116,2.586,1549046830402
28,-0.122,-0.021,0.057,-2.903,-9.942,2.277,1549046830421
28,-0.118,-0.07,0.043,-2.707,-9.872,2.241,1549046830441
28,-0.074,-0.032,0.043,-2.617,-9.383,2.381,1549046830461
28,-0.021,0.0,0.046,-2.584,-9.798,2.232,1549046830482
28,0.09,-0.002,0.032,-2.838,-9.377,1.989,1549046830501
28,0.098,-0.012,0.011,-2.811,-9.483,2.053,1549046830521
28,0.073,-0.042,-0.019,-2.678,-9.555,2.292,1549046830541
28,0.025,-0.056,-0.04,-2.498,-9.63,2.591,1549046830561
28,-0.015,-0.062,-0.069,-2.245,-9.286,2.023,1549046830581
28,-0.023,-0.094,-0.1,-2.202,-9.352,1.398,1549046830601
28,0.082,-0.154,-0.131,-2.056,-9.142,1.473,1549046830622
28,0.079,-0.231,-0.168,-2.233,-9.235,2.275,1549046830641
28,-0.045,-0.301,-0.217,-2.06,-9.697,2.395,1549046830661
28,-0.104,-0.34,-0.254,-2.05,-10.118,2.593,1549046830682
28,-0.052,-0.354,-0.25,-2.218,-9.594,2.506,1549046830701
29,-0.205,-0.343,-0.282,-2.129,-9.45,2.31,1549046830722
29,-0.308,-0.309,-0.315,-2.434,-9.716,2.317,1549046830742
29,-0.179,-0.329,-0.311,-2.054,-9.929,2.242,1549046830762
29,-0.003,-0.324,-0.32,-2.017,-9.954,2.383,1549046830782
29,-0.047,-0.37,-0.321,-2.293,-10.41,2.301,1549046830802
29,0.109,-0.496,-0.413,-1.592,-9.554,2.556,1549046830822
29,0.404,-0.423,-0.418,-1.871,-9.544,2.61,1549046830842
29,0.31,-0.54,-0.461,-1.364,-9.878,2.419,1549046830862
29,0.335,-0.441,-0.389,-1.605,-9.947,2.324,1549046830882
29,0.254,-0.372,-0.317,-1.795,-10.021,1.736,1549046830902
29,0.447,-0.351,-0.278,-1.629,-9.421,2.657,1549046830922
29,0.31,-0.211,-0.185,-2.037,-9.423,2.535,1549046830942
30,-0.022,-0.156,-0.162,-1.898,-10.115,2.17,1549046830961
30,0.045,-0.033,-0.125,-1.929,-9.904,2.267,1549046830982
30,0.12,-0.007,-0.062,-1.675,-9.798,1.907,1549046831002
30,0.068,-0.061,-0.066,-1.38,-9.151,1.93,1549046831022
30,0.034,-0.043,-0.062,-1.251,-8.977,2.393,1549046831042
30,0.075,0.003,-0.078,-1.27,-9.651,2.801,1549046831062
30,0.172,0.041,-0.103,-1.257,-9.423,3.123,1549046831082
30,0.113,0.043,-0.155,-1.151,-9.646,2.556,1549046831102
30,-0.021,0.066,-0.112,-1.394,-10.358,2.135,1549046831122
30,0.193,0.014,-0.105,-1.408,-9.804,2.965,1549046831142
30,0.27,0.055,-0.075,-1.435,-9.895,3.414,1549046831162
30,0.166,0.078,-0.025,-1.273,-9.492,3.044,1549046831182
30,0.02,0.057,-0.037,-1.161,-9.665,2.471,1549046831202
30,0.034,0.003,-0.076,-1.143,-9.653,2.485,1549046831222
30,0.084,-0.035,-0.072,-1.119,-9.545,2.649,1549046831243
31,0.265,-0.03,-0.081,-1.072,-9.228,2.969,1549046831262
31,0.252,0.015,-0.064,-1.035,-9.609,2.755,1549046831282
31,0.116,0.024,-0.044,-1.007,-9.589,2.529,1549046831302
31,-0.002,0.02,-0.028,-1.125,-9.716,2.736,1549046831322
31,-0.095,-0.024,-0.013,-1.028,-9.679,2.957,1549046831342
31,0.022,-0.033,-0.034,-0.995,-9.426,3.259,1549046831362
31,0.06,0.0,-0.046,-1.107,-9.772,2.936,1549046831382
31,0.067,-0.004,-0.043,-1.02,-9.53,2.743,1549046831402
31,0.068,-0.008,-0.039,-1.128,-9.46,2.969,1549046831422
31,0.066,-0.003,-0.033,-0.997,-9.496,3.12,1549046831442
31,0.023,-0.014,-0.035,-1.062,-9.585,2.917,1549046831463
31,-0.063,0.0,-0.021,-1.216,-9.815,2.619,1549046831483
31,0.069,-0.014,-0.019,-0.965,-9.488,2.676,1549046831502
31,0.3,0.02,-0.02,-1.141,-9.331,3.28,1549046831522
32,0.097,-0.023,-0.021,-1.084,-9.704,3.321,1549046831542
32,-0.059,-0.011,-0.028,-0.886,-9.843,3.106,1549046831563
32,-0.061,0.004,-0.015,-0.842,-9.649,2.504,1549046831582
32,0.075,-0.007,-0.018,-1.042,-8.994,3.101,1549046831602
32,0.013,-0.004,-0.007,-0.917,-9.463,3.269,1549046831622
32,-0.039,0.038,-0.004,-1.057,-9.878,3.043,1549046831643
32,0.023,0.034,-0.012,-1.174,-9.816,2.981,1549046831663
32,0.07,0.026,-0.004,-0.9,-9.498,3.259,1549046831683
32,-0.01,0.006,0.01,-0.873,-9.689,3.05,1549046831703
32,0.048,-0.003,-0.014,-0.954,-9.488,2.785,1549046831723
32,0.113,-0.018,-0.034,-1.072,-9.14,2.807,1549046831743
32,0.042,-0.03,-0.024,-1.026,-9.313,2.757,1549046831762
33,-0.033,-0.043,-0.01,-1.168,-9.653,3.14,1549046831783
33,-0.159,-0.049,0.003,-1.078,-9.974,3.182,1549046831803
33,-0.089,-0.008,0.006,-1.009,-9.598,3.046,1549046831822
33,0.067,0.028,-0.002,-1.085,-9.204,2.657,1549046831844
33,0.09,0.009,-0.004,-1.207,-9.286,2.951,1549046831863
33,-0.045,-0.014,0.002,-1.01,-9.728,3.376,1549046831882
33,-0.155,-0.007,0.01,-0.921,-10.149,3.121,1549046831903
33,-0.088,0.024,0.011,-1.049,-9.59,2.996,1549046831923
33,-0.003,0.04,0.005,-1.151,-9.547,2.683,1549046831942
33,0.086,0.016,-0.011,-1.024,-9.225,2.844,1549046831963
33,0.1,-0.022,-0.015,-0.855,-9.376,2.973,1549046831983
33,0.046,-0.049,-0.021,-0.737,-9.533,2.851,1549046832003
33,0.068,-0.048,-0.018,-0.981,-9.665,2.718,1549046832023
33,0.084,-0.019,-0.002,-1.298,-9.723,2.926,1549046832043
33,0.025,-0.022,0.032,-1.181,-9.441,3.073,1549046832063
34,-0.016,0.002,0.047,-1.087,-9.476,2.718,1549046832083
34,-0.088,0.003,0.044,-0.863,-9.391,2.592,1549046832103
34,-0.096,0.015,0.02,-0.755,-9.197,2.631,1549046832123
34,-0.081,0.048,0.038,-0.831,-9.175,2.933,1549046832143
34,-0.222,0.031,0.064,-0.919,-9.32,2.541,1549046832163
34,-0.4,0.057,0.087,-0.984,-10.515,1.835,1549046832183
34,-0.155,0.164,0.118,-1.612,-10.465,1.373,1549046832202
34,0.19,0.141,0.033,-2.008,-9.952,2.141,1549046832223
34,0.179,0.16,0.104,-1.347,-7.226,4.406,1549046832242
34,-0.851,0.32,0.144,-1.399,-10.378,2.347,1549046832263
34,-0.568,0.382,0.058,-1.243,-10.276,2.624,1549046832283
35,-0.194,0.473,0.057,-0.748,-9.501,3.724,1549046832302
35,-0.164,0.458,0.111,-1.111,-9.711,3.193,1549046832322
35,-0.375,0.417,0.148,-1.731,-9.958,2.775,1549046832343
35,-0.511,0.286,0.092,-1.422,-9.608,2.019,1549046832363
35,-0.243,0.388,0.078,-1.491,-9.336,2.448,1549046832382
35,-0.362,0.287,0.034,-1.314,-10.048,2.492,1549046832402
35,-0.679,0.189,0.028,-1.059,-10.75,2.493,1549046832423
35,-0.43,0.071,0.02,-1.062,-10.611,2.585,1549046832442
35,0.247,0.113,0.016,-1.573,-9.375,3.138,1549046832463
35,0.414,0.123,-0.002,-1.605,-9.53,2.213,1549046832483
35,0.325,0.062,-0.027,-1.663,-9.863,1.636,1549046832502
36,0.044,-0.04,-0.018,-1.575,-9.322,1.973,1549046832523
36,-0.128,-0.082,-0.04,-1.38,-9.843,2.179,1549046832543
36,0.001,-0.066,-0.05,-1.547,-9.949,2.286,1549046832562
36,0.112,-0.021,-0.044,-1.43,-9.635,2.292,1549046832583
36,-0.015,-0.018,-0.038,-1.432,-9.649,2.107,1549046832603
36,-0.136,-0.017,-0.034,-1.425,-9.791,2.173,1549046832623
36,-0.047,0.0,-0.041,-1.292,-9.719,2.183,1549046832644
36,0.059,0.029,-0.047,-1.585,-9.726,2.312,1549046832663
36,0.017,0.004,-0.051,-1.413,-9.899,2.161,1549046832683
36,-0.048,0.0,-0.045,-1.294,-9.957,2.433,1549046832703
36,-0.087,0.0,-0.029,-1.441,-10.193,2.206,1549046832723
37,-0.007,0.0,-0.019,-1.209,-9.721,2.467,1549046832743
37,-0.021,0.003,-0.02,-1.332,-10.024,2.208,1549046832763
37,-0.035,-0.002,-0.011,-1.439,-9.859,2.041,1549046832784
37,-0.049,-0.01,0.008,-1.389,-9.796,1.873,1549046832803
37,-0.065,-0.015,0.0,-1.38,-9.753,1.937,1549046832823
37,-0.013,-0.018,-0.007,-1.491,-9.475,2.076,1549046832843
37,-0.028,-0.015,-0.011,-1.592,-9.563,2.099,1549046832863
37,-0.047,-0.033,-0.01,-1.45,-9.873,2.091,1549046832883
37,-0.074,-0.077,-0.024,-1.343,-10.047,2.167,1549046832903
37,-0.078,-0.071,-0.024,-1.124,-10.143,2.344,1549046832924
37,-0.078,-0.07,0.005,-1.237,-10.058,2.506,1549046832944
38,-0.197,-0.114,0.033,-1.314,-9.608,2.464,1549046832964
38,-0.187,-0.154,0.035,-1.428,-9.599,2.216,1549046832983
38,-0.092,-0.15,0.012,-1.373,-9.47,1.988,1549046833003
38,-0.098,-0.072,0.066,-1.508,-9.536,1.71,1549046833024
38,-0.436,0.009,0.135,-1.808,-10.326,2.233,1549046833043
38,-1.42,0.074,0.199,-1.752,-11.273,1.054,1549046833063
38,-0.874,0.102,0.155,-1.858,-9.979,1.11,1549046833083
38,-0.439,0.13,0.135,-1.661,-9.294,1.391,1549046833103
38,-0.195,0.194,0.159,-1.667,-8.997,1.628,1549046833124
38,-0.71,0.284,0.212,-1.831,-9.822,0.98,1549046833144
38,-1.467,0.308,0.273,-2.138,-10.61,-0.069,1549046833163
38,-1.252,0.303,0.331,-2.177,-11.093,0.365,1549046833184
39,-0.583,0.208,0.346,-2.131,-10.874,0.768,1549046833203
39,-0.099,0.083,0.302,-1.548,-8.338,0.785,1549046833224
39,-0.481,0.152,0.271,-1.225,-9.134,0.33,1549046833244
39,-0.744,0.168,0.216,-1.237,-10.368,-0.277,1549046833263
39,-0.642,0.28,0.164,-1.538,-10.81,-0.38,1549046833283
39,-0.759,0.517,0.345,-2.609,-11.135,-0.02,1549046833303
39,-0.906,0.358,0.3,-2.408,-9.417,0.303,1549046833324
39,-0.769,0.102,0.157,-2.079,-11.36,-0.086,1549046833343
39,-0.308,0.028,0.142,-2.292,-11.356,-0.735,1549046833363
39,-0.045,0.042,0.244,-2.319,-9.455,-1.498,1549046833384
39,-0.306,-0.034,0.215,-2.212,-10.406,-1.302,1549046833403
39,-0.502,-0.092,0.172,-2.224,-11.149,-0.388,1549046833424
39,-0.264,-0.061,0.175,-2.563,-10.577,0.067,1549046833444
40,0.011,-0.025,0.204,-2.795,-10.98,-0.692,1549046833463
40,0.16,-0.046,0.252,-3.263,-10.861,-1.092,1549046833484
40,0.061,-0.06,0.317,-2.928,-10.918,-1.304,1549046833504
40,-0.021,-0.105,0.358,-2.88,-10.581,-0.967,1549046833524
40,0.003,-0.135,0.386,-3.308,-10.612,-0.216,1549046833544
40,0.134,-0.146,0.381,-2.58,-10.935,-1.21,1549046833564
40,0.377,0.041,0.457,-3.066,-10.099,-0.745,1549046833584
40,0.038,0.066,0.49,-3.159,-11.137,0.102,1549046833604
40,-0.189,0.004,0.499,-2.991,-10.062,-0.479,1549046833624
40,0.062,0.022,0.549,-2.996,-9.509,-1.043,1549046833644
40,0.058,0.056,0.575,-3.046,-10.34,-0.759,1549046833664
40,-0.096,0.09,0.58,-3.082,-10.306,0.126,1549046833684
41,-0.26,0.076,0.554,-3.302,-10.58,0.559,1549046833704
41,-0.133,0.1,0.529,-3.689,-10.185,-0.141,1549046833724
41,0.232,0.191,0.529,-3.846,-8.81,-0.283,1549046833744
41,0.41,0.184,0.514,-3.979,-9.359,0.595,1549046833764
41,0.185,0.084,0.464,-3.328,-10.813,0.251,1549046833784
41,0.033,0.061,0.407,-3.678,-9.007,-0.499,1549046833804
41,-0.068,0.058,0.388,-4.042,-8.627,-0.91,1549046833824
41,-0.046,0.051,0.381,-4.397,-9.079,0.435,1549046833844
41,0.076,0.034,0.393,-4.198,-9.666,0.583,1549046833864
41,0.152,0.05,0.418,-4.016,-9.36,-0.629,1549046833884
41,0.207,0.103,0.413,-4.089,-8.593,-0.898,1549046833904
42,0.084,0.133,0.37,-4.551,-8.735,0.142,1549046833924
42,0.005,0.18,0.373,-4.489,-8.51,-0.468,1549046833945
42,0.112,0.163,0.376,-4.354,-9.04,-0.432,1549046833964
42,0.138,0.127,0.329,-4.718,-9.089,0.134,1549046833985
42,0.272,0.16,0.347,-4.633,-8.262,-0.395,1549046834004
42,0.237,0.2,0.319,-4.796,-7.625,-0.715,1549046834024
42,0.12,0.196,0.304,-4.552,-8.132,-0.743,1549046834044
42,-0.02,0.165,0.252,-4.893,-9.216,0.301,1549046834064
42,0.101,0.154,0.259,-4.784,-8.17,-0.368,1549046834084
43,0.127,0.149,0.251,-4.779,-8.158,-0.546,1549046834104
43,0.086,0.161,0.252,-5.123,-8.053,-0.704,1549046834124
43,0.002,0.172,0.249,-4.746,-8.138,-0.822,1549046834145
43,0.003,0.17,0.225,-4.953,-8.515,-0.238,1549046834165
43,-0.026,0.166,0.229,-4.977,-7.694,-0.803,1549046834184
43,-0.046,0.177,0.227,-4.58,-8.551,-0.539,1549046834205
43,-0.096,0.168,0.193,-4.81,-8.834,-0.502,1549046834225
43,-0.034,0.153,0.184,-4.991,-7.755,-1.085,1549046834244
43,0.002,0.168,0.184,-4.899,-8.175,-0.873,1549046834265
43,0.017,0.211,0.201,-4.748,-8.808,-0.911,1549046834285
43,-0.012,0.255,0.192,-4.787,-8.156,-0.587,1549046834305
44,-0.216,0.277,0.169,-4.508,-9.266,-0.526,1549046834324
44,-0.167,0.28,0.181,-4.85,-7.955,-1.047,1549046834344
44,0.065,0.322,0.206,-4.668,-8.772,-0.393,1549046834365
44,0.271,0.367,0.197,-4.756,-8.145,-0.51,1549046834385
44,0.373,0.422,0.2,-4.702,-8.72,-0.43,1549046834404
44,0.211,0.397,0.182,-4.748,-8.416,-0.304,1549046834425
44,0.19,0.342,0.155,-4.749,-8.96,-0.33,1549046834445
44,0.341,0.313,0.109,-4.881,-8.368,-0.428,1549046834465
44,0.512,0.333,0.119,-4.966,-7.719,-0.773,1549046834485
44,0.535,0.362,0.106,-4.708,-8.881,-0.22,1549046834505
44,0.331,0.353,0.056,-4.734,-9.166,-0.324,1549046834525
44,0.384,0.354,0.044,-4.708,-8.309,-1.089,1549046834545
45,0.5,0.355,0.033,-5.161,-8.117,-0.647,1549046834565
45,0.394,0.311,-0.011,-4.927,-8.896,-0.473,1549046834585
45,0.342,0.247,-0.051,-4.896,-8.444,-0.142,1549046834604
45,0.324,0.192,-0.085,-4.875,-8.689,-0.503,1549046834624
45,0.319,0.153,-0.124,-5.08,-7.795,-0.665,1549046834645
45,0.351,0.15,-0.124,-5.337,-7.664,-1.003,1549046834664
45,0.258,0.18,-0.143,-5.158,-8.566,-0.61,1549046834685
45,0.213,0.17,-0.171,-5.141,-7.828,-0.454,1549046834704
45,0.229,0.213,-0.144,-5.378,-8.38,0.276,1549046834725
45,0.104,0.193,-0.152,-5.432,-8.205,-0.359,1549046834744
45,0.136,0.188,-0.16,-5.419,-8.065,-0.279,1549046834764
45,0.068,0.207,-0.183,-5.025,-8.72,-0.943,1549046834785
46,0.155,0.209,-0.155,-5.29,-7.8,-0.492,1549046834804
46,0.101,0.224,-0.163,-5.164,-8.971,-0.276,1549046834825
46,0.106,0.197,-0.162,-4.833,-8.854,-0.837,1549046834845
46,0.117,0.177,-0.198,-4.95,-8.216,-1.216,1549046834864
46,0.038,0.239,-0.178,-5.11,-8.622,-0.51,1549046834884
46,-0.026,0.224,-0.175,-4.887,-9.145,-0.624,1549046834904
46,-0.11,0.178,-0.142,-4.877,-9.073,-0.192,1549046834925
46,-0.108,0.139,-0.134,-4.861,-8.589,-0.96,1549046834945
46,-0.049,0.166,-0.137,-4.653,-8.376,-0.914,1549046834965
46,-0.212,0.194,-0.148,-4.692,-9.165,-0.455,1549046834984
46,-0.288,0.136,-0.155,-4.917,-9.673,0.564,1549046835004
46,-0.226,0.064,-0.181,-4.66,-9.583,0.035,1549046835025
47,0.021,0.094,-0.156,-4.453,-8.984,-1.384,1549046835045
47,0.308,0.139,-0.183,-4.447,-9.078,-0.599,1549046835064
47,0.256,0.01,-0.229,-4.676,-9.357,0.395,1549046835084
47,0.074,-0.111,-0.253,-4.592,-9.589,0.109,1549046835104
47,-0.003,-0.127,-0.26,-3.877,-9.945,-0.715,1549046835125
47,0.194,-0.086,-0.248,-3.966,-8.352,-0.964,1549046835145
47,0.149,-0.085,-0.303,-4.558,-9.68,0.687,1549046835164
47,-0.036,-0.078,-0.324,-4.097,-9.842,0.47,1549046835184
47,-0.079,-0.023,-0.323,-4.316,-9.372,-0.05,1549046835204
47,-0.08,0.032,-0.285,-4.176,-8.85,-0.648,1549046835225
47,0.011,0.079,-0.295,-4.345,-8.92,-0.14,1549046835245
47,-0.013,0.081,-0.328,-4.373,-10.097,1.102,1549046835265
48,0.049,0.067,-0.328,-4.259,-9.673,-0.136,1549046835285
48,0.162,0.085,-0.317,-4.09,-9.501,-0.554,1549046835305
48,0.399,0.139,-0.328,-3.98,-8.835,-1.655,1549046835325
48,0.478,0.158,-0.346,-4.687,-9.527,-0.083,1549046835345
48,0.29,0.023,-0.362,-4.244,-10.265,0.44,1549046835365
48,0.264,-0.051,-0.343,-4.082,-9.345,-0.793,1549046835386
48,0.199,-0.002,-0.348,-3.995,-9.713,-1.018,1549046835406
48,0.27,0.102,-0.348,-4.358,-9.256,-0.664,1549046835425
48,0.192,0.095,-0.336,-4.085,-10.423,0.042,1549046835445
48,0.196,0.052,-0.291,-3.802,-9.56,-1.017,1549046835465
49,0.041,0.032,-0.236,-4.002,-9.68,-0.238,1549046835485
49,-0.005,0.065,-0.23,-3.846,-9.902,-0.304,1549046835506
49,0.033,0.089,-0.215,-3.811,-10.111,0.276,1549046835525
49,0.137,0.051,-0.2,-3.76,-9.877,-0.301,1549046835546
49,0.269,0.035,-0.17,-3.775,-9.689,-0.345,1549046835566
49,0.221,0.05,-0.167,-3.441,-9.878,-0.217,1549046835586
49,0.132,0.035,-0.153,-3.552,-9.941,-0.241,1549046835606
49,0.055,0.0,-0.141,-3.533,-9.991,-0.097,1549046835626
49,0.105,-0.035,-0.134,-3.444,-9.952,0.274,1549046835646
49,0.097,-0.047,-0.115,-3.335,-9.91,0.295,1549046835666
49,0.179,-0.05,-0.104,-3.301,-9.78,0.0,1549046835686
49,0.085,-0.057,-0.088,-3.351,-9.398,-0.204,1549046835705
49,0.004,-0.037,-0.095,-3.388,-9.866,0.389,1549046835726
50,0.099,-0.019,-0.097,-3.197,-9.779,0.422,1549046835745
50,0.076,-0.021,-0.087,-3.041,-9.664,-0.217,1549046835765
50,-0.016,-0.053,-0.081,-3.121,-9.786,-0.002,1549046835786
50,0.002,-0.053,-0.094,-3.113,-9.632,-0.146,1549046835806
50,0.038,-0.024,-0.084,-3.219,-9.54,0.531,1549046835825
50,-0.007,-0.031,-0.077,-3.237,-9.691,0.824,1549046835846
50,-0.011,-0.034,-0.079,-3.151,-9.534,-0.105,1549046835866
50,-0.017,0.005,-0.075,-3.298,-9.688,-0.028,1549046835886
50,0.046,0.028,-0.075,-3.547,-9.758,1.137,1549046835906
50,0.028,-0.002,-0.078,-2.91,-10.003,0.584,1549046835926
50,0.049,-0.003,-0.088,-2.733,-9.842,0.084,1549046835946
50,0.11,0.031,-0.085,-2.507,-9.544,-0.484,1549046835966
50,0.174,0.071,-0.084,-2.812,-9.991,0.825,1549046835986
51,0.068,0.042,-0.084,-2.809,-9.719,0.379,1549046836006
51,0.082,0.019,-0.085,-2.702,-9.87,0.121,1549046836025
51,0.05,0.029,-0.087,-2.8,-9.473,0.114,1549046836046
51,0.014,0.023,-0.092,-2.985,-9.598,0.235,1549046836066
51,0.061,0.027,-0.09,-3.07,-9.733,0.447,1549046836086
51,0.072,0.037,-0.1,-3.153,-9.692,0.503,1549046836106
51,0.005,0.012,-0.091,-3.185,-9.821,0.466,1549046836126
51,-0.024,-0.061,-0.056,-3.506,-9.561,0.82,1549046836146
51,0.063,-0.066,-0.059,-3.314,-9.997,0.345,1549046836166
51,0.069,-0.028,-0.059,-3.384,-9.532,-0.096,1549046836186
51,0.018,-0.016,-0.089,-3.166,-9.659,-0.314,1549046836206
51,-0.019,-0.02,-0.12,-3.37,-10.168,0.878,1549046836226
52,-0.024,-0.055,-0.112,-3.319,-9.798,0.902,1549046836246
52,0.013,-0.069,-0.067,-3.156,-9.533,0.186,1549046836266
52,0.005,-0.024,-0.063,-2.768,-9.818,-0.28,1549046836286
52,0.044,-0.003,-0.092,-2.8,-10.059,0.218,1549046836306
52,-0.109,-0.033,-0.097,-3.083,-9.91,1.206,1549046836326
52,-0.159,-0.077,-0.095,-2.863,-9.689,0.434,1549046836346
52,-0.056,-0.064,-0.097,-2.603,-9.661,-0.373,1549046836366
52,0.033,-0.016,-0.089,-2.725,-9.326,-0.165,1549046836386
52,0.08,-0.013,-0.051,-2.621,-9.768,0.053,1549046836406
52,0.015,-0.059,-0.054,-2.88,-10.423,0.624,1549046836426
52,-0.011,-0.088,-0.076,-2.555,-10.461,0.666,1549046836446
52,-0.003,-0.1,-0.082,-2.749,-9.827,0.69,1549046836466
53,-0.031,-0.151,-0.09,-2.663,-9.633,0.121,1549046836486
53,-0.001,-0.196,-0.083,-2.709,-9.269,0.093,1549046836506
53,0.013,-0.176,-0.028,-2.766,-9.804,0.397,1549046836525
53,0.026,-0.215,-0.049,-2.522,-10.352,0.56,1549046836546
53,0.091,-0.261,-0.058,-2.337,-10.137,1.03,1549046836566
53,0.067,-0.313,-0.064,-2.328,-9.897,1.263,1549046836586
53,0.106,-0.402,-0.081,-2.451,-9.796,1.349,1549046836605
53,0.18,-0.393,-0.03,-2.75,-10.007,1.24,1549046836626
53,0.294,-0.39,0.008,-2.558,-10.074,1.626,1549046836645
53,0.286,-0.531,-0.022,-2.644,-9.882,0.773,1549046836665
53,0.414,-0.594,-0.12,-2.563,-10.054,1.078,1549046836686
53,0.409,-0.613,-0.169,-2.895,-9.614,0.902,1549046836705
54,0.379,-0.555,-0.144,-2.807,-9.909,0.64,1549046836725
54,0.545,-0.49,-0.155,-2.756,-9.57,1.19,1549046836745
54,0.445,-0.506,-0.173,-2.448,-10.111,1.037,1549046836766
54,0.315,-0.468,-0.198,-2.423,-10.14,1.123,1549046836785
54,0.322,-0.338,-0.163,-2.445,-10.048,0.436,1549046836806
54,0.422,-0.222,-0.148,-2.496,-9.574,-0.261,1549046836825
54,0.263,-0.018,-0.089,-2.258,-9.272,0.56,1549046836846
54,0.038,0.062,-0.044,-2.527,-9.277,1.488,1549046836866
54,0.004,-0.069,-0.02,-2.076,-9.673,2.112,1549046836886
54,0.225,-0.031,-0.03,-2.024,-10.127,2.199,1549046836906
54,0.271,0.07,-0.017,-2.276,-9.983,1.523,1549046836926
54,0.344,0.015,-0.033,-2.149,-9.828,1.83,1549046836946
55,0.296,-0.062,-0.04,-2.05,-9.329,2.024,1549046836966
55,0.181,-0.086,-0.023,-2.339,-10.002,1.85,1549046836986
55,0.248,-0.019,-0.025,-2.332,-10.055,1.296,1549046837006
55,0.44,0.075,-0.031,-2.227,-9.272,1.647,1549046837027
55,0.432,0.112,0.012,-2.157,-9.49,1.71,1549046837046
55,0.368,0.179,0.059,-2.343,-9.638,1.804,1549046837066
55,0.513,0.301,0.104,-2.334,-9.542,2.137,1549046837086
55,0.441,0.295,0.096,-2.114,-9.783,2.16,1549046837106
55,0.371,0.229,0.062,-2.184,-9.707,2.285,1549046837127
55,0.362,0.248,0.064,-2.208,-9.588,1.998,1549046837146
55,0.306,0.319,0.086,-2.665,-9.623,2.899,1549046837167
55,0.182,0.31,0.105,-2.502,-9.426,2.805,1549046837187
55,0.092,0.202,0.058,-2.295,-9.367,3.019,1549046837206
56,0.089,0.102,0.008,-2.333,-9.805,2.615,1549046837226
56,0.127,0.049,-0.027,-2.536,-9.372,2.133,1549046837247
56,-0.017,0.014,-0.044,-2.562,-9.332,2.36,1549046837266
56,-0.065,-0.009,-0.045,-2.393,-9.535,2.661,1549046837286
56,-0.019,-0.018,-0.042,-2.244,-9.711,2.475,1549046837306
56,0.072,-0.02,-0.032,-2.363,-9.346,2.076,1549046837327
56,0.021,-0.013,-0.02,-2.276,-9.564,2.083,1549046837346
56,-0.034,-0.016,-0.025,-2.265,-9.705,2.525,1549046837366
56,-0.063,-0.017,-0.012,-2.368,-9.513,2.402,1549046837386
56,0.016,0.007,0.012,-2.356,-9.538,2.207,1549046837407
56,0.001,0.005,0.018,-2.386,-9.479,2.307,1549046837426
56,-0.058,0.011,0.005,-2.388,-9.297,2.479,1549046837446
57,-0.072,0.012,-0.002,-2.488,-9.54,2.719,1549046837467
57,-0.048,0.02,-0.009,-2.394,-9.464,2.48,1549046837486
57,0.0,0.016,-0.004,-2.371,-9.483,2.332,1549046837506
57,0.009,-0.001,-0.003,-2.315,-9.688,2.281,1549046837527
57,-0.04,-0.013,-0.014,-2.358,-9.627,2.207,1549046837546
57,-0.055,-0.025,-0.03,-2.431,-9.494,2.474,1549046837566
57,-0.014,-0.008,-0.022,-2.367,-9.43,2.664,1549046837587
57,0.004,-0.038,-0.026,-2.252,-9.67,2.322,1549046837607
57,0.077,-0.036,-0.025,-2.187,-9.74,1.987,1549046837627
57,0.088,-0.022,-0.015,-2.424,-9.35,2.401,1549046837646
57,0.022,-0.034,-0.002,-2.317,-9.459,2.486,1549046837667
58,-0.023,-0.1,-0.027,-2.362,-9.526,2.43,1549046837687
58,-0.026,-0.135,-0.05,-2.465,-9.548,2.292,1549046837706
58,-0.065,-0.116,-0.027,-2.373,-9.278,2.057,1549046837727
58,-0.17,-0.078,0.003,-2.226,-9.882,2.132,1549046837746
58,-0.048,-0.069,0.008,-2.214,-9.489,2.275,1549046837767
58,0.047,-0.04,0.004,-2.495,-9.367,2.276,1549046837786
58,-0.076,-0.065,0.009,-2.45,-9.541,2.066,1549046837807
58,-0.257,-0.073,0.006,-2.501,-9.27,2.007,1549046837827
58,-0.425,-0.03,0.027,-2.407,-9.414,2.03,1549046837847
58,-0.413,-0.008,0.067,-2.356,-9.69,2.302,1549046837867
58,-0.231,0.006,0.082,-2.37,-9.888,2.476,1549046837887
58,-0.339,0.03,0.116,-2.281,-10.067,1.956,1549046837907
58,-0.425,0.02,0.139,-2.373,-9.39,1.992,1549046837927
58,-0.44,0.038,0.123,-2.32,-9.822,1.605,1549046837947
59,-0.161,0.042,0.092,-2.458,-9.079,2.083,1549046837967
59,-0.047,0.064,0.073,-2.431,-9.753,2.257,1549046837987
59,-0.106,0.11,0.059,-2.505,-10.196,1.887,1549046838007
59,-0.216,0.139,0.052,-2.451,-10.122,1.484,1549046838027
59,-0.229,0.172,0.01,-2.332,-9.822,1.316,1549046838047
59,-0.184,0.185,-0.034,-2.299,-9.572,1.511,1549046838068
59,-0.211,0.216,-0.063,-2.442,-9.834,1.473,1549046838088
59,-0.179,0.241,-0.091,-2.403,-9.723,1.546,1549046838108
59,-0.297,0.286,-0.063,-2.399,-9.914,1.261,1549046838127
59,-0.346,0.297,-0.042,-2.597,-9.647,1.098,1549046838147
59,-0.29,0.319,-0.04,-2.655,-9.651,1.31,1549046838168
59,-0.233,0.314,-0.051,-2.468,-9.751,1.548,1549046838188
60,-0.09,0.339,-0.061,-2.398,-9.771,1.759,1549046838208
60,-0.125,0.377,-0.097,-2.512,-10.071,1.287,1549046838227
60,-0.176,0.39,-0.129,-2.446,-10.076,1.044,1549046838247
60,-0.152,0.372,-0.139,-2.214,-10.065,1.305,1549046838267
60,-0.049,0.351,-0.135,-2.225,-9.653,1.751,1549046838288
60,0.047,0.319,-0.121,-2.206,-9.803,1.341,1549046838308
60,0.156,0.295,-0.164,-2.14,-10.19,0.84,1549046838328
60,0.105,0.313,-0.229,-1.839,-10.183,0.796,1549046838348
60,-0.061,0.337,-0.268,-2.223,-9.876,1.172,1549046838368
60,-0.203,0.28,-0.293,-2.432,-10.11,1.031,1549046838388
60,0.052,0.321,-0.303,-2.434,-9.654,1.056,1549046838407
60,0.222,0.354,-0.324,-2.15,-9.602,1.074,1549046838427
60,0.138,0.368,-0.317,-2.351,-9.784,1.043,1549046838447
60,-0.143,0.346,-0.332,-2.353,-10.109,1.097,1549046838468
61,-0.276,0.371,-0.329,-2.503,-9.713,1.094,1549046838488
61,-0.27,0.327,-0.309,-2.09,-10.052,0.693,1549046838508
61,0.061,0.327,-0.283,-1.918,-9.521,0.967,1549046838527
61,0.235,0.345,-0.283,-1.858,-9.505,0.816,1549046838548
61,0.079,0.307,-0.303,-1.826,-9.288,-0.033,1549046838568
61,-0.242,0.296,-0.324,-2.015,-9.037,-0.666,1549046838588
61,-0.537,0.265,-0.332,-2.007,-9.596,0.077,1549046838608
61,-0.494,0.171,-0.343,-1.958,-10.591,1.304,1549046838628
61,-0.195,0.105,-0.317,-1.485,-10.884,1.997,1549046838648
61,-0.029,0.142,-0.24,-1.273,-10.777,1.666,1549046838667
61,0.066,0.208,-0.195,-1.378,-10.495,1.041,1549046838688
62,0.131,0.201,-0.178,-1.425,-10.328,0.836,1549046838707
62,0.221,0.181,-0.152,-1.414,-9.892,0.847,1549046838728
62,0.117,0.184,-0.089,-1.442,-9.945,0.704,1549046838748
62,0.052,0.161,-0.051,-1.432,-9.927,0.846,1549046838768
62,0.068,0.158,-0.014,-1.345,-10.111,0.771,1549046838787
62,0.007,0.168,0.001,-1.395,-9.986,0.518,1549046838807
62,-0.062,0.165,0.004,-1.757,-10.183,0.528,1549046838827
62,-0.014,0.105,-0.001,-1.766,-10.004,0.889,1549046838847
62,0.033,0.048,0.004,-1.645,-9.948,1.138,1549046838867
62,-0.04,0.012,0.005,-1.557,-10.12,0.981,1549046838887
62,0.089,-0.013,0.013,-1.529,-10.166,1.044,1549046838907
62,0.206,-0.017,0.001,-1.244,-10.362,0.741,1549046838928
62,0.255,0.044,0.04,-1.449,-9.978,0.612,1549046838947
63,0.069,0.041,0.105,-1.651,-9.903,0.395,1549046838968
63,0.0,0.002,0.129,-1.679,-9.727,0.623,1549046838987
63,-0.013,-0.012,0.149,-1.755,-9.753,0.666,1549046839007
63,0.003,0.001,0.152,-1.801,-9.874,0.628,1549046839028
63,0.045,0.016,0.133,-1.649,-9.991,0.771,1549046839047
63,0.014,0.036,0.145,-1.813,-9.842,0.866,1549046839067
63,-0.092,0.016,0.154,-1.863,-9.876,0.93,1549046839087
63,-0.091,-0.017,0.152,-1.824,-10.21,0.784,1549046839108
63,-0.029,-0.029,0.124,-1.673,-10.433,0.864,1549046839128
63,0.056,-0.025,0.112,-1.708,-10.389,0.991,1549046839148
63,0.131,-0.014,0.102,-1.61,-10.093,1.072,1549046839167
