pack,vx,vy,vz,ax,ay,az,time
1,0.261,0.013,0.024,-2.85,-8.881,-3.463,1549046303603
1,-0.106,0.009,0.067,-2.894,-8.863,-2.632,1549046303623
1,-0.684,-0.1,0.13,-2.586,-10.003,-3.039,1549046303643
1,-0.835,-0.048,0.164,-2.889,-10.268,-3.283,1549046303663
1,-0.497,0.044,0.128,-2.913,-10.123,-3.824,1549046303683
1,-0.032,0.061,0.056,-2.353,-9.561,-3.401,1549046303703
1,-0.022,0.014,0.076,-2.415,-9.461,-3.613,1549046303723
1,-0.117,-0.015,0.091,-2.575,-8.493,-3.64,1549046303743
1,-0.118,-0.042,0.048,-2.655,-9.121,-4.283,1549046303763
1,0.022,-0.071,-0.009,-2.549,-9.59,-3.318,1549046303783
1,0.129,-0.092,-0.046,-2.512,-9.673,-3.102,1549046303803
1,0.098,-0.126,-0.051,-2.619,-9.638,-3.688,1549046303825
1,-0.066,-0.15,-0.077,-3.45,-7.493,-4.033,1549046303847
1,0.02,-0.085,-0.156,-2.595,-8.164,-3.622,1549046303867
2,0.0,-0.094,-0.134,-2.468,-10.227,-3.727,1549046303912
2,-0.177,-0.158,-0.158,-2.334,-10.858,-3.913,1549046303922
2,-0.161,-0.271,0.104,-3.07,-10.562,-3.922,1549046304023
2,0.178,-0.214,0.05,-2.965,-9.359,-4.492,1549046304053
2,0.407,-0.255,-0.003,-2.451,-8.668,-2.738,1549046304074
2,0.144,-0.286,0.04,-2.791,-9.37,-2.794,1549046304094
3,-0.205,-0.329,0.062,-3.035,-9.938,-3.161,1549046304114
3,-0.184,-0.299,0.051,-2.984,-10.858,-3.596,1549046304134
3,-0.207,-0.366,-0.019,-3.412,-8.453,-3.622,1549046304154
3,0.076,-0.494,0.077,-3.802,-6.863,-2.389,1549046304174
3,-0.456,-0.841,-0.061,-3.072,-8.994,-3.708,1549046304194
3,-0.72,-0.901,-0.182,-2.596,-10.54,-4.081,1549046304214
3,-0.517,-0.748,-0.093,-2.618,-9.397,-3.686,1549046304234
3,-0.36,-0.626,-0.027,-2.534,-8.744,-2.801,1549046304254
3,-0.52,-0.678,-0.078,-2.419,-9.479,-3.601,1549046304274
3,-0.501,-0.629,-0.022,-2.836,-10.362,-4.045,1549046304294
3,-0.322,-0.52,0.004,-2.919,-10.399,-3.484,1549046304313
4,-0.366,-0.501,0.008,-3.039,-9.997,-3.712,1549046304334
4,-0.38,-0.529,0.055,-2.376,-10.255,-4.026,1549046304353
4,-0.195,-0.52,0.124,-3.065,-9.708,-3.753,1549046304374
4,-0.035,-0.541,0.169,-3.882,-8.305,-4.049,1549046304394
4,-0.196,-0.498,0.138,-2.931,-9.64,-3.694,1549046304414
4,-0.136,-0.438,0.177,-2.959,-9.663,-3.477,1549046304434
4,-0.154,-0.439,0.16,-3.279,-9.639,-3.864,1549046304453
4,-0.22,-0.385,0.176,-3.448,-9.247,-3.353,1549046304474
4,-0.253,-0.333,0.168,-3.441,-9.552,-3.472,1549046304494
4,-0.213,-0.274,0.187,-3.721,-9.585,-3.151,1549046304514
4,-0.152,-0.249,0.21,-3.733,-8.97,-3.278,1549046304534
4,-0.02,-0.292,0.153,-3.551,-9.428,-3.15,1549046304553
5,0.02,-0.332,0.115,-3.861,-8.709,-3.083,1549046304574
5,-0.207,-0.351,0.072,-3.469,-9.058,-4.867,1549046304594
5,-0.029,-0.276,0.079,-3.632,-8.72,-3.899,1549046304614
5,-0.019,-0.275,0.04,-3.413,-8.769,-3.989,1549046304634
5,-0.101,-0.324,-0.011,-3.957,-8.634,-3.18,1549046304654
5,-0.354,-0.335,-0.039,-3.895,-9.201,-3.525,1549046304673
5,-0.466,-0.184,0.022,-4.478,-9.223,-3.067,1549046304694
5,-0.536,-0.067,0.168,-4.633,-8.927,-2.763,1549046304714
5,-0.347,0.024,0.168,-4.001,-7.861,-4.018,1549046304734
5,-0.19,0.029,0.143,-4.291,-7.548,-3.909,1549046304754
5,-0.286,-0.015,0.096,-4.335,-8.783,-3.713,1549046304774
5,-0.396,-0.006,0.143,-4.886,-10.258,-3.974,1549046304794
5,-0.115,0.067,0.274,-5.161,-8.528,-4.527,1549046304814
5,0.075,0.004,0.274,-4.545,-7.271,-4.672,1549046304834
6,-0.056,-0.087,0.214,-4.251,-8.941,-4.046,1549046304854
6,-0.212,-0.017,0.259,-4.341,-9.823,-3.918,1549046304874
6,0.012,0.09,0.33,-3.526,-8.679,-4.706,1549046304894
6,0.082,0.008,0.293,-4.56,-8.571,-4.326,1549046304915
6,-0.049,-0.062,0.275,-4.633,-8.427,-3.649,1549046304935
6,-0.04,-0.004,0.291,-4.076,-9.131,-3.323,1549046304954
6,0.112,0.006,0.286,-4.551,-8.396,-3.624,1549046304974
6,0.306,0.032,0.253,-4.727,-8.614,-3.582,1549046304995
6,0.255,0.017,0.187,-4.62,-8.746,-4.134,1549046305014
6,0.263,0.077,0.152,-4.722,-8.232,-3.614,1549046305034
6,0.261,0.093,0.112,-5.128,-8.687,-3.201,1549046305055
6,0.29,0.087,0.085,-4.884,-7.942,-3.753,1549046305075
7,0.342,0.108,0.065,-4.279,-8.146,-3.424,1549046305095
7,0.196,0.104,0.093,-4.549,-9.082,-3.551,1549046305114
7,0.23,0.078,0.11,-4.878,-8.339,-3.34,1549046305135
7,0.334,0.031,0.121,-4.566,-7.932,-4.043,1549046305155
7,0.343,0.015,0.163,-4.761,-7.875,-3.888,1549046305175
7,0.196,-0.001,0.209,-5.025,-8.665,-3.468,1549046305195
7,0.136,-0.062,0.208,-5.062,-8.177,-3.837,1549046305214
7,0.225,-0.094,0.185,-4.862,-8.652,-3.348,1549046305235
7,0.201,-0.104,0.181,-4.839,-8.032,-3.794,1549046305254
7,0.265,-0.125,0.175,-4.847,-8.28,-3.344,1549046305275
7,0.276,-0.145,0.162,-4.997,-8.362,-3.023,1549046305295
8,0.295,-0.132,0.153,-5.297,-8.276,-3.217,1549046305315
8,0.288,-0.119,0.15,-5.428,-7.937,-2.975,1549046305335
8,0.323,-0.141,0.146,-5.268,-8.057,-3.089,1549046305355
8,0.357,-0.161,0.125,-5.169,-8.545,-3.231,1549046305374
8,0.337,-0.18,0.139,-5.058,-8.314,-2.886,1549046305394
8,0.335,-0.213,0.14,-5.21,-7.962,-3.114,1549046305415
8,0.312,-0.246,0.155,-4.862,-8.926,-2.896,1549046305435
8,0.377,-0.316,0.162,-5.346,-8.643,-2.456,1549046305455
8,0.531,-0.334,0.159,-5.108,-8.407,-2.339,1549046305475
8,0.473,-0.341,0.162,-4.762,-8.808,-2.387,1549046305495
8,0.442,-0.348,0.173,-5.149,-8.197,-2.109,1549046305515
8,0.462,-0.319,0.204,-5.208,-8.633,-1.399,1549046305534
9,0.336,-0.333,0.188,-5.252,-8.463,-2.099,1549046305555
9,0.434,-0.301,0.205,-5.172,-8.48,-1.283,1549046305575
9,0.269,-0.347,0.189,-5.159,-9.509,-1.767,1549046305595
9,0.312,-0.353,0.178,-5.017,-8.715,-1.634,1549046305615
9,0.29,-0.331,0.162,-5.16,-8.668,-1.458,1549046305635
9,0.244,-0.312,0.178,-5.008,-9.028,-1.36,1549046305655
9,0.309,-0.299,0.166,-5.087,-9.152,-1.391,1549046305675
9,0.396,-0.284,0.119,-5.066,-8.006,-1.559,1549046305695
9,0.504,-0.262,0.107,-4.73,-8.75,-1.74,1549046305715
9,0.422,-0.195,0.106,-4.992,-8.49,-0.899,1549046305735
9,0.351,-0.235,0.056,-4.76,-9.067,-1.261,1549046305754
10,0.364,-0.24,-0.009,-4.884,-8.482,-0.937,1549046305775
10,0.39,-0.261,-0.065,-4.464,-7.615,-1.548,1549046305794
10,0.451,-0.225,-0.068,-4.734,-8.126,-0.96,1549046305815
10,0.412,-0.166,-0.068,-5.185,-8.047,-0.598,1549046305835
10,0.364,-0.105,-0.072,-4.84,-7.849,-0.798,1549046305855
10,0.242,-0.016,-0.09,-4.972,-7.85,-1.037,1549046305875
10,0.065,0.051,-0.094,-5.146,-8.087,-0.668,1549046305895
10,-0.004,0.077,-0.098,-5.255,-8.524,-0.297,1549046305915
10,0.194,0.079,-0.132,-5.642,-8.545,-0.691,1549046305935
10,0.309,0.168,-0.159,-5.673,-6.391,-0.99,1549046305956
10,0.176,0.223,-0.183,-5.502,-8.03,-0.826,1549046305975
10,0.082,0.203,-0.21,-5.48,-8.658,-2.281,1549046305995
10,0.524,0.26,-0.123,-5.457,-8.399,-0.985,1549046306016
10,0.498,0.289,-0.129,-5.519,-8.997,-1.586,1549046306036
11,0.269,0.38,-0.102,-5.499,-8.413,-1.587,1549046306055
11,0.218,0.445,-0.092,-5.457,-7.558,-2.05,1549046306076
11,0.309,0.454,-0.092,-5.685,-8.271,-0.609,1549046306096
11,0.345,0.448,-0.132,-5.711,-8.139,-1.537,1549046306116
11,0.536,0.487,-0.169,-5.522,-8.108,-1.41,1549046306136
11,0.539,0.509,-0.216,-4.421,-8.137,-2.109,1549046306155
11,0.524,0.588,-0.163,-5.313,-8.727,-0.407,1549046306175
11,0.407,0.597,-0.145,-5.56,-8.803,-1.173,1549046306196
11,0.445,0.672,-0.126,-5.272,-7.903,-1.403,1549046306215
11,0.395,0.716,-0.14,-5.242,-7.895,-1.521,1549046306236
12,0.308,0.77,-0.129,-5.173,-8.175,-0.964,1549046306256
12,0.199,0.735,-0.153,-5.104,-8.268,-1.98,1549046306276
12,0.43,0.724,-0.155,-5.106,-8.688,-0.618,1549046306295
12,0.507,0.675,-0.171,-5.134,-8.599,-1.031,1549046306316
12,0.433,0.626,-0.196,-5.117,-8.585,-1.012,1549046306336
12,0.38,0.578,-0.19,-4.934,-9.35,-1.497,1549046306355
12,0.466,0.567,-0.197,-5.18,-8.606,-1.005,1549046306376
12,0.512,0.567,-0.214,-5.094,-8.011,-1.144,1549046306396
12,0.543,0.594,-0.18,-5.172,-8.449,-1.174,1549046306415
12,0.53,0.621,-0.161,-5.24,-8.387,-1.312,1549046306435
13,0.608,0.639,-0.146,-5.154,-8.857,-0.768,1549046306456
13,0.668,0.686,-0.146,-5.097,-8.618,-0.59,1549046306476
13,0.569,0.759,-0.12,-4.968,-8.827,-0.658,1549046306497
13,0.637,0.782,-0.106,-5.306,-9.195,-0.553,1549046306516
13,0.829,0.846,-0.092,-5.027,-8.89,-0.18,1549046306536
13,0.985,0.862,-0.092,-4.734,-8.906,-0.267,1549046306556
13,0.996,0.888,-0.069,-4.67,-8.938,-0.228,1549046306576
13,0.804,0.905,-0.043,-4.583,-9.215,-0.514,1549046306596
13,0.9,0.914,-0.029,-4.848,-9.436,-0.154,1549046306615
13,1.096,0.9,-0.033,-4.839,-9.209,0.253,1549046306636
14,1.229,0.881,-0.033,-4.827,-8.695,0.204,1549046306656
14,1.162,0.854,-0.045,-4.777,-9.11,0.37,1549046306676
14,1.009,0.861,-0.037,-4.812,-8.894,0.427,1549046306696
14,1.041,0.788,-0.025,-5.485,-8.593,0.241,1549046306716
14,1.101,0.681,-0.054,-5.091,-8.036,0.577,1549046306736
14,1.1,0.68,-0.024,-4.41,-8.668,0.968,1549046306756
14,0.814,0.622,0.006,-4.576,-9.49,0.595,1549046306776
14,0.63,0.537,0.049,-4.486,-8.682,0.373,1549046306796
14,0.523,0.467,0.067,-4.616,-9.021,0.404,1549046306816
14,0.541,0.426,0.064,-4.879,-9.377,0.522,1549046306836
14,0.514,0.405,0.049,-4.95,-8.262,0.52,1549046306856
14,0.411,0.403,0.035,-4.308,-8.829,0.829,1549046306876
14,0.44,0.389,0.024,-4.272,-8.568,1.046,1549046306896
15,0.603,0.351,0.048,-5.205,-9.062,0.435,1549046306917
15,0.585,0.321,0.033,-5.254,-8.864,0.555,1549046306936
15,0.287,0.334,-0.026,-4.71,-8.275,0.14,1549046306956
15,0.175,0.386,-0.019,-4.864,-8.277,0.758,1549046306976
15,0.116,0.373,-0.013,-4.979,-8.072,0.57,1549046306997
15,0.147,0.324,-0.033,-4.886,-8.343,0.736,1549046307016
15,0.12,0.266,-0.126,-5.053,-8.831,0.427,1549046307036
15,0.043,0.268,-0.162,-5.099,-8.175,0.667,1549046307057
15,-0.072,0.266,-0.125,-5.002,-8.643,1.233,1549046307076
15,-0.138,0.215,-0.164,-4.883,-8.746,0.952,1549046307096
15,-0.201,0.199,-0.202,-4.721,-8.776,0.862,1549046307117
16,-0.314,0.225,-0.231,-4.478,-8.868,0.636,1549046307136
16,-0.205,0.25,-0.236,-4.509,-8.821,1.093,1549046307156
16,-0.018,0.225,-0.225,-4.307,-9.002,1.036,1549046307176
16,-0.042,0.184,-0.245,-4.457,-9.107,0.545,1549046307196
16,-0.161,0.171,-0.254,-4.803,-8.868,0.416,1549046307217
16,-0.114,0.126,-0.258,-4.978,-9.369,0.161,1549046307237
16,-0.072,0.062,-0.423,-4.263,-9.144,0.846,1549046307257
16,-0.165,0.188,-0.359,-3.819,-9.411,0.902,1549046307277
16,-0.154,0.231,-0.303,-4.108,-9.519,0.505,1549046307297
16,-0.062,0.273,-0.282,-4.417,-9.528,0.774,1549046307316
16,-0.103,0.259,-0.319,-4.273,-8.863,0.508,1549046307337
17,-0.022,0.183,-0.249,-4.254,-9.162,0.793,1549046307356
17,0.164,0.119,-0.202,-4.496,-9.613,0.576,1549046307376
17,0.372,0.124,-0.21,-4.468,-9.248,0.618,1549046307397
17,0.204,0.175,-0.234,-4.188,-9.51,0.027,1549046307417
17,-0.04,0.211,-0.258,-4.044,-9.332,0.032,1549046307437
17,-0.104,0.227,-0.269,-4.002,-9.217,-0.153,1549046307456
17,-0.068,0.207,-0.248,-4.258,-9.323,-0.205,1549046307477
17,0.136,0.168,-0.186,-4.207,-9.386,0.101,1549046307497
17,0.153,0.07,-0.213,-4.055,-9.799,-0.08,1549046307517
17,0.083,-0.031,-0.358,-3.547,-9.369,-0.172,1549046307536
17,-0.043,0.074,-0.21,-3.527,-8.956,-0.13,1549046307557
18,-0.12,0.172,-0.119,-3.537,-9.592,-0.001,1549046307577
18,0.02,0.208,-0.029,-3.721,-9.588,0.132,1549046307596
18,0.068,0.189,-0.04,-3.531,-10.139,-0.497,1549046307617
18,-0.036,0.177,-0.067,-3.692,-9.26,-0.559,1549046307637
18,-0.136,0.183,-0.036,-3.913,-9.475,-0.273,1549046307657
18,-0.002,0.062,-0.132,-4.21,-9.367,-0.189,1549046307677
18,-0.028,0.038,-0.108,-4.146,-9.757,0.209,1549046307697
18,-0.08,0.005,-0.143,-3.966,-9.234,0.308,1549046307717
18,-0.097,0.05,-0.119,-3.535,-10.122,0.383,1549046307737
18,-0.037,0.082,-0.121,-3.785,-9.73,0.683,1549046307756
19,0.004,0.085,-0.113,-3.634,-10.172,0.753,1549046307777
19,0.148,0.075,-0.096,-4.029,-10.034,0.134,1549046307796
19,0.178,0.018,-0.138,-4.088,-9.405,-0.069,1549046307817
19,0.069,0.043,-0.116,-3.645,-9.909,1.041,1549046307837
19,0.08,0.061,-0.071,-3.481,-10.074,1.11,1549046307857
19,0.176,0.042,-0.048,-3.227,-10.145,1.102,1549046307877
19,0.215,0.054,-0.03,-3.491,-10.661,0.831,1549046307897
19,0.29,0.028,-0.052,-3.641,-9.694,0.324,1549046307917
19,0.231,0.031,-0.059,-3.942,-9.135,0.509,1549046307937
19,0.193,0.068,-0.069,-3.984,-9.198,0.357,1549046307957
20,0.204,0.062,-0.137,-3.469,-9.453,0.174,1549046307977
20,0.174,-0.003,-0.252,-3.208,-10.212,0.257,1549046307997
20,0.162,-0.014,-0.191,-2.97,-9.688,0.204,1549046308018
20,0.108,-0.014,-0.185,-2.991,-9.594,0.69,1549046308037
20,0.098,0.034,-0.174,-2.972,-9.413,0.692,1549046308057
20,0.106,0.108,-0.13,-3.159,-9.942,0.78,1549046308077
20,0.116,0.077,-0.11,-3.522,-9.934,0.412,1549046308098
20,0.003,-0.038,-0.131,-3.747,-9.505,0.185,1549046308118
20,0.03,-0.116,-0.152,-4.167,-9.465,0.572,1549046308137
20,0.068,-0.152,-0.154,-4.114,-9.455,0.581,1549046308157
21,0.049,-0.14,-0.168,-3.116,-9.807,1.085,1549046308177
21,0.05,-0.029,-0.169,-3.181,-10.129,1.765,1549046308197
21,0.015,0.004,-0.12,-4.152,-9.398,-0.632,1549046308217
21,0.157,-0.088,-0.171,-3.8,-9.346,0.843,1549046308238
21,0.055,-0.138,-0.219,-3.337,-9.647,0.512,1549046308258
21,-0.063,-0.071,-0.196,-3.032,-10.28,1.169,1549046308278
21,-0.066,-0.05,-0.176,-2.889,-10.339,1.48,1549046308297
21,0.088,-0.07,-0.155,-2.926,-10.105,1.149,1549046308318
21,0.168,-0.096,-0.147,-3.104,-9.849,1.125,1549046308338
21,0.078,-0.071,-0.133,-2.876,-9.974,1.363,1549046308357
21,0.039,-0.009,-0.081,-2.908,-10.087,1.243,1549046308378
21,0.104,-0.007,-0.064,-2.809,-10.653,1.111,1549046308398
22,0.238,-0.023,-0.07,-2.896,-10.085,1.291,1549046308418
22,0.327,-0.042,-0.095,-3.1,-9.646,1.219,1549046308438
22,0.384,-0.076,-0.101,-3.057,-9.958,0.964,1549046308457
22,0.439,-0.117,-0.105,-2.874,-9.759,1.202,1549046308478
22,0.529,-0.209,-0.081,-2.571,-10.81,1.957,1549046308498
22,0.686,-0.32,-0.155,-2.258,-10.343,2.086,1549046308517
22,0.764,-0.464,-0.269,-1.804,-9.003,1.049,1549046308538
22,0.759,-0.52,-0.348,-1.552,-10.215,0.953,1549046308558
22,0.908,-0.478,-0.293,-2.02,-9.533,2.068,1549046308578
22,0.886,-0.416,-0.309,-2.44,-9.291,3.048,1549046308597
22,0.641,-0.441,-0.499,-2.494,-10.083,2.373,1549046308618
23,0.77,-0.412,-0.569,-1.954,-9.682,1.332,1549046308638
23,0.866,-0.284,-0.538,-2.233,-9.528,2.203,1549046308657
23,0.902,-0.301,-0.535,-2.276,-9.54,2.363,1549046308678
23,0.982,-0.33,-0.668,-1.9,-9.943,2.139,1549046308698
23,1.007,-0.215,-0.475,-3.501,-9.99,3.916,1549046308718
23,0.71,-0.149,-0.522,-3.143,-8.435,4.063,1549046308738
23,0.281,-0.033,-0.451,-2.462,-8.848,3.721,1549046308758
23,0.313,0.117,-0.351,-1.83,-10.205,2.25,1549046308778
23,0.806,0.177,-0.362,-1.663,-9.315,2.556,1549046308798
23,0.615,0.055,-0.393,-1.079,-9.978,2.654,1549046308818
23,0.683,0.138,-0.439,-1.549,-8.831,4.043,1549046308838
24,0.633,0.208,-0.411,-1.649,-8.051,4.945,1549046308858
24,0.414,0.229,-0.408,-1.31,-9.765,3.778,1549046308877
24,0.422,0.364,-0.47,-1.631,-9.173,3.587,1549046308898
24,0.391,0.255,-0.419,-1.348,-8.62,4.02,1549046308918
24,0.333,0.185,-0.493,-0.966,-7.971,5.096,1549046308938
24,0.244,0.203,-0.414,-0.897,-8.308,5.631,1549046308958
24,0.249,0.17,-0.466,-0.548,-9.213,3.777,1549046308978
24,0.41,0.136,-0.455,-0.462,-8.645,3.904,1549046308998
24,0.109,0.005,-0.416,-1.188,-8.809,3.681,1549046309018
24,0.051,-0.071,-0.469,-0.861,-8.389,3.857,1549046309038
25,0.133,0.01,-0.372,-0.94,-9.565,3.646,1549046309058
25,0.516,0.062,-0.344,-0.878,-8.557,4.592,1549046309078
25,0.37,0.141,-0.227,-1.253,-9.236,4.134,1549046309099
25,0.221,0.177,-0.142,-1.063,-8.951,4.506,1549046309119
25,-0.125,0.073,-0.087,-0.732,-8.33,4.871,1549046309138
25,0.015,0.069,-0.113,-0.365,-9.02,4.798,1549046309159
25,0.119,0.165,-0.148,-0.616,-9.139,4.315,1549046309178
25,0.019,0.178,-0.123,-0.665,-9.112,4.213,1549046309199
25,-0.255,0.181,-0.13,-0.76,-8.581,4.408,1549046309219
25,-0.384,0.271,-0.151,-0.838,-9.252,3.784,1549046309239
25,-0.437,0.293,-0.157,-1.08,-8.772,4.27,1549046309259
25,-0.307,0.306,-0.048,-0.665,-7.995,4.158,1549046309279
26,-0.389,0.258,-0.032,-0.473,-9.01,4.106,1549046309299
26,-0.283,0.267,-0.029,-0.538,-9.624,3.831,1549046309319
26,-0.211,0.234,-0.018,-0.447,-9.557,4.4,1549046309339
26,-0.183,0.156,-0.061,-0.573,-9.176,4.511,1549046309358
26,-0.109,0.097,-0.059,-0.572,-8.459,4.364,1549046309379
26,-0.047,0.068,-0.039,-0.603,-8.66,4.15,1549046309399
26,0.074,0.041,-0.014,-0.538,-9.308,4.372,1549046309419
26,0.183,0.019,-0.001,-0.688,-9.291,4.242,1549046309439
26,0.085,-0.023,0.004,-0.723,-9.251,3.884,1549046309458
26,-0.051,-0.043,0.011,-0.741,-9.152,4.027,1549046309478
27,-0.044,-0.032,0.008,-0.778,-8.948,4.234,1549046309499
27,0.022,-0.017,0.008,-0.84,-9.261,4.032,1549046309519
27,0.004,-0.034,0.012,-0.775,-9.236,4.064,1549046309539
27,-0.074,-0.061,0.019,-0.646,-9.241,3.829,1549046309559
27,-0.021,-0.034,0.024,-0.982,-8.84,4.041,1549046309578
27,-0.027,-0.007,0.007,-0.741,-9.241,3.965,1549046309599
27,-0.115,-0.032,-0.005,-0.621,-9.329,4.228,1549046309619
27,-0.137,-0.048,0.0,-0.709,-8.715,4.241,1549046309639
27,-0.111,-0.107,0.008,-0.461,-9.231,3.928,1549046309659
27,-0.019,-0.128,-0.018,-0.496,-9.009,4.333,1549046309679
28,0.009,-0.176,-0.001,-0.504,-8.701,4.598,1549046309699
28,-0.008,-0.282,0.016,-0.304,-9.144,4.141,1549046309719
28,-0.021,-0.364,0.048,-0.926,-8.199,4.264,1549046309739
28,-0.185,-0.384,0.102,-0.404,-8.782,3.839,1549046309759
28,-0.438,-0.257,0.118,-0.56,-9.786,4.282,1549046309779
28,-0.973,-0.148,0.22,-1.116,-10.906,4.451,1549046309799
28,-1.419,-0.181,0.248,-1.091,-11.34,3.69,1549046309819
28,-1.41,-0.132,0.223,-1.374,-10.324,3.468,1549046309839
28,-1.24,-0.062,0.188,-1.71,-9.739,3.506,1549046309859
28,-0.734,0.031,0.185,-1.629,-8.782,2.762,1549046309879
28,-0.326,-0.011,0.172,-1.234,-8.476,1.619,1549046309899
29,-0.303,-0.114,0.05,-0.416,-8.377,1.606,1549046309919
29,-0.393,-0.084,0.097,0.312,-8.865,2.005,1549046309939
29,-0.208,-0.065,0.104,-0.047,-9.3,2.707,1549046309959
29,0.043,0.024,0.072,-0.304,-10.104,2.369,1549046309979
29,-0.12,0.082,0.04,-0.985,-9.886,2.139,1549046309999
29,-0.465,0.037,0.021,-1.248,-9.27,1.661,1549046310020
29,-0.535,0.019,0.082,-1.332,-10.029,2.082,1549046310039
29,-0.114,0.045,0.105,-1.363,-9.947,2.845,1549046310060
29,-0.064,0.071,0.011,-0.988,-10.371,1.989,1549046310079
29,-0.214,0.087,-0.032,-0.824,-10.881,1.761,1549046310099
30,0.037,0.05,0.121,-1.169,-10.859,2.541,1549046310120
30,0.328,0.052,0.202,-0.899,-9.821,2.473,1549046310139
30,0.292,0.126,0.196,-0.641,-8.363,2.157,1549046310159
30,0.023,0.059,0.018,-0.705,-8.629,2.183,1549046310179
30,-0.093,-0.034,-0.011,-0.562,-9.776,3.187,1549046310199
30,-0.043,0.026,-0.002,-0.303,-10.414,2.482,1549046310220
30,0.194,0.139,0.073,-0.794,-10.165,2.182,1549046310240
30,0.138,0.139,0.156,-1.322,-8.757,2.688,1549046310260
30,-0.429,0.138,0.19,-1.268,-9.332,1.941,1549046310280
30,-0.494,0.264,0.36,-1.549,-10.503,2.103,1549046310300
30,-0.052,0.223,0.429,-1.974,-10.272,3.084,1549046310320
30,-0.257,0.075,0.235,-1.762,-9.711,2.813,1549046310339
31,-0.587,-0.023,0.304,-1.62,-9.429,2.9,1549046310360
31,-0.715,-0.074,0.388,-1.019,-10.13,2.285,1549046310379
31,-0.151,-0.012,0.385,-1.527,-10.083,2.252,1549046310400
31,0.047,-0.021,0.394,-1.817,-10.315,1.917,1549046310420
31,-0.125,-0.15,0.279,-1.511,-9.634,1.513,1549046310440
31,-0.35,-0.329,-0.098,-0.803,-10.927,1.998,1549046310460
31,-0.143,-0.261,-0.1,-1.506,-10.381,2.099,1549046310480
31,-0.162,-0.051,0.215,-1.787,-10.368,1.875,1549046310500
31,-0.195,-0.023,0.227,-1.711,-10.128,2.151,1549046310520
31,-0.133,-0.094,0.126,-1.66,-11.192,1.436,1549046310540
31,-0.066,-0.053,0.189,-2.014,-10.679,1.891,1549046310559
31,-0.095,-0.021,0.295,-1.808,-10.992,2.392,1549046310580
32,0.14,0.004,0.35,-1.542,-10.56,2.207,1549046310600
32,0.18,0.035,0.395,-1.688,-10.399,1.818,1549046310619
32,0.116,0.038,0.439,-2.208,-10.706,2.05,1549046310640
32,0.02,0.066,0.47,-1.925,-11.088,2.004,1549046310660
32,0.023,0.058,0.484,-2.443,-10.384,2.57,1549046310680
32,0.157,0.043,0.528,-2.752,-9.965,2.873,1549046310700
32,0.21,0.071,0.578,-2.445,-9.448,2.114,1549046310720
32,0.184,0.132,0.604,-2.29,-10.647,1.791,1549046310740
32,0.17,0.106,0.607,-2.751,-10.364,1.732,1549046310760
32,0.102,0.059,0.579,-2.894,-10.681,1.894,1549046310780
33,0.146,0.008,0.559,-3.352,-8.358,1.399,1549046310800
33,0.096,-0.024,0.583,-3.025,-9.724,1.321,1549046310820
33,0.128,-0.034,0.583,-3.225,-9.928,1.479,1549046310840
33,0.121,-0.074,0.566,-2.957,-9.545,0.721,1549046310859
33,-0.103,-0.133,0.483,-3.453,-8.834,1.273,1549046310880
33,-0.344,-0.171,0.448,-3.567,-8.741,1.788,1549046310900
33,-0.389,-0.189,0.419,-2.877,-9.583,0.93,1549046310921
33,-0.219,-0.205,0.386,-2.849,-9.691,0.295,1549046310940
33,-0.086,-0.18,0.377,-3.245,-8.625,0.974,1549046310960
33,-0.322,-0.169,0.359,-3.191,-9.44,0.831,1549046310980
33,-0.427,-0.167,0.335,-3.108,-9.486,0.71,1549046311000
33,-0.416,-0.147,0.292,-3.452,-8.765,0.695,1549046311020
33,-0.456,-0.122,0.269,-3.796,-8.362,0.966,1549046311041
34,-0.561,-0.118,0.28,-3.531,-9.32,0.59,1549046311060
34,-0.467,-0.113,0.282,-3.525,-9.432,0.773,1549046311081
34,-0.481,-0.11,0.239,-3.316,-9.153,1.228,1549046311100
34,-0.627,-0.096,0.204,-3.368,-9.405,1.268,1549046311121
34,-0.577,-0.049,0.208,-3.495,-9.357,0.933,1549046311140
34,-0.429,-0.017,0.186,-3.613,-8.913,0.908,1549046311160
34,-0.502,-0.028,0.173,-3.597,-8.988,1.031,1549046311181
34,-0.624,-0.032,0.174,-3.089,-9.744,0.539,1549046311200
34,-0.464,-0.022,0.166,-3.332,-9.571,0.622,1549046311220
34,-0.307,-0.039,0.142,-3.25,-9.017,0.948,1549046311240
34,-0.464,-0.042,0.105,-3.266,-8.859,0.848,1549046311261
34,-0.564,-0.015,0.114,-3.353,-10.01,0.708,1549046311281
35,-0.44,0.003,0.128,-3.619,-9.478,0.511,1549046311301
35,-0.283,-0.013,0.131,-3.388,-8.719,0.22,1549046311320
35,-0.534,-0.017,0.085,-3.182,-9.686,0.528,1549046311340
35,-0.638,0.004,0.099,-2.926,-10.298,-0.664,1549046311361
35,-0.57,-0.024,0.091,-3.471,-9.69,0.142,1549046311380
35,-0.498,-0.04,0.06,-3.609,-8.69,0.172,1549046311401
35,-0.558,-0.018,0.038,-3.697,-8.776,-0.729,1549046311421
35,-0.585,0.052,0.083,-3.788,-10.011,-0.89,1549046311441
35,-0.324,0.1,0.118,-3.589,-9.35,1.621,1549046311461
35,-0.293,0.128,0.086,-2.903,-9.207,-0.529,1549046311481
35,-0.306,0.15,0.117,-3.75,-8.985,0.007,1549046311501
36,-0.257,0.189,0.108,-3.327,-10.204,-1.183,1549046311520
36,-0.087,0.185,0.129,-3.439,-10.032,-0.289,1549046311541
36,-0.183,0.138,0.055,-3.558,-9.394,-0.679,1549046311561
36,-0.224,0.162,0.028,-3.353,-9.254,-0.823,1549046311581
36,-0.118,0.18,0.071,-3.393,-9.514,-0.673,1549046311601
36,0.082,0.201,0.103,-3.882,-9.429,0.069,1549046311620
36,0.138,0.224,0.118,-4.222,-8.695,-0.466,1549046311641
36,0.253,0.238,0.156,-4.315,-8.821,-0.52,1549046311661
36,0.222,0.188,0.166,-5.055,-8.508,-0.753,1549046311681
36,0.061,0.063,0.11,-4.336,-10.246,-2.074,1549046311701
36,0.087,-0.005,0.088,-4.605,-8.79,0.123,1549046311720
37,-0.152,-0.022,0.013,-4.609,-8.814,-0.301,1549046311741
37,-0.073,-0.005,0.113,-4.572,-8.782,-0.063,1549046311760
37,-0.047,0.007,0.113,-4.855,-8.862,-0.246,1549046311781
37,-0.065,-0.029,0.142,-5.016,-8.864,-0.68,1549046311801
37,-0.099,-0.107,0.147,-4.755,-9.245,-0.451,1549046311821
37,-0.167,-0.197,0.114,-3.99,-9.535,-0.055,1549046311841
37,-0.188,-0.25,0.117,-4.848,-8.963,0.11,1549046311862
37,-0.217,-0.331,0.115,-5.28,-8.922,-0.555,1549046311881
37,-0.217,-0.402,0.131,-5.062,-8.847,-0.473,1549046311901
37,-0.304,-0.464,0.146,-4.955,-8.69,-1.161,1549046311921
37,-0.464,-0.506,0.151,-4.866,-9.215,-0.835,1549046311941
37,-0.507,-0.54,0.19,-5.342,-8.137,0.001,1549046311961
38,-0.503,-0.631,0.202,-5.51,-8.713,-1.194,1549046311981
38,-0.3,-0.713,0.256,-5.391,-7.978,-0.192,1549046312002
38,-0.504,-0.8,0.241,-4.731,-8.316,-0.879,1549046312022
38,-0.748,-0.829,0.274,-5.316,-9.204,-1.338,1549046312041
38,-0.548,-0.853,0.3,-5.724,-8.188,-0.202,1549046312062
38,-0.428,-0.878,0.281,-5.399,-7.75,-0.545,1549046312082
38,-0.62,-0.883,0.271,-5.3,-8.774,-0.23,1549046312102
38,-0.715,-0.858,0.26,-5.255,-8.8,-0.781,1549046312122
38,-0.723,-0.872,0.239,-5.6,-8.159,-0.555,1549046312142
38,-0.711,-0.915,0.196,-5.794,-8.28,-0.169,1549046312162
38,-0.801,-0.928,0.15,-5.265,-8.823,-0.59,1549046312181
38,-0.835,-0.916,0.14,-5.409,-8.865,-1.08,1549046312202
39,-0.551,-0.956,0.162,-5.68,-8.259,-0.979,1549046312222
39,-0.42,-0.992,0.156,-5.68,-8.282,0.168,1549046312242
39,-0.451,-0.932,0.151,-5.406,-8.631,-0.116,1549046312261
39,-0.464,-0.857,0.167,-5.456,-8.266,-1.049,1549046312282
39,-0.403,-0.808,0.2,-5.819,-8.006,-0.918,1549046312302
39,-0.474,-0.79,0.199,-5.553,-8.485,-0.543,1549046312322
39,-0.543,-0.746,0.18,-5.5,-8.757,-0.51,1549046312341
39,-0.438,-0.689,0.162,-5.517,-8.458,-0.691,1549046312362
39,-0.315,-0.603,0.121,-5.48,-8.387,-1.148,1549046312382
39,-0.151,-0.525,0.082,-5.668,-8.213,-0.641,1549046312401
40,-0.202,-0.488,0.014,-5.496,-8.954,-0.537,1549046312422
40,-0.209,-0.447,-0.043,-5.377,-8.424,-0.399,1549046312442
40,-0.215,-0.402,-0.085,-5.669,-7.913,-0.705,1549046312462
40,-0.254,-0.363,-0.112,-5.862,-8.291,-0.933,1549046312482
40,-0.189,-0.352,-0.101,-5.486,-8.555,0.083,1549046312502
40,-0.07,-0.297,-0.095,-5.309,-8.274,0.234,1549046312522
40,-0.026,-0.251,-0.093,-5.179,-8.38,-0.405,1549046312542
40,-0.04,-0.241,-0.04,-5.736,-8.884,-1.554,1549046312562
40,0.106,-0.196,-0.026,-5.474,-7.537,-0.689,1549046312582
40,0.019,-0.183,-0.019,-5.375,-9.163,-0.322,1549046312602
41,0.061,-0.131,-0.03,-5.361,-8.259,-0.623,1549046312622
41,0.073,-0.07,-0.053,-5.306,-8.111,-0.61,1549046312641
41,0.038,-0.022,-0.026,-5.428,-8.451,-0.686,1549046312662
41,0.1,0.042,-0.018,-5.418,-8.147,-0.611,1549046312682
41,0.104,0.106,-0.002,-5.374,-8.272,-0.307,1549046312702
41,0.126,0.17,-0.013,-5.573,-7.488,-1.769,1549046312722
41,0.185,0.255,0.045,-5.371,-7.799,0.987,1549046312742
41,0.124,0.258,0.032,-5.018,-8.965,-0.565,1549046312762
41,0.295,0.301,0.067,-5.041,-8.415,-0.228,1549046312782
41,0.386,0.338,0.023,-5.15,-8.527,-0.241,1549046312802
41,0.408,0.415,-0.011,-4.848,-8.544,-0.298,1549046312822
41,0.383,0.494,-0.07,-5.224,-8.753,-0.284,1549046312842
42,0.374,0.49,-0.135,-5.488,-8.906,0.309,1549046312862
42,0.452,0.428,-0.208,-5.24,-8.306,0.041,1549046312882
42,0.391,0.379,-0.173,-4.805,-9.151,0.16,1549046312903
42,0.414,0.422,-0.209,-4.928,-8.382,-0.042,1549046312922
42,0.39,0.437,-0.207,-5.252,-9.021,0.179,1549046312942
42,0.266,0.418,-0.226,-4.918,-9.379,0.382,1549046312963
42,0.203,0.391,-0.277,-4.812,-9.178,0.026,1549046312982
42,0.231,0.368,-0.307,-4.842,-9.334,-0.171,1549046313003
42,0.351,0.382,-0.224,-4.937,-8.965,0.142,1549046313023
42,0.375,0.382,-0.155,-5.047,-9.178,0.126,1549046313043
42,0.288,0.397,-0.131,-4.979,-9.352,0.168,1549046313062
43,0.104,0.382,-0.147,-4.891,-9.152,-0.08,1549046313082
43,0.054,0.348,-0.135,-4.875,-8.982,-0.304,1549046313103
43,0.149,0.344,-0.088,-4.852,-9.067,0.542,1549046313123
43,0.134,0.293,-0.069,-5.16,-8.921,0.26,1549046313143
43,0.094,0.239,-0.075,-5.109,-9.027,0.274,1549046313162
43,0.12,0.191,-0.108,-4.881,-8.538,-0.017,1549046313183
43,0.125,0.173,-0.107,-4.796,-8.921,0.146,1549046313203
43,0.014,0.138,-0.133,-4.796,-9.585,0.458,1549046313223
43,0.044,0.05,-0.216,-4.903,-8.81,0.213,1549046313243
43,0.055,-0.012,-0.191,-4.618,-9.182,0.326,1549046313263
44,0.068,-0.084,-0.232,-4.871,-8.488,0.223,1549046313283
44,-0.049,-0.063,-0.117,-5.046,-8.531,0.291,1549046313302
44,-0.08,-0.054,-0.074,-4.695,-9.165,0.124,1549046313323
44,-0.012,-0.035,-0.035,-4.539,-9.409,-0.278,1549046313343
44,-0.019,-0.031,-0.07,-4.574,-9.071,-0.468,1549046313363
44,-0.131,-0.017,-0.081,-4.842,-8.582,-0.196,1549046313383
44,-0.181,0.006,-0.05,-4.753,-8.738,-0.107,1549046313403
44,-0.182,0.044,-0.021,-4.72,-8.764,-0.114,1549046313423
44,-0.159,0.097,-0.034,-4.527,-9.276,-0.002,1549046313443
44,-0.086,0.107,-0.052,-4.624,-9.05,-0.226,1549046313463
44,-0.121,0.067,-0.072,-4.796,-9.002,0.104,1549046313483
44,-0.128,0.022,-0.085,-4.636,-9.042,-0.079,1549046313503
44,-0.068,-0.01,-0.085,-4.709,-8.881,-0.134,1549046313523
45,-0.047,-0.035,-0.111,-4.698,-8.841,-0.296,1549046313542
45,-0.066,-0.057,-0.14,-4.597,-9.41,-0.02,1549046313563
45,-0.051,-0.07,-0.17,-4.305,-9.034,-0.327,1549046313583
45,-0.04,-0.078,-0.179,-4.47,-8.846,-0.478,1549046313603
45,-0.081,-0.081,-0.191,-4.528,-9.295,-0.364,1549046313623
45,-0.083,-0.081,-0.196,-4.39,-9.332,-0.265,1549046313643
45,-0.049,-0.118,-0.196,-4.445,-9.023,-0.399,1549046313663
45,-0.011,-0.145,-0.199,-4.487,-9.119,-0.374,1549046313683
45,-0.023,-0.139,-0.197,-4.39,-9.536,-0.829,1549046313703
45,-0.065,-0.109,-0.187,-4.47,-9.259,-0.459,1549046313723
45,-0.08,-0.091,-0.188,-4.466,-9.605,-0.121,1549046313743
46,-0.038,-0.104,-0.197,-4.395,-9.366,-0.272,1549046313763
46,-0.075,-0.113,-0.203,-4.367,-9.172,-0.546,1549046313783
46,-0.114,-0.092,-0.199,-4.288,-8.887,-0.416,1549046313803
46,-0.121,-0.08,-0.179,-4.516,-9.367,-0.174,1549046313824
46,-0.003,-0.076,-0.211,-3.75,-9.467,-0.668,1549046313843
46,0.078,-0.093,-0.239,-4.292,-9.614,-0.371,1549046313864
46,-0.011,-0.07,-0.158,-4.116,-9.214,-0.533,1549046313883
46,-0.024,-0.089,-0.161,-4.417,-8.992,-0.586,1549046313903
46,-0.118,-0.063,-0.156,-4.069,-9.665,0.051,1549046313924
46,-0.019,-0.079,-0.146,-3.682,-9.627,-0.377,1549046313943
46,0.138,-0.123,-0.166,-3.992,-9.539,-0.643,1549046313963
47,0.121,-0.156,-0.208,-3.911,-9.761,-0.539,1549046313984
47,-0.095,-0.211,-0.247,-3.478,-9.363,-0.767,1549046314003
47,-0.118,-0.258,-0.245,-3.872,-9.271,-0.232,1549046314023
47,-0.008,-0.266,-0.25,-3.957,-9.727,-0.122,1549046314043
47,0.115,-0.258,-0.254,-3.727,-9.542,-0.924,1549046314063
47,0.082,-0.245,-0.26,-4.06,-9.331,-0.836,1549046314084
47,-0.145,-0.269,-0.244,-4.23,-9.43,-0.558,1549046314104
47,-0.188,-0.293,-0.218,-4.027,-9.807,-0.511,1549046314124
47,-0.114,-0.305,-0.193,-3.986,-9.941,-0.174,1549046314144
47,-0.036,-0.276,-0.168,-3.847,-9.352,-0.616,1549046314164
47,-0.035,-0.254,-0.148,-4.136,-9.692,-0.104,1549046314184
47,-0.109,-0.259,-0.134,-4.002,-9.703,0.79,1549046314204
47,0.002,-0.275,-0.154,-4.194,-9.384,-0.009,1549046314224
48,0.091,-0.255,-0.161,-4.009,-9.135,-0.01,1549046314244
48,0.07,-0.213,-0.183,-3.88,-9.609,0.06,1549046314263
48,-0.019,-0.187,-0.183,-3.147,-10.108,-0.535,1549046314284
48,0.037,-0.165,-0.18,-3.055,-9.863,-0.488,1549046314303
48,0.052,-0.179,-0.16,-3.396,-9.574,0.321,1549046314324
48,0.105,-0.165,-0.146,-3.363,-9.48,-0.058,1549046314344
48,0.088,-0.151,-0.118,-3.143,-10.096,-0.019,1549046314364
48,0.126,-0.126,-0.122,-3.052,-10.152,0.155,1549046314384
48,0.284,-0.123,-0.139,-3.109,-10.084,0.263,1549046314404
48,0.332,-0.15,-0.179,-3.158,-9.162,0.055,1549046314424
48,0.265,-0.162,-0.164,-3.383,-9.245,-0.391,1549046314444
49,0.073,-0.103,-0.134,-3.195,-9.53,0.479,1549046314464
49,0.108,-0.077,-0.126,-3.366,-9.842,0.768,1549046314484
49,0.254,-0.097,-0.131,-3.126,-9.843,0.793,1549046314504
49,0.38,-0.082,-0.167,-3.293,-9.463,0.774,1549046314524
49,0.318,-0.072,-0.216,-2.872,-9.252,-0.294,1549046314544
49,0.159,-0.043,-0.226,-2.79,-9.823,0.034,1549046314564
49,0.011,-0.092,-0.228,-3.132,-9.234,0.435,1549046314584
49,0.169,-0.158,-0.226,-2.849,-9.872,0.462,1549046314604
49,0.283,-0.187,-0.233,-2.776,-9.686,0.247,1549046314624
49,0.23,-0.19,-0.223,-3.008,-10.124,1.003,1549046314644
49,0.176,-0.149,-0.227,-3.146,-9.83,1.742,1549046314664
50,0.327,-0.13,-0.198,-2.719,-10.187,0.997,1549046314684
50,0.413,-0.148,-0.18,-3.089,-9.569,0.493,1549046314704
50,0.203,-0.101,-0.156,-2.536,-9.505,-0.05,1549046314724
50,0.025,-0.036,-0.125,-2.11,-11.297,0.044,1549046314744
50,0.067,-0.038,-0.099,-3.294,-10.359,2.936,1549046314764
50,0.178,-0.121,-0.094,-2.164,-10.572,0.587,1549046314784
50,0.384,-0.195,-0.052,-2.546,-9.923,0.797,1549046314804
50,0.233,-0.189,-0.077,-2.438,-10.07,0.75,1549046314825
50,0.15,-0.168,-0.059,-2.325,-9.942,0.66,1549046314844
50,0.051,-0.173,-0.043,-2.37,-9.535,1.11,1549046314865
50,0.06,-0.19,-0.031,-2.295,-9.785,1.407,1549046314884
50,0.129,-0.164,-0.03,-1.824,-10.227,0.942,1549046314904
50,0.089,-0.121,-0.037,-2.052,-9.785,1.504,1549046314924
50,0.0,-0.132,-0.047,-1.817,-9.849,1.133,1549046314944
51,0.038,-0.163,-0.062,-1.88,-9.695,0.841,1549046314965
51,-0.02,-0.14,-0.107,-1.98,-9.109,1.69,1549046314984
51,0.056,-0.127,-0.155,-1.701,-9.734,1.363,1549046315005
51,0.041,-0.118,-0.174,-2.164,-9.375,1.891,1549046315025
51,0.011,-0.122,-0.164,-1.961,-9.632,1.919,1549046315044
51,0.204,-0.098,-0.125,-1.591,-9.984,0.869,1549046315065
51,0.125,-0.084,-0.096,-2.006,-9.684,1.479,1549046315085
51,0.023,-0.07,-0.093,-2.099,-9.473,1.28,1549046315105
51,0.11,-0.059,-0.105,-1.776,-10.16,1.272,1549046315125
51,0.164,-0.051,-0.125,-1.702,-10.043,1.451,1549046315145
51,0.075,-0.074,-0.172,-1.619,-9.745,1.122,1549046315165
51,-0.02,-0.084,-0.212,-1.399,-9.888,1.219,1549046315184
51,-0.008,-0.047,-0.21,-1.543,-9.624,1.459,1549046315204
51,0.075,-0.01,-0.195,-1.777,-9.495,1.357,1549046315225
52,0.038,-0.01,-0.183,-2.27,-9.295,1.978,1549046315244
52,0.019,-0.038,-0.173,-1.908,-10.22,1.581,1549046315265
52,0.137,-0.071,-0.184,-1.575,-10.127,1.184,1549046315285
52,-0.049,-0.082,-0.226,-1.817,-9.504,1.384,1549046315305
52,-0.103,-0.029,-0.201,-1.408,-9.953,1.286,1549046315325
52,-0.02,-0.007,-0.142,-1.259,-10.627,1.177,1549046315345
52,-0.048,-0.007,-0.114,-1.73,-10.284,1.432,1549046315365
52,-0.055,0.015,-0.084,-2.032,-10.112,1.263,1549046315385
52,0.039,-0.009,-0.051,-1.924,-10.212,1.404,1549046315405
52,0.019,-0.069,-0.049,-1.851,-10.333,1.867,1549046315425
52,0.021,-0.077,-0.048,-1.852,-10.281,1.367,1549046315444
53,0.01,-0.064,-0.051,-2.004,-9.97,1.222,1549046315465
53,-0.038,-0.031,-0.051,-1.768,-10.083,1.449,1549046315485
53,-0.02,-0.014,-0.029,-1.598,-10.245,1.322,1549046315505
53,-0.01,-0.016,-0.019,-1.796,-10.116,1.55,1549046315525
53,-0.049,-0.01,-0.025,-1.821,-10.154,1.615,1549046315545
53,-0.027,-0.044,-0.028,-1.777,-9.888,1.673,1549046315565
53,0.08,-0.044,-0.034,-1.543,-9.864,1.169,1549046315585
53,0.011,-0.017,-0.032,-1.26,-9.917,0.987,1549046315605
53,0.019,-0.015,-0.034,-1.757,-9.896,1.254,1549046315625
53,0.023,-0.034,-0.049,-1.513,-10.124,1.562,1549046315645
53,0.035,-0.039,-0.061,-1.442,-10.043,1.432,1549046315665
54,0.001,-0.065,-0.091,-1.681,-9.601,1.183,1549046315685
54,-0.113,-0.066,-0.101,-1.774,-9.728,1.134,1549046315705
54,-0.172,-0.037,-0.1,-1.605,-9.959,1.302,1549046315726
54,-0.062,-0.053,-0.113,-1.405,-9.853,1.327,1549046315745
54,0.0,-0.095,-0.124,-1.526,-9.745,1.485,1549046315766
54,0.021,-0.086,-0.14,-1.608,-9.608,1.555,1549046315785
54,-0.025,-0.104,-0.103,-1.523,-9.998,2.463,1549046315806
54,-0.136,-0.199,-0.217,-0.898,-10.404,1.81,1549046315826
54,-0.123,-0.266,-0.209,-1.237,-9.83,1.648,1549046315845
54,-0.153,-0.299,-0.231,-0.907,-9.93,1.685,1549046315865
54,-0.065,-0.343,-0.218,-1.068,-10.372,1.361,1549046315885
54,0.19,-0.266,-0.191,-0.919,-10.321,1.003,1549046315905
54,0.254,-0.227,-0.18,-1.332,-9.682,1.547,1549046315926
55,0.031,-0.305,-0.163,-1.238,-9.923,1.705,1549046315945
55,-0.12,-0.376,-0.17,-0.935,-9.933,2.035,1549046315966
55,-0.026,-0.422,-0.207,-0.647,-10.264,2.339,1549046315986
55,0.339,-0.479,-0.187,-1.025,-9.877,1.392,1549046316005
55,0.372,-0.521,-0.246,-1.143,-10.196,1.321,1549046316025
55,0.127,-0.618,-0.25,-0.697,-10.967,1.198,1549046316045
55,0.209,-0.481,-0.203,-1.113,-10.393,1.206,1549046316066
55,0.566,-0.325,-0.207,-1.331,-9.715,2.061,1549046316086
55,0.464,-0.307,-0.159,-1.017,-9.563,1.353,1549046316106
55,0.114,-0.32,-0.134,-0.646,-10.471,1.346,1549046316126
55,0.059,-0.18,-0.073,-0.917,-10.086,1.059,1549046316146
55,0.164,-0.103,-0.069,-0.684,-9.633,1.225,1549046316167
55,0.218,-0.094,-0.091,-0.677,-9.63,1.23,1549046316186
55,0.35,-0.053,-0.063,-0.582,-9.553,1.845,1549046316206
56,0.303,-0.095,-0.044,-0.248,-10.268,2.556,1549046316226
56,0.386,-0.051,-0.046,-0.315,-10.932,2.477,1549046316245
56,0.697,-0.004,-0.121,-0.525,-10.083,1.761,1549046316266
56,0.517,0.008,-0.095,-0.871,-8.913,2.229,1549046316286
56,0.08,-0.057,-0.074,-0.485,-9.658,2.457,1549046316306
56,0.002,0.016,-0.06,-1.025,-9.651,1.542,1549046316326
56,0.183,0.051,-0.057,-0.692,-10.205,1.669,1549046316346
56,0.077,0.013,-0.02,-0.39,-9.458,2.582,1549046316366
56,-0.096,-0.001,-0.025,-0.337,-9.99,2.883,1549046316386
56,0.137,0.086,-0.029,-0.571,-9.483,2.461,1549046316405
57,0.288,0.144,-0.018,-0.607,-9.67,2.181,1549046316426
57,0.182,0.078,-0.036,-0.225,-10.439,2.606,1549046316446
57,0.013,0.007,-0.049,-0.246,-9.578,2.62,1549046316466
57,-0.056,-0.002,-0.043,-0.54,-9.37,2.525,1549046316486
57,-0.001,0.007,-0.04,-0.568,-9.951,2.458,1549046316506
57,0.104,0.037,-0.038,-0.554,-9.818,2.508,1549046316526
57,0.075,0.014,-0.039,-0.294,-9.895,2.675,1549046316546
57,0.029,-0.001,-0.051,-0.209,-9.943,2.894,1549046316566
57,-0.036,-0.002,-0.053,-0.488,-9.563,2.432,1549046316586
57,-0.049,-0.004,-0.037,-0.287,-9.891,2.507,1549046316607
57,0.026,-0.02,-0.034,-0.116,-9.716,2.357,1549046316626
58,0.112,-0.004,-0.038,-0.599,-9.557,2.349,1549046316646
58,0.086,-0.001,-0.028,-0.492,-9.698,2.585,1549046316666
58,-0.02,0.0,-0.022,-0.171,-10.129,2.614,1549046316686
58,-0.028,0.003,-0.012,-0.292,-9.798,2.386,1549046316707
58,-0.037,0.022,-0.026,-0.784,-9.721,2.821,1549046316727
58,-0.124,0.051,-0.041,-0.898,-9.741,2.819,1549046316746
58,-0.067,0.085,-0.057,-0.265,-9.234,2.386,1549046316767
58,0.107,0.102,-0.058,-0.289,-10.085,2.383,1549046316787
58,0.103,0.069,-0.043,-0.237,-9.583,2.9,1549046316807
58,-0.049,0.023,-0.04,-0.309,-9.699,2.706,1549046316827
58,-0.038,0.005,-0.043,-0.066,-9.949,2.598,1549046316846
59,0.121,0.012,-0.036,-0.067,-9.895,2.671,1549046316866
59,0.208,0.043,-0.019,-0.283,-9.526,2.183,1549046316887
59,0.068,0.032,-0.014,-0.284,-9.746,2.41,1549046316907
59,-0.042,0.028,0.002,-0.261,-10.272,2.466,1549046316927
59,0.002,0.037,0.029,-0.075,-9.832,2.699,1549046316947
59,0.058,0.028,0.021,-0.185,-9.939,2.867,1549046316967
59,0.078,0.003,0.023,-0.246,-9.923,2.87,1549046316987
59,0.044,-0.007,0.025,-0.193,-9.852,2.444,1549046317007
59,0.042,-0.015,0.021,-0.299,-10.01,2.272,1549046317027
59,-0.005,-0.019,0.021,-0.519,-9.559,2.729,1549046317046
59,-0.032,-0.017,0.009,-0.397,-9.77,2.614,1549046317066
60,-0.006,-0.003,0.013,-0.523,-9.302,2.393,1549046317087
60,0.026,0.008,0.036,-0.515,-9.371,2.454,1549046317106
60,0.066,0.03,0.07,-0.187,-10.405,2.514,1549046317127
60,0.005,0.02,0.055,-0.159,-10.24,2.746,1549046317147
60,-0.007,0.012,0.03,-0.384,-9.648,2.781,1549046317167
60,0.019,0.016,0.019,-0.569,-9.641,2.824,1549046317187
60,0.038,0.026,0.014,-0.55,-9.385,2.416,1549046317207
60,-0.118,0.005,0.019,-0.452,-10.129,2.441,1549046317227
60,-0.074,0.017,0.005,-0.336,-9.755,2.756,1549046317247
60,0.01,0.016,-0.001,-0.416,-9.759,2.805,1549046317267
60,0.007,0.003,0.004,-0.43,-9.366,2.692,1549046317287
61,-0.02,0.006,-0.001,-0.322,-10.11,2.611,1549046317307
61,0.131,0.017,-0.004,-0.467,-9.598,2.668,1549046317327
61,0.042,-0.001,0.005,-0.34,-9.673,2.726,1549046317347
61,-0.071,0.001,0.003,-0.381,-9.61,2.567,1549046317367
61,-0.103,0.014,-0.004,-0.3,-10.184,2.511,1549046317387
61,0.095,0.034,-0.003,-0.283,-9.708,2.763,1549046317407
61,0.143,0.029,-0.001,-0.503,-9.741,2.726,1549046317427
61,0.0,-0.01,0.009,-0.623,-9.463,2.33,1549046317447
61,-0.164,-0.006,0.019,-0.356,-9.87,2.568,1549046317467
61,-0.085,0.017,0.006,-0.3,-9.908,2.71,1549046317487
61,0.094,0.052,0.004,-0.571,-9.545,2.702,1549046317508
61,0.071,0.037,-0.002,-0.285,-9.807,2.843,1549046317527
61,0.052,0.015,-0.01,-0.256,-9.903,2.893,1549046317547
62,0.07,-0.002,-0.008,-0.347,-9.76,2.625,1549046317568
62,0.045,-0.013,-0.004,-0.552,-9.495,2.594,1549046317587
62,-0.039,-0.01,-0.007,-0.527,-9.609,2.692,1549046317607
62,-0.054,-0.001,-0.005,-0.423,-9.901,2.683,1549046317628
62,0.011,0.006,0.0,-0.359,-9.978,2.464,1549046317648
62,0.023,0.013,0.005,-0.446,-9.782,2.581,1549046317668
62,-0.023,0.014,0.003,-0.38,-9.44,2.737,1549046317688
62,-0.062,0.018,0.008,-0.506,-9.808,2.773,1549046317708
62,-0.071,0.016,0.005,-0.471,-9.752,2.645,1549046317728
62,-0.075,0.012,-0.001,-0.487,-9.686,2.656,1549046317747
62,-0.01,0.018,0.002,-0.405,-9.534,3.04,1549046317767
63,0.036,-0.001,-0.004,-0.153,-10.043,2.749,1549046317788
63,0.093,-0.01,-0.004,-0.425,-9.564,2.809,1549046317807
63,0.0,-0.032,-0.006,-0.333,-9.992,2.619,1549046317828
63,-0.022,-0.023,-0.014,-0.386,-9.996,2.552,1549046317848
63,0.03,0.003,-0.022,-0.471,-9.485,2.526,1549046317868
63,-0.009,0.02,-0.016,-0.665,-9.801,2.383,1549046317888
63,-0.019,-0.005,-0.009,-0.523,-10.123,2.33,1549046317908
63,-0.082,-0.038,-0.01,-0.498,-9.78,2.804,1549046317928
63,-0.034,-0.003,-0.015,-0.673,-9.467,2.943,1549046317948
63,0.038,0.029,-0.02,-0.598,-9.664,2.488,1549046317968
63,0.034,0.02,-0.015,-0.508,-9.595,2.235,1549046317988
63,-0.042,-0.002,-0.02,-0.199,-9.664,2.585,1549046318007
64,-0.075,-0.008,-0.023,-0.386,-9.908,2.993,1549046318028
64,-0.034,0.007,-0.028,-0.422,-9.858,2.74,1549046318048
64,-0.032,0.039,-0.032,-0.287,-9.555,2.169,1549046318067
64,-0.085,0.005,-0.027,-0.325,-9.365,2.199,1549046318088
64,-0.156,-0.016,0.015,-0.315,-9.867,2.654,1549046318108
64,-0.083,0.019,0.035,-0.31,-9.995,2.594,1549046318128
64,0.02,0.046,0.047,-0.43,-9.765,2.513,1549046318148
64,-0.001,0.014,0.052,-0.352,-9.694,2.471,1549046318168
64,-0.049,0.019,0.063,-0.474,-9.954,2.773,1549046318188
64,-0.072,0.006,0.068,-0.404,-10.151,2.936,1549046318207
64,-0.04,-0.006,0.051,-0.354,-9.648,2.7,1549046318228
65,-0.034,-0.009,0.053,-0.512,-9.698,2.471,1549046318248
65,-0.012,-0.018,0.055,-0.525,-9.649,2.436,1549046318268
65,-0.035,-0.035,0.048,-0.428,-9.704,2.305,1549046318288
65,-0.047,-0.038,0.049,-0.544,-9.789,2.399,1549046318308
65,-0.066,-0.041,0.058,-0.53,-9.815,2.445,1549046318328
65,-0.095,-0.036,0.07,-0.538,-9.73,2.301,1549046318348
65,-0.119,-0.032,0.08,-0.64,-9.504,2.099,1549046318368
65,-0.126,-0.042,0.097,-0.594,-9.843,2.166,1549046318388
65,-0.121,-0.051,0.108,-0.492,-9.962,2.419,1549046318409
65,-0.188,-0.037,0.127,-0.588,-10.033,2.191,1549046318428
65,-0.182,-0.032,0.152,-0.698,-9.488,2.407,1549046318449
65,-0.124,-0.034,0.16,-0.705,-9.809,2.67,1549046318468
65,-0.072,-0.009,0.136,-0.479,-10.053,2.374,1549046318488
65,-0.047,0.018,0.117,-0.427,-9.901,2.198,1549046318508
66,-0.106,0.012,0.075,-0.318,-9.902,1.962,1549046318528
66,-0.157,0.053,0.02,-0.471,-10.045,2.013,1549046318548
66,-0.064,0.103,-0.056,-0.416,-9.834,1.994,1549046318568
66,-0.058,0.13,-0.111,-0.79,-10.204,2.057,1549046318589
66,-0.106,0.118,-0.12,-0.904,-10.068,2.593,1549046318608
66,-0.223,0.094,-0.083,-0.397,-10.197,2.669,1549046318629
66,-0.192,0.21,-0.055,-0.621,-10.506,2.268,1549046318649
66,0.159,0.286,-0.111,-0.754,-9.616,1.937,1549046318668
66,0.258,0.263,-0.135,-0.632,-9.903,1.994,1549046318689
66,0.099,0.187,-0.151,-0.421,-9.951,2.408,1549046318708
66,0.003,0.186,-0.187,-0.388,-9.776,2.564,1549046318729
66,0.097,0.222,-0.197,-0.265,-9.808,2.229,1549046318749
67,0.074,0.246,-0.23,-0.477,-9.908,1.751,1549046318769
67,0.04,0.312,-0.261,-0.945,-9.799,1.723,1549046318788
67,0.013,0.314,-0.236,-0.791,-8.934,2.222,1549046318809
67,-0.212,0.234,-0.173,-0.565,-9.348,1.637,1549046318829
67,-0.346,0.221,-0.142,-0.408,-10.393,1.732,1549046318849
67,-0.093,0.271,-0.161,-0.239,-10.385,1.891,1549046318869
67,0.083,0.327,-0.205,-0.336,-9.978,1.991,1549046318889
67,-0.042,0.271,-0.203,-0.349,-9.751,2.431,1549046318909
67,-0.328,0.193,-0.229,-0.343,-9.719,2.208,1549046318929
67,-0.262,0.172,-0.223,-0.358,-9.471,2.724,1549046318948
68,-0.055,0.181,-0.187,-0.2,-9.766,2.83,1549046318969
68,0.061,0.189,-0.157,-0.323,-9.989,2.413,1549046318989
68,-0.006,0.179,-0.136,-0.512,-10.055,1.822,1549046319008
68,-0.039,0.171,-0.104,-0.462,-10.505,1.951,1549046319029
68,0.035,0.102,-0.105,-0.103,-10.151,1.615,1549046319049
68,0.099,0.07,-0.165,-0.039,-10.058,1.77,1549046319069
68,0.038,0.03,-0.166,0.15,-10.324,2.093,1549046319089
68,-0.001,0.047,-0.153,-0.048,-9.633,1.694,1549046319109
68,0.046,0.061,-0.095,-0.167,-9.733,1.751,1549046319129
68,0.049,0.007,-0.088,-0.369,-10.012,2.124,1549046319149
68,0.053,-0.032,-0.1,-0.254,-10.174,2.158,1549046319169
69,0.051,-0.077,-0.097,0.039,-10.462,2.198,1549046319189
69,0.051,-0.08,-0.103,0.304,-9.955,2.239,1549046319209
69,0.063,-0.011,-0.072,-0.034,-9.21,2.317,1549046319229
69,-0.058,0.076,-0.05,-0.354,-9.377,2.141,1549046319249
69,-0.058,0.055,-0.089,-0.291,-9.808,1.773,1549046319270
69,0.099,0.068,-0.062,-0.047,-10.249,1.397,1549046319289
69,0.121,0.081,-0.042,-0.122,-10.561,1.615,1549046319310
69,0.005,0.043,-0.017,-0.14,-10.216,2.179,1549046319330
69,-0.141,-0.022,0.004,-0.164,-9.372,2.397,1549046319349
69,-0.217,-0.029,0.025,-0.037,-9.703,2.601,1549046319369
69,-0.142,0.024,0.049,0.077,-10.343,1.82,1549046319390
69,0.135,0.105,0.053,0.127,-10.422,1.681,1549046319409
69,0.194,0.099,0.056,-0.074,-10.105,1.654,1549046319429
70,-0.01,0.051,0.05,-0.311,-10.06,1.605,1549046319450
70,-0.136,0.006,0.066,-0.236,-9.786,1.847,1549046319470
70,-0.097,-0.004,0.049,-0.202,-9.859,2.144,1549046319489
70,0.006,0.008,0.039,0.0,-9.978,2.193,1549046319510
70,0.0,0.039,0.04,-0.234,-9.921,2.02,1549046319530
70,-0.063,0.038,0.027,-0.315,-9.766,2.001,1549046319550
70,-0.099,0.0,0.023,-0.252,-9.807,2.129,1549046319570
70,-0.051,-0.01,0.023,-0.08,-10.001,2.212,1549046319590
70,0.073,0.002,0.017,0.027,-9.88,1.932,1549046319610
70,0.097,0.015,0.018,-0.095,-9.97,1.656,1549046319629
71,-0.012,-0.022,0.036,0.007,-10.281,1.817,1549046319650
71,-0.169,-0.046,0.065,-0.08,-9.972,1.988,1549046319669
71,-0.239,-0.028,0.07,-0.256,-9.821,2.116,1549046319690
71,-0.112,0.0,0.05,-0.309,-9.752,2.095,1549046319710
71,0.03,0.016,0.045,-0.098,-10.005,2.037,1549046319730
71,0.078,0.031,0.052,0.029,-9.889,1.854,1549046319750
71,0.012,0.022,0.041,0.044,-10.087,1.606,1549046319770
71,-0.088,0.02,0.022,-0.172,-10.323,1.749,1549046319790
71,-0.087,-0.015,0.016,-0.105,-9.983,2.091,1549046319810
71,-0.021,0.001,0.001,-0.262,-9.727,2.187,1549046319830
71,0.017,0.02,-0.01,-0.256,-9.947,1.972,1549046319850
71,0.031,0.018,-0.003,-0.167,-10.111,1.815,1549046319869
71,0.025,0.003,0.001,-0.121,-9.918,1.68,1549046319890
71,0.019,-0.01,-0.006,-0.173,-9.93,1.937,1549046319910
72,0.008,-0.005,0.0,-0.273,-10.067,1.998,1549046319930
72,0.004,0.014,0.007,-0.373,-9.962,1.947,1549046319950
72,-0.004,0.012,0.013,-0.261,-9.976,1.823,1549046319970
72,0.016,-0.003,0.011,-0.16,-9.984,1.839,1549046319990
72,0.017,-0.004,0.008,-0.108,-10.234,1.872,1549046320010
72,0.013,0.003,0.012,-0.117,-10.127,1.645,1549046320030
72,0.008,0.001,0.018,-0.167,-9.865,1.713,1549046320050
72,-0.01,-0.022,0.014,-0.249,-9.763,1.919,1549046320070
72,-0.003,-0.034,0.021,-0.216,-9.942,2.385,1549046320090
72,0.031,0.0,0.018,-0.166,-10.028,1.929,1549046320110
72,0.048,0.022,0.012,-0.247,-9.968,1.762,1549046320130
73,0.019,0.019,0.01,-0.187,-10.076,1.882,1549046320151
73,-0.027,0.007,0.008,-0.286,-9.765,1.891,1549046320171
73,-0.029,-0.002,-0.005,-0.339,-9.758,1.989,1549046320190
73,-0.009,-0.017,-0.01,-0.271,-10.061,2.028,1549046320210
73,0.02,-0.008,-0.01,-0.127,-10.134,1.85,1549046320231
73,0.033,0.003,-0.006,-0.179,-10.07,1.805,1549046320251
73,0.001,-0.001,0.005,-0.328,-9.779,1.876,1549046320271
73,-0.033,-0.012,0.006,-0.324,-9.802,1.988,1549046320291
73,-0.01,-0.011,-0.002,-0.241,-10.137,1.866,1549046320311
73,0.019,0.008,0.005,-0.214,-10.183,1.753,1549046320330
74,-0.008,0.0,0.018,-0.183,-9.967,1.87,1549046320350
74,-0.048,-0.014,0.013,-0.198,-9.801,1.979,1549046320370
74,-0.029,-0.011,0.008,-0.262,-9.872,2.087,1549046320391
74,0.012,0.005,0.01,-0.315,-9.909,1.969,1549046320411
74,0.01,0.014,0.003,-0.173,-10.167,1.713,1549046320431
74,0.002,0.005,0.011,-0.281,-9.858,1.837,1549046320451
74,-0.017,0.0,0.004,-0.28,-9.964,2.024,1549046320471
74,-0.004,-0.018,0.008,-0.214,-9.897,2.039,1549046320491
74,0.037,-0.003,0.002,-0.164,-9.971,2.03,1549046320510
74,0.021,-0.002,0.0,-0.165,-10.035,1.853,1549046320531
75,-0.003,0.009,0.006,-0.293,-9.992,1.891,1549046320551
75,-0.015,-0.006,-0.003,-0.164,-10.116,1.791,1549046320570
75,0.005,0.001,0.002,-0.259,-9.932,1.911,1549046320591
75,0.006,0.0,0.001,-0.156,-9.971,1.875,1549046320611
75,-0.014,0.0,0.004,-0.249,-9.977,1.83,1549046320630
75,-0.002,-0.007,0.002,-0.177,-10.004,1.794,1549046320651
75,0.015,0.005,0.004,-0.316,-9.972,1.894,1549046320671
75,-0.003,0.001,0.005,-0.267,-10.012,1.836,1549046320691
75,-0.02,-0.008,0.011,-0.296,-9.799,1.978,1549046320711
75,0.005,-0.01,0.002,-0.277,-9.907,2.104,1549046320731
75,0.01,0.003,0.003,-0.302,-9.998,1.784,1549046320751
75,-0.007,0.004,0.002,-0.223,-10.037,1.7,1549046320771
75,-0.012,-0.002,0.002,-0.272,-9.977,1.856,1549046320791
75,-0.012,-0.014,-0.004,-0.198,-10.034,2.007,1549046320811
76,-0.007,-0.013,0.005,-0.324,-9.962,1.998,1549046320831
76,0.012,-0.008,0.006,-0.203,-9.855,1.981,1549046320851
76,0.014,0.0,0.001,-0.272,-10.074,1.792,1549046320871
76,-0.005,-0.007,0.004,-0.266,-10.178,1.929,1549046320891
76,-0.008,-0.012,0.018,-0.154,-10.042,1.775,1549046320911
76,0.013,-0.021,0.023,-0.15,-9.773,1.687,1549046320932
76,0.04,-0.033,0.014,-0.329,-10.011,1.867,1549046320951
76,-0.008,-0.034,0.016,-0.343,-10.168,2.214,1549046320972
76,-0.021,-0.018,0.027,-0.19,-10.041,2.075,1549046320991
76,-0.003,-0.001,0.032,-0.191,-9.711,1.729,1549046321011
76,0.009,0.005,0.021,-0.396,-10.002,1.882,1549046321031
77,-0.004,-0.019,0.019,-0.362,-10.084,1.895,1549046321051
77,0.006,-0.038,0.02,-0.247,-9.89,1.966,1549046321075
77,0.041,-0.055,0.018,-0.265,-9.828,2.037,1549046321104
77,0.042,-0.035,0.014,-0.334,-9.973,2.089,1549046321131
77,0.027,-0.004,0.005,-0.377,-9.959,1.941,1549046321160
77,0.042,0.015,-0.003,-0.29,-9.989,1.935,1549046321181
77,0.026,0.005,-0.005,-0.183,-9.896,1.794,1549046321201
77,0.02,-0.009,-0.008,-0.129,-10.036,1.964,1549046321222
77,0.0,-0.018,-0.003,-0.228,-9.942,2.001,1549046321242
77,0.01,-0.012,0.012,-0.205,-9.976,1.878,1549046321262
77,0.006,0.0,0.025,-0.211,-9.918,1.79,1549046321281
77,0.013,-0.01,0.026,-0.455,-9.992,2.003,1549046321301
78,0.009,-0.008,0.026,-0.362,-10.084,1.895,1549046321291
78,-0.002,-0.01,0.032,-0.468,-9.855,1.988,1549046321321
78,-0.021,-0.012,0.042,-0.403,-9.838,1.878,1549046321341
78,0.002,-0.009,0.041,-0.399,-9.835,1.923,1549046321362
78,0.005,-0.009,0.038,-0.36,-9.995,1.9,1549046321382
78,-0.016,-0.004,0.034,-0.335,-10.015,1.813,1549046321402
78,-0.032,-0.007,0.025,-0.314,-9.903,1.906,1549046321422
78,-0.05,-0.007,0.023,-0.415,-9.977,1.932,1549046321442
78,-0.024,-0.004,0.018,-0.339,-10.002,2.012,1549046321462
78,-0.005,-0.019,0.011,-0.275,-10.133,2.094,1549046321482
78,-0.026,-0.012,0.013,-0.368,-10.226,2.043,1549046321502
78,0.005,-0.007,0.009,-0.217,-9.893,1.906,1549046321522
78,0.046,-0.007,-0.005,-0.289,-10.015,2.018,1549046321542
