pack,vx,vy,vz,ax,ay,az,time
1,-0.268,-0.269,-0.027,-2.628,-9.526,-0.236,1549046722373
1,-0.319,-0.243,-0.013,-2.674,-9.646,-0.418,1549046722393
1,-0.458,-0.274,0.073,-2.676,-9.843,-0.038,1549046722414
1,-0.424,-0.28,0.131,-2.445,-9.231,0.393,1549046722434
1,-0.378,-0.34,0.095,-2.449,-9.789,-0.174,1549046722454
1,-0.52,-0.341,0.065,-2.581,-9.749,-0.828,1549046722474
1,-0.357,-0.286,0.137,-3.003,-10.051,-1.134,1549046722494
1,-0.292,-0.276,0.146,-2.59,-10.253,-0.701,1549046722514
1,-0.433,-0.326,0.098,-1.962,-10.128,-0.271,1549046722534
1,-0.598,-0.368,0.094,-2.847,-9.189,0.758,1549046722554
1,-0.458,-0.286,0.259,-3.0,-9.854,-0.324,1549046722574
1,-0.564,-0.298,0.26,-2.903,-10.262,-1.604,1549046722594
2,-0.629,-0.129,0.217,-3.072,-9.033,-1.045,1549046722614
2,-0.606,-0.084,0.338,-4.189,-6.855,0.944,1549046722634
2,-0.393,-0.227,0.399,-2.995,-9.423,-0.457,1549046722654
2,-0.741,-0.409,0.379,-3.051,-10.867,-1.774,1549046722673
2,-0.43,-0.244,0.413,-3.199,-11.131,-1.474,1549046722694
2,-0.258,0.011,0.412,-3.058,-9.158,-1.574,1549046722714
2,-0.515,-0.026,0.416,-3.696,-7.0,-1.546,1549046722734
2,-0.63,-0.066,0.371,-3.388,-9.566,-1.779,1549046722754
2,-0.911,-0.215,0.334,-3.515,-11.203,-1.86,1549046722774
2,-0.752,-0.184,0.385,-3.554,-10.236,-0.767,1549046722794
2,-0.255,-0.137,0.368,-4.133,-9.411,-0.697,1549046722814
2,-0.287,-0.174,0.358,-4.039,-10.043,-1.917,1549046722834
3,-0.496,-0.306,0.346,-4.071,-9.525,-1.534,1549046722854
3,-0.518,-0.363,0.313,-3.815,-9.84,-1.682,1549046722874
3,-0.422,-0.328,0.313,-3.963,-9.698,-1.624,1549046722894
3,-0.262,-0.334,0.266,-4.891,-8.556,-1.918,1549046722914
3,-0.357,-0.386,0.193,-4.145,-9.489,-2.361,1549046722934
3,-0.496,-0.439,0.154,-3.944,-9.676,-2.073,1549046722954
3,-0.499,-0.42,0.146,-3.92,-10.22,-2.018,1549046722974
3,-0.579,-0.446,0.126,-3.958,-9.955,-2.682,1549046722994
3,-0.581,-0.487,0.111,-4.366,-8.493,-2.926,1549046723014
3,-0.493,-0.523,0.078,-4.308,-8.931,-2.497,1549046723034
3,-0.474,-0.552,0.082,-4.084,-10.152,-2.129,1549046723054
3,-0.523,-0.542,0.11,-4.518,-9.895,-2.228,1549046723074
3,-0.475,-0.507,0.128,-4.157,-9.234,-2.814,1549046723094
4,-0.424,-0.493,0.152,-4.332,-8.341,-2.727,1549046723114
4,-0.313,-0.466,0.157,-4.48,-9.336,-2.445,1549046723135
4,-0.53,-0.469,0.136,-4.414,-9.221,-2.6,1549046723154
4,-0.71,-0.451,0.183,-4.336,-9.162,-2.579,1549046723174
4,-0.825,-0.456,0.185,-4.49,-9.536,-2.386,1549046723193
4,-0.738,-0.493,0.168,-4.615,-9.01,-2.172,1549046723214
4,-0.527,-0.482,0.161,-4.636,-9.184,-2.223,1549046723234
4,-0.454,-0.459,0.195,-4.623,-9.003,-2.802,1549046723254
4,-0.44,-0.397,0.219,-4.837,-8.301,-2.701,1549046723274
4,-0.654,-0.413,0.209,-4.839,-8.737,-2.419,1549046723294
4,-0.831,-0.474,0.207,-5.028,-8.387,-2.631,1549046723313
4,-0.692,-0.482,0.219,-4.947,-8.525,-2.936,1549046723334
5,-0.489,-0.425,0.249,-5.094,-8.189,-3.026,1549046723354
5,-0.5,-0.383,0.238,-5.193,-7.84,-3.064,1549046723373
5,-0.721,-0.427,0.247,-5.025,-8.257,-3.112,1549046723394
5,-0.838,-0.513,0.213,-4.968,-9.034,-3.269,1549046723415
5,-0.551,-0.505,0.197,-5.406,-7.392,-3.163,1549046723433
5,-0.385,-0.404,0.185,-5.475,-7.033,-3.655,1549046723455
5,-0.638,-0.4,0.214,-5.562,-7.621,-4.459,1549046723474
5,-0.776,-0.419,0.221,-5.231,-8.677,-3.461,1549046723494
5,-0.591,-0.415,0.246,-5.486,-7.857,-3.044,1549046723514
5,-0.456,-0.348,0.228,-5.573,-7.431,-3.506,1549046723533
5,-0.388,-0.296,0.224,-5.665,-7.485,-3.243,1549046723554
5,-0.461,-0.31,0.222,-5.684,-8.051,-3.345,1549046723574
5,-0.514,-0.369,0.194,-5.697,-7.285,-3.571,1549046723594
5,-0.33,-0.305,0.161,-5.651,-7.332,-3.596,1549046723614
5,-0.369,-0.261,0.139,-5.516,-6.844,-3.651,1549046723634
6,-0.561,-0.219,0.15,-5.424,-7.47,-3.269,1549046723654
6,-0.613,-0.203,0.152,-5.252,-7.869,-3.118,1549046723674
6,-0.502,-0.192,0.125,-5.381,-6.513,-3.282,1549046723694
6,-0.319,-0.066,0.097,-5.738,-6.287,-3.628,1549046723714
6,-0.307,0.019,0.127,-5.299,-7.599,-3.527,1549046723734
6,-0.345,0.047,0.145,-4.773,-7.258,-3.721,1549046723754
6,-0.318,0.054,0.1,-5.177,-7.211,-3.201,1549046723774
6,-0.226,0.111,0.072,-5.128,-6.913,-3.592,1549046723794
6,-0.347,0.119,0.046,-5.093,-7.155,-3.739,1549046723814
6,-0.326,0.155,0.03,-5.031,-7.331,-3.737,1549046723834
6,-0.201,0.175,0.003,-5.268,-6.768,-4.035,1549046723854
7,-0.184,0.184,-0.036,-5.109,-6.72,-4.104,1549046723874
7,-0.232,0.152,-0.051,-5.368,-7.199,-4.358,1549046723894
7,-0.278,0.138,-0.032,-5.155,-6.473,-4.772,1549046723915
7,-0.219,0.152,-0.051,-5.137,-6.784,-4.29,1549046723934
7,-0.298,0.172,-0.062,-5.193,-7.44,-4.06,1549046723954
7,-0.355,0.18,-0.022,-5.041,-6.81,-4.583,1549046723974
7,-0.387,0.183,-0.038,-5.525,-6.991,-4.869,1549046723995
7,-0.373,0.233,-0.026,-5.28,-6.897,-4.84,1549046724014
7,-0.336,0.264,-0.014,-5.366,-7.261,-4.24,1549046724034
7,-0.412,0.272,0.004,-5.322,-7.611,-4.398,1549046724054
7,-0.481,0.266,-0.009,-5.611,-6.634,-5.36,1549046724075
8,-0.344,0.304,-0.011,-5.523,-7.151,-4.738,1549046724094
8,-0.353,0.311,0.008,-5.776,-7.248,-4.838,1549046724115
8,-0.433,0.309,0.034,-5.405,-7.498,-4.506,1549046724135
8,-0.419,0.29,0.043,-5.559,-7.31,-5.348,1549046724154
8,-0.341,0.32,0.032,-5.884,-6.416,-5.561,1549046724175
8,-0.304,0.38,0.052,-5.636,-7.763,-4.777,1549046724194
8,-0.432,0.314,0.076,-5.511,-7.237,-4.814,1549046724214
8,-0.378,0.302,0.055,-5.681,-6.961,-5.332,1549046724235
8,-0.382,0.269,0.036,-5.443,-6.582,-6.641,1549046724254
8,-0.334,0.25,0.014,-5.362,-6.687,-5.545,1549046724274
8,-0.355,0.293,0.048,-5.366,-6.855,-5.455,1549046724295
8,-0.434,0.277,0.082,-5.455,-6.994,-5.758,1549046724315
8,-0.477,0.263,0.129,-5.459,-6.355,-6.454,1549046724335
9,-0.326,0.284,0.139,-5.369,-6.476,-6.272,1549046724354
9,-0.352,0.29,0.165,-5.513,-6.536,-6.116,1549046724375
9,-0.482,0.291,0.193,-5.418,-6.725,-5.677,1549046724394
9,-0.463,0.24,0.18,-5.454,-6.557,-6.309,1549046724414
9,-0.329,0.233,0.129,-5.378,-6.34,-6.606,1549046724435
9,-0.258,0.23,0.096,-5.425,-5.928,-6.342,1549046724454
9,-0.227,0.238,0.085,-5.521,-6.843,-5.899,1549046724475
9,-0.332,0.193,0.074,-5.355,-6.679,-5.906,1549046724495
9,-0.232,0.151,0.037,-5.34,-6.111,-6.586,1549046724515
9,-0.164,0.14,0.017,-5.579,-5.537,-6.786,1549046724535
9,-0.197,0.188,0.04,-5.474,-5.988,-6.477,1549046724555
9,-0.264,0.163,0.08,-5.643,-6.159,-6.449,1549046724575
9,-0.196,0.173,0.094,-5.623,-6.065,-6.617,1549046724595
10,-0.133,0.16,0.087,-5.392,-5.987,-6.719,1549046724615
10,-0.024,0.159,0.075,-5.427,-6.184,-6.641,1549046724635
10,-0.04,0.192,0.084,-5.362,-6.0,-6.197,1549046724655
10,-0.049,0.215,0.087,-5.582,-6.109,-7.085,1549046724675
10,-0.026,0.183,0.059,-5.44,-5.913,-6.449,1549046724695
10,0.008,0.134,0.037,-5.369,-6.073,-7.101,1549046724715
10,-0.023,0.084,0.032,-5.2,-5.83,-7.228,1549046724735
10,-0.03,0.06,0.043,-5.272,-6.077,-6.989,1549046724755
10,-0.058,0.036,0.041,-5.214,-6.034,-7.136,1549046724775
10,0.038,0.023,0.025,-4.928,-6.168,-7.125,1549046724795
10,0.11,0.011,0.0,-5.365,-5.69,-7.114,1549046724816
11,0.116,0.037,-0.003,-4.83,-6.175,-7.402,1549046724836
11,0.009,-0.017,-0.034,-4.874,-6.073,-7.657,1549046724855
11,0.033,0.043,-0.057,-4.981,-5.828,-7.128,1549046724875
11,0.009,0.079,-0.053,-4.802,-6.194,-7.188,1549046724895
11,-0.047,0.024,-0.063,-5.02,-6.148,-6.895,1549046724915
11,0.004,-0.008,-0.078,-4.948,-6.325,-7.201,1549046724936
11,-0.015,-0.055,-0.116,-5.06,-5.862,-7.244,1549046724955
11,-0.058,-0.033,-0.131,-5.129,-6.077,-7.138,1549046724975
11,-0.091,-0.034,-0.138,-5.189,-6.144,-6.936,1549046724996
11,-0.06,-0.05,-0.147,-5.348,-5.874,-7.109,1549046725015
11,-0.003,-0.029,-0.152,-5.181,-5.953,-7.182,1549046725035
11,0.012,0.001,-0.145,-5.143,-6.009,-7.122,1549046725056
11,-0.053,0.014,-0.139,-4.972,-6.292,-6.945,1549046725076
12,-0.121,0.005,-0.133,-4.818,-6.534,-7.099,1549046725095
12,-0.142,-0.027,-0.158,-4.706,-6.324,-7.064,1549046725115
12,-0.062,-0.041,-0.181,-4.683,-6.396,-6.992,1549046725136
12,0.01,-0.048,-0.184,-4.746,-6.073,-6.786,1549046725156
12,0.018,-0.066,-0.178,-4.773,-6.363,-6.784,1549046725175
12,-0.085,-0.072,-0.152,-4.717,-6.255,-7.136,1549046725196
12,-0.028,-0.066,-0.145,-4.724,-6.149,-6.725,1549046725216
12,0.01,-0.041,-0.137,-4.827,-6.587,-6.015,1549046725236
12,-0.049,-0.026,-0.11,-4.948,-6.417,-6.129,1549046725256
12,0.0,-0.035,-0.12,-4.715,-6.378,-6.784,1549046725276
12,0.058,-0.049,-0.131,-4.671,-6.387,-6.717,1549046725296
12,0.063,-0.018,-0.13,-4.629,-6.202,-6.773,1549046725316
12,0.033,0.022,-0.13,-4.537,-6.657,-6.713,1549046725336
12,-0.034,0.039,-0.129,-4.824,-6.396,-6.686,1549046725356
13,0.015,0.069,-0.125,-4.599,-6.972,-6.525,1549046725376
13,0.038,0.034,-0.127,-4.73,-6.787,-6.815,1549046725396
13,0.116,0.012,-0.143,-4.646,-6.385,-6.853,1549046725416
13,0.129,0.015,-0.136,-4.601,-6.544,-6.992,1549046725436
13,0.091,0.027,-0.116,-4.693,-6.605,-7.011,1549046725456
13,0.052,0.034,-0.101,-4.829,-6.68,-6.868,1549046725475
13,0.073,0.026,-0.099,-4.817,-6.363,-6.901,1549046725496
13,0.078,0.007,-0.088,-4.705,-6.687,-6.925,1549046725515
13,-0.015,-0.027,-0.072,-4.702,-6.447,-6.837,1549046725536
13,-0.003,-0.06,-0.083,-4.652,-6.637,-6.875,1549046725556
13,0.025,-0.077,-0.09,-4.72,-6.504,-6.567,1549046725576
14,0.048,-0.09,-0.097,-4.598,-6.842,-6.692,1549046725596
14,0.051,-0.108,-0.103,-4.452,-6.576,-7.081,1549046725616
14,0.094,-0.098,-0.103,-4.428,-6.33,-6.795,1549046725636
14,0.093,-0.065,-0.093,-4.345,-6.853,-6.394,1549046725657
14,-0.007,-0.078,-0.07,-4.458,-6.764,-6.616,1549046725676
14,0.031,-0.079,-0.087,-4.467,-6.753,-6.601,1549046725696
14,0.037,-0.062,-0.096,-4.505,-6.947,-6.023,1549046725717
14,0.089,-0.062,-0.1,-4.42,-7.005,-6.619,1549046725736
14,0.129,-0.064,-0.119,-4.388,-6.367,-6.319,1549046725757
14,0.2,-0.042,-0.108,-4.589,-7.017,-6.106,1549046725776
14,0.222,-0.031,-0.107,-4.171,-7.158,-5.803,1549046725797
15,0.327,-0.021,-0.156,-4.927,-7.501,-5.278,1549046725816
15,0.304,0.03,-0.194,-4.441,-7.0,-6.303,1549046725836
15,0.431,-0.011,-0.246,-4.733,-7.118,-6.805,1549046725856
15,0.664,0.021,-0.246,-3.994,-7.226,-6.011,1549046725876
15,0.924,0.025,-0.245,-4.299,-7.014,-5.992,1549046725896
15,0.689,0.042,-0.173,-4.232,-7.742,-5.845,1549046725916
15,0.492,-0.028,-0.201,-4.116,-7.667,-5.899,1549046725937
15,0.636,-0.015,-0.229,-3.972,-7.27,-6.322,1549046725957
15,0.915,0.05,-0.279,-3.923,-6.603,-6.047,1549046725976
15,1.017,0.118,-0.307,-3.959,-7.391,-5.395,1549046725997
15,0.785,0.093,-0.31,-4.088,-8.851,-5.514,1549046726016
15,0.728,0.078,-0.347,-3.997,-9.026,-5.472,1549046726036
15,0.936,0.101,-0.325,-4.324,-8.806,-5.543,1549046726056
15,1.157,0.166,-0.301,-4.778,-7.367,-5.433,1549046726077
16,1.21,0.173,-0.256,-4.034,-7.357,-5.825,1549046726097
16,0.944,0.023,-0.214,-3.984,-7.32,-5.472,1549046726117
16,0.813,-0.008,-0.263,-3.554,-7.977,-5.334,1549046726137
16,0.626,-0.08,-0.315,-3.446,-8.344,-5.151,1549046726157
16,0.737,-0.077,-0.408,-4.144,-7.729,-5.46,1549046726177
16,1.143,-0.108,-0.396,-3.344,-7.433,-3.91,1549046726197
16,0.236,-0.199,-0.193,-4.27,-9.259,-4.888,1549046726217
16,-0.198,-0.097,-0.07,-4.008,-9.015,-4.466,1549046726237
16,-0.297,-0.087,-0.061,-4.245,-8.621,-4.137,1549046726257
16,-0.313,-0.067,-0.082,-4.14,-8.284,-4.091,1549046726277
16,-0.475,-0.056,-0.065,-4.32,-8.684,-4.936,1549046726297
17,-0.435,-0.026,-0.044,-4.153,-7.711,-3.947,1549046726317
17,-0.15,-0.006,-0.038,-3.719,-8.176,-3.202,1549046726337
17,-0.259,-0.02,-0.021,-3.645,-8.537,-4.268,1549046726357
17,-0.212,0.037,-0.07,-3.7,-8.171,-4.897,1549046726377
17,-0.117,0.063,-0.082,-3.784,-9.295,-5.524,1549046726397
17,0.058,0.066,-0.072,-3.594,-8.239,-4.41,1549046726417
17,0.287,0.052,-0.041,-3.509,-8.484,-4.172,1549046726437
17,0.043,0.025,0.001,-3.659,-8.546,-4.508,1549046726457
17,-0.025,0.059,-0.009,-3.657,-8.35,-4.506,1549046726477
17,0.034,0.082,-0.011,-3.62,-8.278,-4.279,1549046726497
17,0.016,0.061,0.002,-3.534,-8.619,-4.51,1549046726517
18,0.018,0.041,-0.009,-3.686,-8.973,-4.858,1549046726537
18,-0.034,0.06,-0.01,-3.553,-8.593,-4.437,1549046726557
18,0.139,0.068,-0.011,-3.55,-8.696,-4.607,1549046726577
18,0.094,0.068,0.009,-3.61,-8.475,-4.789,1549046726597
18,0.074,0.056,-0.009,-3.612,-8.58,-5.027,1549046726617
18,0.0,0.043,-0.033,-3.544,-8.44,-4.606,1549046726637
18,-0.011,0.025,-0.026,-3.458,-8.544,-4.395,1549046726657
18,0.023,0.02,-0.021,-3.497,-8.506,-4.37,1549046726677
18,0.048,0.033,-0.021,-3.715,-8.544,-4.776,1549046726698
18,0.026,0.037,-0.02,-3.644,-8.653,-5.017,1549046726717
18,-0.02,0.009,-0.011,-3.569,-8.389,-4.385,1549046726737
19,0.037,0.003,-0.006,-3.501,-8.862,-4.397,1549046726757
19,0.043,0.004,-0.015,-3.562,-8.435,-4.215,1549046726777
19,0.057,0.009,-0.004,-3.645,-8.945,-4.806,1549046726797
19,-0.029,0.022,0.009,-3.494,-8.595,-4.569,1549046726817
19,0.075,0.029,0.007,-3.509,-8.383,-4.512,1549046726837
19,0.079,0.045,-0.005,-3.631,-8.363,-4.629,1549046726857
19,0.022,0.052,-0.009,-3.558,-8.671,-4.767,1549046726878
19,0.04,0.034,-0.019,-3.451,-8.981,-4.86,1549046726897
19,0.182,0.026,-0.024,-3.371,-8.851,-4.46,1549046726917
19,0.353,0.044,0.001,-3.54,-8.316,-4.275,1549046726937
19,0.288,0.042,0.011,-3.804,-8.644,-4.684,1549046726958
19,0.271,0.021,0.007,-3.76,-8.887,-4.362,1549046726978
19,0.492,-0.006,-0.004,-3.527,-8.977,-4.108,1549046726997
20,0.666,-0.008,-0.011,-3.377,-8.337,-3.877,1549046727017
20,0.517,0.017,0.032,-3.52,-8.675,-4.213,1549046727037
20,0.265,0.002,0.017,-3.526,-8.934,-4.108,1549046727058
20,0.279,-0.009,-0.008,-3.448,-9.352,-4.089,1549046727078
20,0.319,-0.016,0.003,-3.496,-8.764,-3.878,1549046727098
20,0.226,-0.012,0.032,-3.516,-8.499,-3.922,1549046727117
20,0.062,-0.007,0.02,-3.563,-9.415,-3.914,1549046727138
20,0.205,-0.044,0.013,-3.515,-8.977,-3.605,1549046727158
20,0.319,-0.027,0.028,-3.625,-8.684,-3.605,1549046727177
20,0.204,0.02,0.075,-3.644,-8.818,-3.715,1549046727198
20,0.002,0.017,0.052,-3.683,-9.119,-3.885,1549046727217
21,0.034,-0.007,0.018,-3.534,-9.152,-3.552,1549046727237
21,0.271,-0.007,0.032,-3.334,-8.933,-3.555,1549046727258
21,0.292,0.014,0.019,-3.552,-9.013,-3.875,1549046727277
21,0.121,-0.001,-0.015,-3.854,-8.718,-3.326,1549046727298
21,-0.023,-0.01,-0.042,-3.462,-9.072,-3.869,1549046727318
21,-0.11,-0.009,-0.011,-3.335,-8.688,-4.16,1549046727338
21,-0.047,-0.002,-0.012,-3.54,-8.903,-3.822,1549046727358
21,-0.016,-0.014,-0.024,-3.497,-9.021,-3.497,1549046727378
21,-0.113,-0.014,-0.018,-3.621,-8.931,-4.003,1549046727397
21,-0.111,0.013,-0.002,-3.418,-8.774,-4.44,1549046727417
21,-0.033,-0.009,0.009,-3.607,-8.615,-3.296,1549046727438
21,-0.02,0.017,-0.009,-4.202,-9.711,-4.101,1549046727457
21,-0.152,0.007,0.023,-3.596,-8.838,-3.714,1549046727477
22,-0.155,-0.024,0.039,-3.451,-8.797,-4.047,1549046727497
22,-0.112,0.0,0.06,-3.312,-8.788,-3.684,1549046727518
22,-0.021,-0.018,0.045,-3.404,-9.198,-3.424,1549046727537
22,-0.086,-0.009,0.027,-3.515,-9.106,-3.895,1549046727557
22,-0.095,0.0,0.025,-3.464,-8.549,-4.045,1549046727578
22,-0.094,0.0,0.0,-3.462,-8.81,-3.841,1549046727598
22,-0.078,0.005,-0.019,-3.44,-9.098,-3.562,1549046727617
22,-0.025,0.014,-0.017,-3.375,-9.283,-3.688,1549046727638
22,0.01,0.025,-0.015,-3.372,-9.291,-3.69,1549046727658
22,0.087,0.041,-0.005,-3.262,-9.279,-3.526,1549046727678
22,0.123,0.028,-0.014,-3.335,-9.27,-3.348,1549046727697
23,0.141,0.029,-0.053,-3.806,-8.947,-3.77,1549046727718
23,0.168,0.019,-0.084,-3.919,-8.67,-3.675,1549046727737
23,0.088,-0.015,-0.067,-3.766,-8.921,-3.639,1549046727758
23,-0.029,-0.039,-0.045,-3.927,-8.851,-3.334,1549046727777
23,-0.109,0.007,-0.012,-3.834,-8.969,-3.204,1549046727798
23,-0.356,0.003,0.008,-3.691,-8.727,-3.215,1549046727817
23,-1.109,0.072,0.024,-4.347,-9.536,-4.823,1549046727838
23,-1.226,0.147,0.036,-4.388,-9.673,-5.177,1549046727857
23,-0.601,0.104,0.035,-4.072,-8.205,-4.66,1549046727877
23,0.216,0.026,0.046,-3.788,-7.222,-4.018,1549046727897
24,0.186,-0.001,0.014,-3.721,-7.402,-4.39,1549046727917
24,-0.378,-0.033,-0.012,-3.96,-7.977,-4.978,1549046727938
24,-0.874,0.027,0.016,-3.581,-8.493,-5.385,1549046727958
24,-0.626,-0.047,0.048,-3.147,-9.464,-5.468,1549046727978
24,-0.301,-0.106,0.042,-3.447,-8.074,-5.816,1549046727998
24,-0.027,-0.153,0.017,-2.728,-6.701,-4.61,1549046728018
24,-0.362,-0.195,0.071,-2.861,-9.267,-5.73,1549046728038
24,-0.863,-0.06,0.228,-3.55,-9.169,-6.202,1549046728058
24,-0.674,-0.01,0.261,-3.453,-8.932,-5.205,1549046728078
24,-0.56,0.047,0.342,-4.155,-7.662,-6.071,1549046728098
24,-0.796,0.097,0.279,-4.62,-6.553,-5.983,1549046728118
25,-1.114,0.042,0.165,-3.633,-7.828,-5.108,1549046728138
25,-1.432,-0.124,0.105,-3.17,-9.786,-5.443,1549046728159
25,-1.163,-0.187,0.089,-2.949,-10.493,-5.334,1549046728178
25,-0.786,-0.088,0.056,-3.133,-9.459,-5.846,1549046728198
25,-0.408,0.022,0.024,-3.946,-7.443,-6.569,1549046728218
25,-0.294,0.05,0.046,-3.991,-7.363,-6.629,1549046728239
25,-0.348,-0.076,0.018,-4.464,-9.07,-6.198,1549046728258
25,-0.267,-0.11,0.007,-4.921,-8.25,-5.517,1549046728278
25,-0.071,-0.087,0.049,-4.791,-7.585,-5.999,1549046728298
25,-0.112,-0.172,0.072,-4.746,-7.64,-6.667,1549046728319
25,-0.161,-0.264,0.093,-4.359,-7.902,-6.44,1549046728339
26,-0.151,-0.331,0.117,-4.626,-8.758,-5.735,1549046728359
26,-0.018,-0.346,0.146,-4.208,-8.881,-5.72,1549046728378
26,0.2,-0.362,0.161,-4.893,-6.365,-6.642,1549046728398
26,0.469,-0.276,0.204,-5.033,-6.332,-6.353,1549046728418
26,0.312,-0.297,0.225,-4.37,-8.496,-5.516,1549046728438
26,0.08,-0.322,0.243,-4.071,-8.833,-5.278,1549046728458
26,0.06,-0.302,0.252,-4.796,-7.906,-4.79,1549046728478
26,0.267,-0.233,0.247,-4.564,-7.565,-5.589,1549046728498
26,0.387,-0.25,0.252,-5.065,-6.523,-5.347,1549046728518
26,0.346,-0.158,0.269,-4.505,-8.295,-5.034,1549046728539
26,0.057,-0.205,0.254,-4.543,-8.922,-4.735,1549046728559
26,0.187,-0.167,0.256,-4.549,-8.08,-4.948,1549046728579
27,0.293,-0.137,0.265,-4.67,-7.771,-5.448,1549046728599
27,0.353,-0.15,0.245,-5.016,-7.512,-5.217,1549046728618
27,0.459,-0.088,0.276,-4.842,-8.249,-4.806,1549046728639
27,0.365,-0.1,0.284,-4.804,-8.707,-4.62,1549046728658
27,0.417,-0.084,0.269,-4.868,-9.185,-4.196,1549046728678
27,0.435,-0.077,0.209,-4.712,-7.349,-5.818,1549046728698
27,0.71,-0.033,0.215,-4.831,-6.177,-5.515,1549046728718
27,0.798,-0.002,0.257,-5.065,-8.587,-3.931,1549046728739
27,0.496,0.0,0.264,-4.943,-8.557,-3.896,1549046728759
27,0.511,0.02,0.257,-4.722,-8.069,-4.153,1549046728778
27,0.523,0.038,0.215,-5.244,-7.314,-4.259,1549046728798
28,0.606,0.04,0.27,-4.927,-7.25,-4.587,1549046728818
28,0.653,0.012,0.29,-4.85,-8.366,-4.114,1549046728839
28,0.525,0.013,0.28,-4.973,-8.117,-3.611,1549046728859
28,0.462,0.063,0.284,-4.993,-7.54,-3.675,1549046728878
28,0.479,0.091,0.311,-4.86,-7.485,-4.294,1549046728899
28,0.419,0.097,0.315,-5.058,-7.723,-3.982,1549046728918
28,0.373,0.106,0.324,-4.602,-7.999,-3.677,1549046728939
28,0.382,0.093,0.316,-4.929,-7.858,-3.387,1549046728959
28,0.391,0.132,0.315,-5.096,-7.376,-3.531,1549046728979
28,0.363,0.155,0.308,-5.034,-7.646,-3.499,1549046728998
29,0.469,0.2,0.324,-4.708,-8.139,-3.699,1549046729018
29,0.464,0.191,0.306,-5.155,-7.357,-3.55,1549046729039
29,0.386,0.211,0.289,-5.23,-7.387,-3.175,1549046729058
29,0.278,0.233,0.277,-5.271,-7.738,-3.018,1549046729078
29,0.368,0.282,0.323,-5.45,-7.621,-3.249,1549046729098
29,0.461,0.295,0.339,-5.167,-7.31,-3.62,1549046729119
29,0.495,0.307,0.351,-5.229,-7.251,-3.533,1549046729139
29,0.487,0.345,0.344,-5.448,-7.133,-3.527,1549046729159
29,0.427,0.41,0.363,-5.223,-8.065,-3.051,1549046729179
29,0.334,0.408,0.338,-5.418,-7.881,-3.302,1549046729199
29,0.434,0.416,0.33,-5.641,-7.166,-3.526,1549046729219
30,0.56,0.402,0.304,-5.861,-7.051,-3.202,1549046729239
30,0.729,0.415,0.28,-5.88,-7.339,-3.768,1549046729259
30,0.705,0.395,0.235,-5.59,-7.385,-3.303,1549046729279
30,0.67,0.379,0.206,-5.637,-7.537,-3.542,1549046729299
30,0.606,0.281,0.167,-5.562,-6.875,-3.603,1549046729319
30,0.752,0.251,0.177,-6.162,-7.012,-3.001,1549046729340
30,0.77,0.277,0.192,-6.038,-6.91,-3.528,1549046729359
30,0.617,0.293,0.19,-5.945,-7.032,-3.373,1549046729379
30,0.449,0.328,0.181,-5.811,-7.707,-3.006,1549046729400
30,0.365,0.259,0.152,-5.873,-7.543,-2.763,1549046729419
31,0.417,0.244,0.165,-5.878,-7.028,-2.757,1549046729439
31,0.411,0.288,0.191,-5.776,-7.639,-2.776,1549046729460
31,0.386,0.309,0.209,-5.668,-7.764,-2.767,1549046729480
31,0.391,0.286,0.204,-5.762,-7.432,-3.024,1549046729499
31,0.413,0.225,0.194,-5.953,-7.302,-3.023,1549046729519
31,0.323,0.249,0.219,-6.095,-8.04,-2.727,1549046729540
31,0.386,0.285,0.242,-5.988,-7.452,-3.086,1549046729559
31,0.512,0.281,0.264,-5.836,-7.544,-2.739,1549046729579
31,0.426,0.255,0.268,-5.872,-7.858,-3.601,1549046729599
31,0.315,0.238,0.254,-5.974,-7.808,-2.518,1549046729619
31,0.319,0.27,0.246,-6.132,-7.686,-2.633,1549046729639
31,0.363,0.244,0.222,-6.324,-7.335,-2.238,1549046729660
32,0.465,0.276,0.215,-6.137,-7.295,-3.232,1549046729679
32,0.442,0.295,0.195,-6.272,-7.102,-3.082,1549046729700
32,0.457,0.315,0.204,-6.322,-7.539,-2.956,1549046729719
32,0.419,0.32,0.189,-6.566,-6.838,-2.507,1549046729740
32,0.423,0.376,0.192,-6.287,-7.283,-2.808,1549046729759
32,0.406,0.371,0.195,-6.456,-6.72,-3.261,1549046729779
32,0.451,0.364,0.191,-6.491,-7.085,-3.465,1549046729799
32,0.41,0.392,0.17,-6.312,-7.095,-3.249,1549046729820
32,0.401,0.422,0.149,-6.519,-6.726,-3.402,1549046729840
32,0.263,0.39,0.172,-6.239,-6.735,-3.227,1549046729859
32,0.264,0.334,0.114,-6.541,-6.853,-3.396,1549046729880
32,0.265,0.333,0.087,-6.51,-6.992,-2.999,1549046729899
32,0.178,0.375,0.11,-6.51,-6.951,-3.333,1549046729920
32,0.116,0.35,0.154,-6.244,-6.898,-3.638,1549046729939
33,0.086,0.346,0.128,-5.87,-6.985,-3.597,1549046729959
33,0.012,0.336,0.024,-6.18,-6.937,-3.245,1549046729979
33,-0.111,0.356,0.001,-5.861,-7.417,-3.043,1549046729999
33,-0.206,0.285,-0.036,-6.038,-6.873,-3.746,1549046730019
33,-0.247,0.239,-0.058,-5.712,-7.762,-4.089,1549046730040
33,-0.301,0.244,-0.096,-6.267,-6.866,-3.271,1549046730059
33,-0.362,0.241,-0.152,-6.136,-7.757,-2.856,1549046730079
33,-0.4,0.133,-0.224,-5.835,-6.956,-3.846,1549046730099
33,-0.264,0.062,-0.256,-6.201,-6.705,-3.838,1549046730119
33,-0.272,0.122,-0.249,-6.135,-7.729,-2.755,1549046730140
33,-0.375,0.09,-0.279,-6.251,-7.286,-3.314,1549046730161
33,-0.333,0.028,-0.338,-6.4,-7.133,-3.661,1549046730181
33,-0.365,0.11,-0.357,-5.805,-6.719,-4.326,1549046730199
33,-0.35,0.223,-0.331,-5.64,-8.359,-3.08,1549046730220
33,-0.271,0.231,-0.371,-5.561,-7.798,-3.652,1549046730241
34,-0.132,0.207,-0.354,-5.46,-7.548,-3.7,1549046730260
34,-0.067,0.181,-0.381,-5.352,-7.615,-4.587,1549046730280
34,-0.039,0.191,-0.414,-5.325,-7.754,-3.921,1549046730300
34,-0.098,0.218,-0.445,-5.432,-8.1,-3.69,1549046730320
34,-0.045,0.203,-0.437,-5.159,-6.838,-4.865,1549046730340
34,0.175,0.237,-0.433,-5.008,-7.652,-4.195,1549046730360
34,0.018,0.239,-0.474,-4.811,-8.778,-3.915,1549046730380
34,-0.115,0.264,-0.45,-4.654,-7.828,-3.916,1549046730400
34,-0.024,0.207,-0.335,-5.348,-8.011,-2.808,1549046730421
34,-0.098,0.086,-0.312,-4.703,-9.017,-3.807,1549046730440
34,0.023,0.086,-0.338,-4.685,-8.763,-4.459,1549046730460
35,0.173,0.098,-0.378,-4.153,-7.883,-5.821,1549046730480
35,0.223,0.078,-0.401,-4.676,-8.674,-5.273,1549046730500
35,-0.17,0.018,-0.413,-5.117,-8.378,-2.799,1549046730521
35,-0.12,-0.069,-0.435,-4.685,-9.313,-3.962,1549046730541
35,0.112,-0.233,-0.438,-4.509,-7.777,-5.332,1549046730560
35,0.308,-0.246,-0.43,-4.402,-8.543,-4.916,1549046730580
35,0.295,-0.2,-0.425,-4.054,-8.941,-4.77,1549046730600
35,0.174,-0.18,-0.406,-4.002,-9.156,-4.903,1549046730620
35,0.041,-0.213,-0.398,-4.194,-7.575,-5.214,1549046730641
35,0.145,-0.219,-0.356,-4.854,-8.463,-4.013,1549046730661
35,0.011,-0.232,-0.307,-4.762,-9.192,-3.376,1549046730680
35,-0.075,-0.2,-0.263,-4.783,-8.551,-3.325,1549046730701
35,-0.111,-0.176,-0.225,-4.741,-8.291,-4.371,1549046730720
36,-0.002,-0.194,-0.203,-4.91,-9.2,-3.758,1549046730741
36,0.058,-0.217,-0.222,-5.146,-9.992,-2.683,1549046730760
36,-0.019,-0.211,-0.257,-4.89,-7.723,-3.706,1549046730780
36,-0.031,-0.221,-0.236,-4.427,-8.564,-3.252,1549046730801
36,-0.021,-0.27,-0.213,-4.459,-9.109,-3.534,1549046730820
36,0.092,-0.285,-0.188,-5.062,-8.876,-3.193,1549046730841
36,0.052,-0.292,-0.151,-5.816,-8.656,-2.548,1549046730861
36,-0.079,-0.313,-0.087,-3.96,-9.889,-4.001,1549046730881
36,-0.019,-0.293,-0.098,-3.452,-8.481,-4.05,1549046730901
36,0.074,-0.205,-0.067,-3.726,-10.403,-3.941,1549046730921
36,-0.101,-0.2,-0.087,-4.468,-9.223,-3.211,1549046730940
36,-0.044,-0.181,-0.105,-4.628,-8.437,-2.522,1549046730961
36,0.052,-0.277,-0.101,-3.368,-9.002,-4.329,1549046730981
37,0.138,-0.371,-0.134,-3.827,-8.82,-5.04,1549046731001
37,0.037,-0.306,-0.082,-3.406,-8.377,-4.269,1549046731021
37,-0.046,-0.14,-0.019,-3.74,-9.688,-2.989,1549046731041
37,-0.187,-0.118,-0.014,-3.942,-9.774,-2.445,1549046731061
37,-0.365,-0.12,-0.001,-3.885,-9.12,-3.207,1549046731081
37,-0.22,-0.081,-0.014,-3.869,-8.558,-3.04,1549046731101
37,-0.027,-0.042,-0.019,-3.79,-8.615,-3.336,1549046731121
37,0.084,-0.026,-0.032,-3.925,-9.045,-2.343,1549046731141
37,-0.02,-0.014,-0.044,-4.028,-8.846,-2.575,1549046731161
37,-0.087,-0.026,-0.059,-3.69,-8.72,-3.774,1549046731181
37,-0.109,-0.017,-0.072,-3.966,-8.413,-2.737,1549046731201
37,-0.084,0.039,-0.076,-3.947,-9.056,-2.552,1549046731221
37,-0.067,0.031,-0.098,-3.959,-9.208,-3.211,1549046731241
37,0.008,0.012,-0.127,-3.951,-8.897,-3.657,1549046731261
38,0.076,-0.012,-0.144,-3.944,-9.013,-3.689,1549046731281
38,0.159,-0.043,-0.16,-3.965,-9.353,-2.919,1549046731301
38,0.167,-0.126,-0.163,-3.797,-9.777,-3.688,1549046731321
38,0.287,-0.194,-0.152,-4.151,-8.428,-3.4,1549046731341
38,0.282,-0.144,-0.073,-4.077,-8.797,-2.711,1549046731361
38,0.209,-0.169,-0.095,-4.039,-9.21,-2.363,1549046731381
38,0.263,-0.202,-0.12,-4.297,-10.349,-2.613,1549046731401
38,0.285,-0.246,-0.124,-3.967,-9.76,-3.296,1549046731421
38,0.379,-0.286,-0.136,-3.759,-8.628,-3.29,1549046731442
38,0.444,-0.351,-0.144,-3.703,-9.328,-1.979,1549046731462
38,0.293,-0.408,-0.173,-3.852,-9.521,-1.61,1549046731482
39,0.396,-0.419,-0.217,-4.086,-8.793,-1.572,1549046731502
39,0.595,-0.425,-0.24,-3.689,-10.089,-3.207,1549046731521
39,1.15,-0.445,-0.276,-4.283,-9.602,-2.732,1549046731541
39,0.563,-0.379,-0.15,-3.279,-8.987,-1.831,1549046731562
39,0.381,-0.354,-0.178,-3.615,-9.142,-1.794,1549046731581
39,0.269,-0.382,-0.236,-3.773,-10.301,-2.568,1549046731601
39,0.464,-0.355,-0.244,-3.851,-8.818,-1.74,1549046731621
39,0.626,-0.235,-0.171,-3.732,-8.879,-2.06,1549046731642
39,0.19,-0.22,-0.148,-3.994,-9.51,-2.088,1549046731662
39,0.18,-0.249,-0.206,-3.986,-9.655,-1.76,1549046731681
39,0.42,-0.213,-0.224,-3.864,-9.3,-1.698,1549046731702
40,0.443,-0.133,-0.144,-3.948,-9.176,-2.293,1549046731722
40,0.375,-0.059,-0.109,-3.753,-8.856,-1.602,1549046731742
40,0.408,-0.079,-0.073,-3.771,-9.372,-1.829,1549046731761
40,0.286,-0.004,-0.056,-3.683,-9.159,-1.772,1549046731781
40,0.098,0.059,-0.004,-3.462,-9.341,-1.131,1549046731801
40,-0.093,0.032,0.0,-3.463,-9.952,-1.409,1549046731822
40,-0.058,0.039,-0.029,-3.622,-9.489,-1.674,1549046731842
40,0.174,0.085,-0.042,-3.401,-9.195,-0.814,1549046731861
40,0.085,0.079,0.0,-3.626,-9.473,-0.884,1549046731882
40,-0.012,0.05,-0.028,-3.94,-9.43,-1.607,1549046731902
40,0.0,0.066,-0.018,-3.789,-9.554,-1.631,1549046731922
40,0.032,0.053,-0.007,-3.754,-9.591,-1.359,1549046731942
41,0.008,0.024,-0.007,-3.458,-9.798,-0.909,1549046731962
41,0.102,-0.005,0.0,-3.318,-9.552,-1.077,1549046731981
41,0.025,-0.003,0.009,-3.685,-9.488,-1.429,1549046732002
41,-0.05,0.009,0.012,-3.681,-9.369,-1.196,1549046732022
41,-0.048,0.0,0.018,-3.514,-9.634,-1.041,1549046732042
41,-0.081,-0.009,0.018,-3.52,-9.696,-1.108,1549046732062
41,-0.119,-0.01,0.01,-3.491,-9.533,-1.459,1549046732082
41,-0.056,-0.003,-0.023,-3.422,-9.541,-1.612,1549046732102
41,0.026,-0.008,-0.027,-3.531,-9.555,-1.246,1549046732121
41,0.037,0.0,-0.008,-3.379,-9.535,-1.077,1549046732142
42,-0.025,0.009,-0.003,-3.895,-9.579,-1.744,1549046732161
42,-0.004,0.016,-0.021,-4.078,-9.112,-1.463,1549046732181
42,-0.022,-0.002,0.001,-3.811,-9.417,-0.87,1549046732202
42,-0.087,-0.012,0.011,-3.185,-9.703,-1.338,1549046732222
42,-0.052,-0.03,-0.014,-3.313,-9.421,-1.776,1549046732241
42,0.039,-0.033,-0.027,-3.535,-9.329,-1.653,1549046732262
42,0.028,-0.037,-0.013,-3.406,-9.377,-0.881,1549046732281
42,-0.033,-0.044,-0.019,-3.447,-9.765,-0.895,1549046732301
42,-0.098,-0.033,-0.034,-3.553,-9.509,-1.323,1549046732321
42,-0.121,-0.009,-0.034,-3.423,-9.335,-1.863,1549046732342
42,-0.067,-0.004,-0.031,-3.36,-9.358,-1.999,1549046732361
42,-0.04,-0.019,-0.029,-3.423,-9.464,-0.997,1549046732381
42,-0.049,-0.019,-0.037,-3.7,-9.786,-1.047,1549046732402
43,-0.063,-0.021,-0.045,-3.483,-9.545,-1.563,1549046732422
43,-0.003,-0.019,-0.054,-3.553,-9.26,-1.681,1549046732442
43,0.02,-0.017,-0.056,-3.523,-9.745,-1.458,1549046732462
43,-0.013,-0.018,-0.059,-3.811,-9.874,-1.628,1549046732481
43,-0.047,-0.03,-0.043,-3.289,-9.383,-1.23,1549046732501
43,-0.085,-0.042,-0.045,-3.597,-9.639,-1.435,1549046732521
43,-0.088,-0.037,-0.041,-3.468,-9.596,-1.292,1549046732542
43,-0.031,-0.053,-0.041,-3.686,-9.508,-1.383,1549046732561
43,-0.014,-0.019,-0.041,-3.595,-9.475,-1.954,1549046732581
43,0.005,-0.047,-0.045,-3.503,-9.908,-1.406,1549046732602
43,-0.034,-0.058,-0.033,-3.566,-9.605,-1.502,1549046732622
43,0.045,-0.036,-0.039,-3.494,-9.423,-1.557,1549046732642
44,-0.018,-0.032,-0.036,-3.468,-9.751,-1.491,1549046732662
44,-0.054,-0.031,-0.026,-3.357,-9.471,-1.694,1549046732682
44,0.012,-0.05,-0.011,-3.444,-9.901,-1.496,1549046732702
44,-0.007,-0.061,-0.012,-3.533,-9.82,-1.028,1549046732722
44,0.003,-0.041,-0.014,-3.666,-9.918,-0.923,1549046732742
44,0.042,-0.009,0.006,-3.408,-9.563,-1.165,1549046732762
44,0.149,0.038,0.033,-3.403,-9.416,-1.568,1549046732782
44,0.192,0.051,0.025,-3.426,-9.372,-0.924,1549046732802
44,0.076,0.026,0.032,-3.322,-9.779,-0.837,1549046732822
44,-0.092,0.002,0.014,-3.534,-9.689,-1.3,1549046732842
44,0.003,0.007,-0.011,-3.796,-9.588,-1.446,1549046732862
44,0.075,0.013,-0.003,-3.144,-9.317,-1.119,1549046732882
44,0.068,-0.013,0.003,-2.981,-9.684,-1.444,1549046732902
44,0.037,-0.009,-0.013,-3.379,-9.797,-1.33,1549046732922
45,0.036,-0.002,-0.012,-3.308,-9.485,-1.427,1549046732942
45,0.037,0.004,-0.007,-3.188,-9.52,-1.5,1549046732962
45,0.03,0.011,-0.015,-3.462,-9.642,-1.392,1549046732982
45,-0.025,0.003,-0.015,-3.544,-9.689,-1.262,1549046733002
45,-0.022,0.001,-0.01,-3.445,-9.379,-1.291,1549046733022
45,0.056,-0.003,-0.002,-3.34,-9.596,-1.458,1549046733043
45,0.001,0.001,-0.005,-3.437,-9.596,-1.196,1549046733062
45,-0.041,0.007,-0.002,-3.575,-9.667,-1.272,1549046733082
45,-0.05,0.026,-0.002,-3.513,-9.535,-1.269,1549046733103
45,0.003,0.024,0.003,-3.538,-9.585,-1.555,1549046733123
45,0.039,0.005,-0.001,-3.389,-9.622,-1.137,1549046733143
46,0.052,-0.01,-0.01,-3.328,-9.5,-1.258,1549046733162
46,0.019,-0.012,-0.001,-3.306,-9.541,-1.404,1549046733183
46,-0.007,0.004,-0.004,-3.438,-9.532,-1.532,1549046733202
46,0.0,0.01,0.0,-3.413,-9.709,-1.293,1549046733223
46,-0.014,0.003,-0.003,-3.418,-9.672,-1.175,1549046733242
46,0.034,0.0,-0.009,-3.52,-9.455,-1.44,1549046733263
46,0.046,0.006,-0.009,-3.438,-9.545,-1.253,1549046733283
46,-0.004,0.0,-0.001,-3.435,-9.785,-1.103,1549046733303
46,-0.016,0.005,-0.002,-3.523,-9.634,-1.502,1549046733323
46,0.004,0.021,-0.002,-3.47,-9.326,-1.465,1549046733342
46,-0.003,0.006,-0.003,-3.377,-9.558,-1.216,1549046733363
46,-0.043,-0.006,-0.004,-3.358,-9.811,-1.294,1549046733383
47,-0.022,-0.003,-0.006,-3.45,-9.482,-1.319,1549046733403
47,0.028,0.011,-0.01,-3.434,-9.558,-1.334,1549046733423
47,-0.007,0.003,-0.006,-3.414,-9.578,-1.259,1549046733442
47,-0.027,0.0,0.0,-3.371,-9.708,-1.129,1549046733463
47,-0.019,0.004,0.0,-3.459,-9.561,-1.459,1549046733483
47,0.0,0.005,0.0,-3.453,-9.483,-1.437,1549046733503
47,-0.015,0.0,0.002,-3.398,-9.695,-1.406,1549046733523
47,-0.041,-0.009,0.002,-3.416,-9.614,-1.287,1549046733543
47,0.0,0.004,0.0,-3.415,-9.478,-1.259,1549046733563
47,0.002,0.0,0.005,-3.382,-9.69,-1.375,1549046733583
47,0.001,0.004,0.001,-3.476,-9.434,-1.437,1549046733603
47,-0.001,0.012,0.001,-3.497,-9.551,-1.341,1549046733623
47,-0.026,0.002,-0.001,-3.46,-9.66,-1.202,1549046733643
48,-0.01,0.0,-0.004,-3.36,-9.658,-1.177,1549046733663
48,0.015,0.001,-0.009,-3.428,-9.447,-1.299,1549046733683
48,0.021,0.022,-0.011,-3.451,-9.497,-1.474,1549046733703
48,-0.014,0.008,0.0,-3.428,-9.585,-1.418,1549046733723
48,-0.035,-0.003,0.006,-3.308,-9.653,-1.222,1549046733743
48,-0.008,-0.01,0.009,-3.378,-9.609,-1.252,1549046733763
48,-0.011,0.011,0.011,-3.432,-9.571,-1.406,1549046733783
48,-0.016,0.013,0.009,-3.468,-9.554,-1.354,1549046733803
48,-0.027,0.005,0.009,-3.434,-9.63,-1.346,1549046733823
48,-0.032,0.001,0.007,-3.479,-9.536,-1.293,1549046733843
48,-0.041,-0.001,0.01,-3.345,-9.711,-1.372,1549046733864
48,0.006,-0.007,-0.001,-3.388,-9.558,-1.493,1549046733883
49,0.047,0.005,-0.007,-3.441,-9.427,-1.384,1549046733903
49,0.016,0.007,0.0,-3.466,-9.555,-1.284,1549046733923
49,-0.004,0.005,-0.002,-3.507,-9.608,-1.343,1549046733943
49,-0.005,0.013,-0.002,-3.597,-9.559,-1.34,1549046733964
49,-0.01,0.016,-0.007,-3.564,-9.53,-1.459,1549046733984
49,0.002,0.017,-0.017,-3.356,-9.521,-1.356,1549046734003
49,0.001,0.014,-0.024,-3.4,-9.655,-1.313,1549046734023
49,-0.013,0.012,-0.026,-3.413,-9.686,-1.511,1549046734043
49,-0.01,0.012,-0.037,-3.325,-9.595,-1.472,1549046734063
49,-0.027,0.013,-0.043,-3.384,-9.502,-1.15,1549046734083
49,-0.074,-0.001,-0.03,-3.323,-9.87,-1.277,1549046734103
49,-0.125,-0.015,-0.049,-3.451,-9.748,-1.338,1549046734123
49,-0.043,0.007,-0.075,-3.382,-9.598,-1.631,1549046734144
50,-0.028,0.014,-0.09,-3.264,-9.561,-1.523,1549046734164
50,-0.034,0.004,-0.111,-3.243,-9.905,-1.393,1549046734184
50,-0.069,-0.001,-0.132,-3.232,-9.659,-1.372,1549046734204
50,-0.093,0.015,-0.131,-3.095,-9.673,-1.737,1549046734224
50,-0.199,0.012,-0.147,-2.947,-9.76,-1.678,1549046734244
50,-0.2,0.004,-0.18,-3.076,-9.989,-1.519,1549046734264
50,-0.14,0.031,-0.199,-3.109,-9.772,-1.437,1549046734284
50,-0.124,0.049,-0.211,-3.089,-9.495,-1.341,1549046734303
50,-0.134,0.049,-0.209,-3.212,-9.876,-1.444,1549046734324
50,-0.067,0.042,-0.208,-3.109,-9.834,-1.537,1549046734343
50,0.101,0.064,-0.229,-2.989,-9.514,-1.738,1549046734364
50,0.048,0.09,-0.241,-3.015,-9.635,-1.972,1549046734384
50,-0.085,0.089,-0.227,-3.226,-10.116,-1.647,1549046734404
50,-0.196,0.103,-0.188,-2.768,-9.221,-1.693,1549046734423
51,-0.072,0.092,-0.192,-2.777,-9.908,-1.748,1549046734443
51,0.011,0.122,-0.163,-2.838,-9.308,-1.584,1549046734464
51,-0.016,0.103,-0.14,-2.721,-9.51,-1.792,1549046734484
51,-0.024,0.109,-0.152,-2.859,-9.926,-1.667,1549046734503
51,-0.015,0.112,-0.122,-2.812,-9.578,-1.716,1549046734524
51,0.018,0.086,-0.099,-2.893,-9.82,-1.631,1549046734544
51,0.109,0.091,-0.08,-2.768,-9.746,-1.738,1549046734564
51,0.127,0.077,-0.07,-2.715,-9.777,-1.932,1549046734583
51,0.11,0.045,-0.066,-2.746,-9.522,-1.794,1549046734604
52,0.053,0.047,-0.053,-2.622,-9.536,-1.742,1549046734625
52,-0.047,0.026,-0.036,-2.542,-9.793,-1.669,1549046734648
52,-0.08,0.035,-0.014,-2.681,-9.992,-1.748,1549046734668
52,-0.044,0.055,0.0,-2.634,-9.644,-1.668,1549046734711
52,0.0,0.04,0.01,-2.696,-9.886,-1.504,1549046734752
52,-0.07,0.034,0.021,-2.457,-10.003,-1.74,1549046734864
52,0.043,0.041,0.016,-2.538,-9.774,-1.737,1549046734883
52,-0.043,0.037,0.026,-2.755,-9.772,-1.912,1549046734903
52,-0.114,0.021,0.022,-2.802,-9.665,-1.654,1549046734923
52,-0.034,0.026,0.009,-2.697,-9.823,-1.69,1549046734944
