pack,vx,vy,vz,ax,ay,az,time
1,-0.051,-0.107,-0.141,-3.708,-4.794,-8.228,1548691880650
1,-0.066,-0.367,-0.241,-4.21,-4.589,-8.264,1548691880670
1,0.088,-0.241,-0.264,-4.198,-4.572,-8.778,1548691880690
1,-0.027,-0.286,-0.29,-4.295,-4.632,-8.541,1548691880710
1,0.106,-0.323,-0.343,-4.793,-4.821,-8.052,1548691880729
1,0.185,-0.359,-0.426,-4.503,-4.764,-8.455,1548691880750
1,0.205,-0.371,-0.478,-4.762,-3.889,-7.687,1548691880770
1,0.174,-0.431,-0.516,-5.244,-4.139,-7.761,1548691880790
1,0.131,-0.369,-0.578,-4.989,-5.018,-7.68,1548691880809
1,0.061,-0.414,-0.646,-5.288,-4.892,-7.305,1548691880829
1,0.097,-0.439,-0.67,-4.307,-5.393,-7.566,1548691880850
1,0.045,-0.367,-0.598,-4.628,-4.985,-9.194,1548691880869
1,0.03,-0.431,-0.59,-5.033,-5.001,-7.683,1548691880889
1,0.255,-0.322,-0.55,-4.762,-5.246,-7.481,1548691880910
2,0.111,-0.346,-0.536,-4.827,-5.534,-6.985,1548691880930
2,-0.107,-0.331,-0.52,-4.423,-5.755,-6.486,1548691880950
2,-0.052,-0.264,-0.516,-5.129,-4.986,-7.968,1548691880969
2,-0.009,-0.202,-0.475,-4.454,-6.09,-7.607,1548691880989
2,0.157,-0.247,-0.53,-4.232,-6.246,-6.561,1548691881009
2,0.075,-0.295,-0.556,-4.79,-6.043,-7.462,1548691881029
2,0.102,-0.189,-0.503,-5.16,-4.976,-6.762,1548691881050
2,0.286,-0.137,-0.466,-4.77,-5.523,-6.915,1548691881070
2,0.143,-0.162,-0.47,-4.906,-6.21,-6.581,1548691881090
2,0.049,-0.195,-0.508,-5.084,-6.222,-6.73,1548691881109
2,0.188,-0.231,-0.529,-4.541,-6.604,-7.13,1548691881130
2,0.363,-0.294,-0.56,-4.537,-6.119,-7.658,1548691881149
3,0.374,-0.271,-0.487,-4.396,-6.387,-7.837,1548691881170
3,0.238,-0.268,-0.469,-4.841,-5.84,-5.198,1548691881190
3,0.252,-0.326,-0.462,-4.914,-7.406,-6.532,1548691881209
3,-0.023,-0.231,-0.462,-4.828,-6.366,-6.989,1548691881230
3,0.053,-0.356,-0.501,-4.071,-5.955,-7.219,1548691881249
3,0.284,-0.357,-0.411,-4.405,-6.578,-6.945,1548691881269
3,0.024,-0.357,-0.48,-4.351,-7.571,-6.548,1548691881290
3,-0.16,-0.359,-0.51,-4.767,-6.163,-7.095,1548691881309
3,-0.058,-0.34,-0.432,-4.247,-5.709,-6.767,1548691881329
3,0.252,-0.348,-0.419,-4.409,-6.718,-6.48,1548691881350
3,0.111,-0.405,-0.457,-4.795,-7.236,-6.303,1548691881370
3,-0.156,-0.382,-0.481,-4.329,-7.662,-6.237,1548691881390
3,-0.186,-0.411,-0.463,-4.578,-6.672,-6.991,1548691881409
3,-0.033,-0.388,-0.386,-4.46,-6.737,-6.068,1548691881429
4,0.236,-0.374,-0.356,-4.199,-7.667,-6.203,1548691881450
4,0.176,-0.369,-0.374,-4.561,-7.398,-5.858,1548691881470
4,0.049,-0.324,-0.324,-4.693,-6.992,-6.615,1548691881489
4,-0.091,-0.302,-0.295,-4.474,-6.612,-6.243,1548691881509
4,0.064,-0.341,-0.288,-4.257,-7.645,-5.958,1548691881529
4,0.106,-0.381,-0.327,-4.077,-8.291,-5.38,1548691881550
4,0.013,-0.409,-0.342,-4.242,-7.602,-5.546,1548691881569
4,0.04,-0.364,-0.316,-4.189,-6.845,-5.952,1548691881589
4,0.175,-0.323,-0.278,-3.9,-7.095,-5.326,1548691881610
4,0.348,-0.325,-0.246,-4.092,-8.333,-5.573,1548691881629
4,0.093,-0.307,-0.278,-4.135,-7.498,-5.922,1548691881649
5,0.064,-0.257,-0.233,-4.005,-6.935,-5.839,1548691881670
5,0.148,-0.291,-0.237,-3.976,-7.326,-5.323,1548691881690
5,0.229,-0.298,-0.221,-4.249,-7.839,-5.258,1548691881709
5,0.168,-0.265,-0.217,-4.14,-8.243,-5.047,1548691881730
5,0.154,-0.253,-0.211,-4.103,-7.513,-5.39,1548691881749
5,0.262,-0.249,-0.198,-4.103,-7.396,-4.752,1548691881769
5,0.32,-0.229,-0.182,-3.958,-8.488,-3.815,1548691881789
5,0.242,-0.206,-0.184,-4.128,-8.62,-4.613,1548691881810
5,0.191,-0.153,-0.2,-4.004,-7.331,-4.86,1548691881829
5,0.423,-0.092,-0.212,-3.916,-8.194,-4.706,1548691881849
5,0.494,-0.093,-0.228,-4.527,-8.747,-4.844,1548691881869
5,0.396,-0.054,-0.165,-4.83,-8.502,-5.139,1548691881890
5,0.434,-0.08,-0.143,-4.249,-8.045,-4.972,1548691881909
5,0.512,-0.128,-0.188,-3.975,-8.52,-5.424,1548691881929
5,0.493,-0.103,-0.143,-4.207,-8.53,-4.984,1548691881950
5,0.439,-0.096,-0.073,-3.894,-8.591,-4.917,1548691881969
5,0.426,-0.109,-0.06,-3.946,-8.117,-5.135,1548691881990
6,0.515,-0.122,-0.049,-3.976,-7.97,-4.857,1548691882010
6,0.602,-0.115,-0.018,-3.916,-8.281,-4.675,1548691882029
6,0.504,-0.145,-0.046,-4.185,-7.875,-5.199,1548691882049
6,0.29,-0.13,-0.047,-4.282,-8.293,-5.09,1548691882069
6,0.283,-0.194,-0.1,-4.113,-8.275,-4.407,1548691882090
6,0.333,-0.249,-0.074,-4.128,-8.713,-3.802,1548691882109
6,0.252,-0.232,-0.056,-4.052,-8.396,-4.972,1548691882129
6,0.141,-0.269,-0.091,-3.961,-7.67,-4.359,1548691882149
6,0.295,-0.253,-0.038,-4.199,-8.702,-4.009,1548691882170
6,0.137,-0.222,-0.048,-4.192,-8.672,-4.169,1548691882189
6,0.032,-0.215,-0.036,-4.186,-7.919,-4.068,1548691882209
6,0.072,-0.194,-0.026,-4.169,-8.216,-3.975,1548691882229
6,0.127,-0.186,-0.061,-4.189,-8.199,-3.985,1548691882249
7,0.082,-0.169,-0.095,-3.92,-8.381,-3.793,1548691882269
7,0.057,-0.173,-0.083,-4.158,-8.344,-3.526,1548691882289
7,0.07,-0.15,-0.07,-3.85,-8.505,-2.883,1548691882309
7,0.089,-0.147,-0.094,-3.878,-8.533,-3.142,1548691882329
7,0.054,-0.098,-0.124,-3.598,-7.958,-3.528,1548691882349
7,0.068,-0.019,-0.121,-3.86,-8.53,-3.025,1548691882369
7,0.141,0.013,-0.15,-3.738,-8.61,-2.929,1548691882389
7,0.226,0.028,-0.174,-3.8,-8.716,-3.001,1548691882409
7,0.154,0.032,-0.214,-3.858,-8.602,-3.54,1548691882429
7,0.158,0.017,-0.245,-3.797,-8.535,-3.577,1548691882448
7,0.309,-0.001,-0.273,-3.941,-8.277,-3.565,1548691882469
7,0.367,0.012,-0.291,-3.675,-8.641,-3.568,1548691882489
7,0.257,0.031,-0.297,-3.856,-9.076,-4.114,1548691882509
8,0.136,0.042,-0.293,-3.876,-9.2,-3.813,1548691882529
8,0.068,0.061,-0.28,-4.083,-9.032,-3.486,1548691882549
8,0.119,0.075,-0.246,-3.733,-8.55,-3.851,1548691882569
8,0.189,0.096,-0.194,-3.819,-9.444,-3.474,1548691882589
8,0.124,0.098,-0.168,-3.867,-9.2,-3.759,1548691882609
8,0.152,0.06,-0.17,-3.641,-9.433,-3.828,1548691882629
8,0.186,0.016,-0.171,-3.625,-9.225,-3.99,1548691882648
8,0.159,0.004,-0.172,-3.632,-9.322,-3.596,1548691882668
8,0.006,0.022,-0.141,-3.726,-9.169,-3.801,1548691882689
8,-0.126,0.037,-0.102,-3.358,-8.99,-3.759,1548691882709
8,0.002,0.009,-0.08,-3.47,-9.416,-3.682,1548691882729
8,0.05,-0.002,-0.077,-3.614,-9.336,-3.156,1548691882749
8,0.071,-0.002,-0.059,-3.471,-9.202,-3.044,1548691882768
9,0.084,-0.017,-0.062,-3.325,-9.244,-3.163,1548691882789
9,0.17,-0.008,-0.052,-2.901,-9.465,-3.389,1548691882809
9,0.269,-0.041,-0.062,-2.897,-9.491,-3.332,1548691882828
9,0.287,-0.03,-0.06,-3.2,-9.315,-2.938,1548691882849
9,0.154,0.028,-0.045,-3.315,-9.094,-2.752,1548691882869
9,0.139,0.061,-0.049,-3.564,-9.198,-3.162,1548691882888
9,0.169,0.116,-0.063,-3.527,-9.072,-3.381,1548691882908
9,0.231,0.127,-0.081,-3.345,-9.051,-3.558,1548691882928
9,0.251,0.11,-0.113,-3.258,-9.254,-3.532,1548691882949
9,0.281,0.079,-0.15,-3.133,-9.485,-3.371,1548691882969
9,0.38,0.067,-0.175,-3.521,-9.278,-2.654,1548691882989
9,0.406,0.068,-0.187,-3.551,-9.291,-2.683,1548691883009
9,0.341,0.059,-0.183,-3.478,-8.959,-3.544,1548691883028
10,0.283,0.03,-0.155,-2.985,-9.302,-3.199,1548691883049
10,0.272,0.023,-0.138,-3.427,-8.828,-3.471,1548691883069
10,0.087,0.065,-0.134,-3.253,-9.642,-2.798,1548691883089
10,-0.139,0.052,-0.104,-3.551,-9.917,-2.974,1548691883108
10,-0.221,0.042,-0.101,-3.208,-9.453,-2.894,1548691883129
10,0.02,0.01,-0.085,-3.272,-9.4,-2.938,1548691883148
10,0.118,0.001,-0.088,-3.314,-9.219,-3.229,1548691883168
10,0.152,0.025,-0.062,-3.308,-9.277,-2.913,1548691883188
10,0.076,0.027,-0.039,-3.206,-9.495,-2.93,1548691883209
10,0.06,0.017,-0.05,-3.147,-9.655,-2.841,1548691883228
10,0.144,0.016,-0.063,-2.977,-9.784,-3.186,1548691883248
10,0.243,0.013,-0.085,-3.116,-9.457,-3.339,1548691883268
10,0.302,0.01,-0.131,-2.949,-9.961,-2.608,1548691883289
11,0.391,-0.042,-0.193,-3.235,-9.665,-2.024,1548691883309
11,0.594,-0.056,-0.215,-3.614,-8.89,-2.602,1548691883329
11,0.727,-0.022,-0.223,-3.213,-8.834,-2.804,1548691883348
11,0.868,-0.057,-0.232,-2.984,-8.701,-2.651,1548691883369
11,0.745,-0.075,-0.197,-3.08,-9.191,-1.999,1548691883389
11,0.381,-0.093,-0.176,-3.294,-10.415,-2.004,1548691883409
11,0.183,-0.063,-0.18,-2.808,-9.072,-1.773,1548691883428
11,0.367,-0.069,-0.14,-2.495,-8.361,-1.829,1548691883448
11,0.742,-0.054,-0.215,-2.146,-9.515,-1.112,1548691883468
11,0.729,-0.058,-0.212,-1.967,-9.985,-0.511,1548691883488
11,0.646,-0.121,-0.196,-2.662,-10.892,-0.447,1548691883509
11,0.684,-0.098,-0.247,-2.692,-11.125,-0.871,1548691883529
11,0.961,-0.04,-0.197,-2.646,-10.192,-1.305,1548691883548
11,0.819,-0.033,-0.177,-2.644,-10.415,-1.306,1548691883568
12,0.537,-0.09,-0.121,-2.505,-9.935,-1.06,1548691883588
12,0.449,-0.218,-0.13,-2.438,-10.057,-0.523,1548691883609
12,0.484,-0.314,-0.16,-2.389,-9.951,-0.99,1548691883628
12,0.703,-0.348,-0.239,-3.162,-9.64,-1.6,1548691883649
12,0.872,-0.302,-0.234,-2.532,-10.93,-1.284,1548691883668
12,0.738,-0.381,-0.205,-2.251,-10.205,-2.075,1548691883689
12,0.667,-0.446,-0.173,-2.402,-9.229,-0.488,1548691883708
12,0.514,-0.336,-0.007,-1.544,-8.888,0.235,1548691883728
12,-0.229,-0.235,0.162,-2.489,-9.838,0.329,1548691883749
12,-0.621,0.058,0.171,-2.421,-10.223,0.596,1548691883768
12,-0.44,0.051,0.11,-2.151,-10.842,1.179,1548691883788
13,-0.087,0.077,0.082,-2.111,-10.017,-0.749,1548691883809
13,-0.127,0.136,0.114,-2.079,-9.715,-0.603,1548691883828
13,-0.17,0.111,0.115,-2.248,-9.741,-0.646,1548691883848
13,-0.149,0.063,0.078,-2.386,-9.838,-0.643,1548691883868
13,-0.27,0.071,0.063,-2.582,-10.475,-1.114,1548691883888
13,-0.538,0.069,0.018,-2.505,-10.417,-0.441,1548691883908
13,-0.298,0.048,0.006,-2.519,-9.874,-0.711,1548691883928
13,0.023,0.045,-0.01,-2.714,-9.767,-0.548,1548691883948
13,0.031,0.042,-0.009,-2.935,-9.898,-0.885,1548691883968
13,-0.108,0.053,0.001,-2.764,-10.284,-1.049,1548691883988
13,-0.254,0.022,0.008,-2.377,-10.281,-0.653,1548691884008
13,-0.122,-0.012,-0.005,-2.29,-9.735,-0.52,1548691884028
13,0.025,-0.009,-0.001,-2.556,-9.739,-1.036,1548691884048
14,-0.005,0.018,0.008,-2.584,-9.973,-1.274,1548691884068
14,-0.121,0.042,0.027,-2.399,-9.938,-1.172,1548691884088
14,-0.192,0.033,0.038,-2.438,-10.121,-0.989,1548691884108
14,-0.182,0.019,0.018,-2.411,-9.789,-0.758,1548691884128
14,-0.153,0.034,0.008,-2.567,-9.622,-0.849,1548691884148
14,-0.157,0.051,0.029,-2.639,-9.771,-0.885,1548691884168
14,-0.102,0.057,0.015,-2.502,-9.784,-0.874,1548691884188
14,0.024,0.06,0.005,-2.543,-9.779,-0.558,1548691884208
14,-0.058,0.056,0.01,-2.334,-10.372,-0.737,1548691884228
14,-0.22,0.034,-0.011,-2.631,-10.221,-0.974,1548691884248
14,-0.088,0.023,-0.024,-2.622,-9.696,-0.552,1548691884268
15,0.134,0.004,-0.014,-2.684,-9.666,-0.89,1548691884288
15,0.095,-0.011,-0.019,-2.6,-9.73,-1.441,1548691884308
15,-0.056,-0.021,0.005,-2.394,-10.268,-1.214,1548691884328
15,-0.085,-0.011,0.031,-2.495,-9.999,-1.405,1548691884348
15,-0.019,0.009,0.062,-2.394,-9.66,-1.25,1548691884369
15,0.021,0.025,0.074,-2.684,-9.546,-1.18,1548691884388
15,-0.085,0.041,0.081,-2.699,-10.01,-0.884,1548691884408
15,-0.219,0.026,0.076,-2.471,-9.71,-0.837,1548691884428
15,-0.271,0.024,0.111,-2.406,-9.365,-1.318,1548691884448
15,-0.174,0.093,0.119,-2.54,-10.12,-1.265,1548691884468
15,-0.062,0.084,0.061,-2.938,-10.12,-0.736,1548691884488
15,0.074,0.09,0.028,-2.962,-9.913,-1.029,1548691884508
15,0.142,0.037,-0.014,-2.93,-9.671,-1.291,1548691884528
16,0.127,0.049,0.013,-2.736,-9.918,-1.255,1548691884548
16,0.05,0.012,0.0,-2.669,-9.804,-0.958,1548691884568
16,-0.01,-0.03,-0.013,-2.734,-10.229,-0.654,1548691884588
16,-0.045,-0.023,-0.009,-2.515,-10.083,-1.089,1548691884608
16,-0.064,0.003,-0.008,-2.578,-9.748,-1.352,1548691884628
16,0.02,0.012,-0.006,-2.542,-9.621,-1.043,1548691884648
16,0.042,0.004,-0.008,-2.775,-9.596,-1.171,1548691884668
16,-0.03,-0.013,-0.013,-2.464,-9.813,-1.199,1548691884688
16,-0.116,-0.02,-0.011,-2.528,-10.072,-1.383,1548691884708
16,-0.077,0.006,-0.024,-2.518,-9.933,-1.272,1548691884728
16,0.008,0.017,-0.029,-2.602,-9.91,-1.217,1548691884748
16,0.013,0.031,-0.026,-2.593,-10.078,-1.09,1548691884767
16,0.011,0.042,-0.02,-2.653,-9.989,-1.056,1548691884788
17,0.03,0.046,-0.023,-2.693,-10.005,-1.202,1548691884808
17,0.075,0.038,-0.032,-2.647,-9.878,-1.125,1548691884828
17,0.141,0.034,-0.042,-2.567,-10.095,-1.012,1548691884848
17,0.186,0.026,-0.057,-2.653,-10.068,-0.928,1548691884868
17,0.23,0.0,-0.078,-2.709,-9.678,-0.818,1548691884888
17,0.145,-0.04,-0.09,-2.615,-9.504,-0.81,1548691884908
17,0.08,-0.051,-0.077,-2.28,-10.049,-0.967,1548691884928
17,-0.018,-0.076,-0.102,-2.611,-10.258,-1.418,1548691884948
17,-0.025,-0.067,-0.081,-2.766,-10.509,-1.11,1548691884968
17,0.014,-0.039,-0.029,-2.738,-10.574,-1.492,1548691884988
17,-0.477,-0.007,0.02,-2.083,-8.871,-0.501,1548691885008
17,-0.48,0.019,0.111,-2.815,-9.678,-1.277,1548691885028
18,-0.277,0.093,0.09,-2.834,-9.264,-1.624,1548691885047
18,-0.199,0.118,0.09,-2.482,-9.555,-1.541,1548691885068
18,-0.082,0.035,0.013,-2.672,-10.123,-1.089,1548691885088
18,-0.118,0.022,-0.003,-2.531,-10.214,-1.089,1548691885107
18,-0.371,0.004,0.041,-1.699,-9.189,-0.867,1548691885127
18,-0.233,-0.019,0.051,-2.509,-10.159,-1.402,1548691885147
18,-0.117,-0.045,-0.006,-2.795,-10.278,-1.206,1548691885167
18,-0.205,-0.064,0.023,-2.298,-10.087,-0.729,1548691885188
18,-0.036,-0.083,0.016,-2.726,-10.073,-1.363,1548691885208
18,-0.018,0.007,0.031,-2.619,-9.841,-1.519,1548691885227
18,-0.058,0.013,0.04,-2.487,-9.773,-1.594,1548691885247
18,-0.063,-0.014,0.026,-2.78,-9.771,-1.433,1548691885267
18,-0.059,0.013,0.039,-2.752,-9.391,-1.447,1548691885288
19,-0.011,0.033,0.051,-2.636,-9.921,-1.796,1548691885308
19,-0.087,-0.007,0.04,-2.67,-9.673,-1.528,1548691885328
19,-0.134,-0.014,0.059,-2.577,-9.64,-1.873,1548691885347
19,-0.193,-0.007,0.084,-2.453,-9.801,-1.886,1548691885367
19,-0.363,-0.009,0.097,-2.581,-8.603,-1.648,1548691885388
19,-0.407,0.051,0.1,-2.333,-8.269,-1.659,1548691885407
19,-0.765,0.143,0.13,-2.669,-9.057,-2.791,1548691885427
19,-1.453,0.19,0.141,-2.526,-9.215,-3.227,1548691885447
19,-1.559,0.244,0.111,-2.522,-9.241,-3.127,1548691885468
19,-1.496,0.318,0.154,-2.987,-9.992,-3.659,1548691885488
19,-1.72,0.302,0.13,-3.244,-9.735,-3.705,1548691885507
19,-1.644,0.319,0.17,-3.005,-9.484,-3.803,1548691885527
19,-1.523,0.278,0.213,-2.939,-9.658,-3.951,1548691885547
20,-1.359,0.226,0.229,-2.769,-9.394,-3.675,1548691885568
20,-0.97,0.223,0.245,-3.032,-9.928,-4.039,1548691885587
20,-0.926,0.23,0.253,-3.15,-9.711,-3.889,1548691885607
20,-0.853,0.228,0.239,-3.116,-8.997,-4.339,1548691885627
20,-0.701,0.197,0.259,-3.103,-8.501,-4.739,1548691885648
20,-0.67,0.182,0.256,-2.99,-8.822,-4.913,1548691885667
20,-0.736,0.157,0.241,-3.035,-8.863,-4.535,1548691885688
20,-0.762,0.127,0.248,-3.351,-9.104,-5.083,1548691885708
20,-0.614,0.097,0.203,-3.268,-8.829,-5.584,1548691885727
20,-0.341,0.008,0.158,-3.197,-8.111,-5.828,1548691885747
20,-0.236,-0.062,0.164,-3.401,-7.277,-5.484,1548691885767
20,-0.224,-0.075,0.167,-3.87,-7.88,-5.568,1548691885788
21,-0.43,-0.087,0.146,-3.856,-8.3,-5.909,1548691885807
21,-0.677,-0.061,0.196,-4.198,-8.819,-5.334,1548691885828
21,-0.826,-0.054,0.229,-4.036,-8.039,-5.374,1548691885847
21,-0.521,-0.08,0.197,-3.909,-7.521,-6.068,1548691885867
21,-0.307,-0.163,0.212,-3.677,-7.706,-6.382,1548691885887
21,-0.231,-0.246,0.188,-3.883,-8.274,-5.956,1548691885907
21,-0.326,-0.252,0.186,-3.848,-7.705,-5.941,1548691885927
21,-0.361,-0.237,0.196,-3.844,-7.832,-6.105,1548691885947
21,-0.339,-0.283,0.213,-4.152,-7.469,-6.453,1548691885967
21,-0.32,-0.314,0.199,-3.871,-7.627,-6.197,1548691885988
21,-0.27,-0.352,0.185,-4.057,-8.378,-5.853,1548691886007
21,-0.275,-0.391,0.159,-4.377,-7.191,-5.518,1548691886027
21,-0.151,-0.366,0.133,-4.504,-7.771,-5.258,1548691886047
22,-0.014,-0.341,0.103,-4.322,-7.804,-5.487,1548691886067
22,0.048,-0.348,0.09,-4.354,-7.113,-5.42,1548691886087
22,0.177,-0.325,0.096,-4.666,-7.4,-4.875,1548691886107
22,0.052,-0.238,0.115,-4.727,-7.429,-5.092,1548691886128
22,0.024,-0.188,0.131,-4.676,-6.841,-4.763,1548691886147
22,0.095,-0.163,0.14,-4.57,-8.042,-4.853,1548691886167
22,-0.063,-0.106,0.127,-4.635,-7.47,-5.268,1548691886188
22,0.017,-0.051,0.104,-4.278,-6.955,-5.411,1548691886207
22,0.136,-0.051,0.076,-4.423,-7.339,-4.616,1548691886227
22,0.014,-0.052,0.042,-4.396,-8.078,-4.772,1548691886247
22,-0.17,0.003,0.002,-4.042,-7.286,-5.504,1548691886267
22,-0.02,-0.004,-0.023,-4.335,-7.282,-5.566,1548691886287
22,0.119,-0.014,-0.072,-4.507,-7.016,-5.151,1548691886308
23,0.168,-0.017,-0.115,-4.721,-7.659,-4.895,1548691886327
23,0.071,-0.02,-0.141,-4.734,-7.164,-5.697,1548691886347
23,0.012,-0.04,-0.154,-4.672,-7.264,-5.501,1548691886367
23,0.111,-0.051,-0.165,-4.748,-7.87,-6.123,1548691886387
23,0.117,-0.05,-0.177,-4.079,-8.377,-4.698,1548691886407
23,0.169,-0.045,-0.169,-4.167,-8.282,-5.073,1548691886427
23,0.05,0.009,-0.16,-4.169,-7.846,-5.373,1548691886447
23,0.061,0.051,-0.148,-3.75,-8.002,-4.629,1548691886467
23,0.133,0.056,-0.153,-4.195,-8.078,-4.49,1548691886487
23,0.166,0.08,-0.188,-3.923,-8.51,-4.667,1548691886507
23,0.2,0.107,-0.196,-3.74,-8.641,-5.997,1548691886527
23,0.208,0.116,-0.218,-3.769,-8.07,-5.776,1548691886547
23,0.357,0.069,-0.256,-4.27,-8.257,-4.272,1548691886567
23,0.35,0.021,-0.262,-3.573,-9.026,-4.857,1548691886587
24,0.172,-0.035,-0.262,-3.296,-8.53,-5.589,1548691886607
24,0.175,-0.03,-0.262,-3.326,-8.137,-5.528,1548691886627
24,0.218,-0.056,-0.279,-3.5,-8.287,-5.11,1548691886647
24,0.221,-0.054,-0.296,-3.759,-8.677,-4.49,1548691886666
24,0.23,-0.096,-0.29,-3.766,-8.752,-4.688,1548691886687
24,0.259,-0.161,-0.26,-3.369,-7.845,-5.014,1548691886707
24,0.353,-0.218,-0.244,-3.489,-8.33,-6.086,1548691886726
24,0.331,-0.253,-0.23,-3.141,-8.821,-5.071,1548691886747
24,0.291,-0.266,-0.231,-3.165,-9.302,-4.579,1548691886767
24,0.201,-0.214,-0.261,-4.063,-8.724,-5.052,1548691886787
24,0.24,-0.16,-0.277,-3.716,-7.913,-4.75,1548691886807
24,0.551,-0.249,-0.276,-3.15,-8.553,-4.675,1548691886827
24,0.542,-0.239,-0.241,-2.864,-8.876,-4.729,1548691886847
25,0.472,-0.249,-0.22,-2.652,-9.21,-4.928,1548691886867
25,0.436,-0.216,-0.221,-2.592,-8.722,-5.045,1548691886887
25,0.502,-0.148,-0.221,-2.987,-9.101,-3.819,1548691886906
25,0.619,-0.103,-0.253,-2.938,-8.925,-5.465,1548691886926
25,0.507,-0.016,-0.269,-3.401,-9.201,-3.906,1548691886947
25,0.479,-0.101,-0.295,-3.25,-9.306,-4.29,1548691886966
25,0.35,-0.136,-0.329,-3.076,-9.062,-4.172,1548691886986
25,0.487,-0.144,-0.312,-3.315,-8.406,-4.139,1548691887007
25,0.57,-0.16,-0.271,-3.047,-9.196,-3.461,1548691887027
25,0.372,-0.174,-0.21,-2.527,-8.977,-3.901,1548691887047
25,0.296,-0.156,-0.147,-2.108,-8.401,-4.14,1548691887066
25,0.295,-0.07,-0.106,-2.356,-8.733,-3.634,1548691887087
25,0.232,0.03,-0.052,-2.311,-9.004,-3.333,1548691887107
25,0.151,0.121,-0.045,-2.475,-9.263,-3.419,1548691887127
25,0.109,0.171,-0.067,-2.67,-9.43,-3.082,1548691887146
26,0.04,0.209,-0.097,-2.836,-9.273,-3.188,1548691887167
26,0.122,0.221,-0.11,-2.808,-9.522,-3.406,1548691887187
26,0.157,0.228,-0.135,-2.608,-9.154,-3.296,1548691887206
26,0.221,0.206,-0.135,-2.484,-9.054,-3.399,1548691887226
26,0.224,0.183,-0.124,-2.469,-8.982,-3.398,1548691887246
26,0.161,0.191,-0.098,-2.263,-9.407,-3.168,1548691887267
26,0.065,0.196,-0.094,-2.378,-9.629,-3.163,1548691887287
26,0.065,0.212,-0.065,-2.225,-9.68,-3.146,1548691887307
26,0.127,0.213,-0.048,-2.423,-9.489,-3.049,1548691887327
26,0.161,0.247,-0.042,-2.427,-9.4,-3.576,1548691887347
26,0.114,0.273,-0.044,-2.54,-9.3,-3.378,1548691887366
27,0.133,0.284,-0.044,-2.632,-9.701,-2.829,1548691887386
27,0.136,0.246,-0.073,-2.473,-9.736,-2.688,1548691887406
27,0.114,0.197,-0.092,-2.728,-9.429,-3.433,1548691887426
27,0.17,0.17,-0.106,-2.461,-9.417,-3.124,1548691887447
27,0.251,0.084,-0.124,-2.57,-9.586,-2.777,1548691887467
27,0.24,0.052,-0.136,-2.427,-9.235,-3.062,1548691887487
27,0.219,0.051,-0.134,-2.587,-9.145,-3.232,1548691887507
27,0.119,0.088,-0.097,-2.687,-9.816,-3.114,1548691887526
27,-0.012,0.102,-0.086,-2.436,-9.223,-3.317,1548691887547
27,0.039,0.107,-0.077,-2.255,-9.741,-3.082,1548691887566
27,0.053,0.062,-0.094,-2.536,-9.579,-3.193,1548691887586
27,0.096,0.076,-0.123,-2.095,-9.331,-3.123,1548691887606
27,0.202,0.034,-0.127,-1.976,-9.558,-3.025,1548691887626
28,0.154,-0.002,-0.153,-1.913,-9.445,-2.893,1548691887646
28,0.074,-0.009,-0.161,-2.294,-8.868,-3.571,1548691887666
28,0.055,0.007,-0.138,-1.967,-9.613,-2.785,1548691887687
28,0.012,-0.035,-0.126,-1.889,-10.227,-2.766,1548691887706
28,-0.063,-0.033,-0.137,-1.831,-9.966,-2.664,1548691887726
28,0.091,-0.037,-0.12,-2.018,-9.584,-2.773,1548691887746
28,0.097,-0.022,-0.11,-1.965,-9.83,-3.131,1548691887766
28,0.007,0.004,-0.087,-2.086,-9.974,-2.962,1548691887786
28,0.043,-0.019,-0.103,-1.954,-10.205,-2.616,1548691887807
28,0.131,-0.076,-0.134,-1.852,-9.958,-2.871,1548691887826
28,0.128,-0.071,-0.146,-1.956,-9.655,-2.983,1548691887846
28,0.158,-0.06,-0.135,-2.089,-9.689,-2.787,1548691887867
28,0.197,-0.064,-0.138,-2.0,-9.621,-2.601,1548691887887
28,0.153,-0.077,-0.114,-1.804,-10.065,-2.456,1548691887906
29,0.089,-0.06,-0.087,-1.925,-9.695,-2.604,1548691887926
29,0.126,-0.031,-0.055,-2.057,-9.311,-2.766,1548691887946
29,0.106,0.013,-0.021,-2.113,-9.935,-2.095,1548691887966
29,0.043,0.022,-0.006,-2.03,-9.952,-2.451,1548691887987
29,-0.028,0.087,0.002,-1.792,-10.114,-2.592,1548691888007
29,0.006,0.047,-0.004,-2.14,-9.592,-2.752,1548691888027
29,0.025,0.043,-0.003,-1.979,-9.791,-2.807,1548691888046
29,-0.005,0.017,0.002,-2.004,-9.764,-2.752,1548691888066
29,0.05,-0.006,-0.032,-1.887,-9.526,-2.681,1548691888086
29,0.12,-0.026,-0.048,-2.026,-9.179,-2.714,1548691888106
30,0.093,-0.022,-0.039,-1.927,-9.766,-2.693,1548691888126
30,-0.043,-0.006,-0.008,-2.01,-9.604,-2.676,1548691888146
30,-0.065,0.025,-0.022,-2.014,-9.321,-2.776,1548691888166
30,-0.024,0.03,-0.031,-1.685,-9.548,-2.537,1548691888186
30,-0.035,0.035,-0.024,-1.754,-9.854,-2.318,1548691888206
30,-0.107,0.057,-0.002,-1.806,-9.974,-2.264,1548691888226
30,-0.104,0.091,0.008,-1.936,-9.433,-2.557,1548691888246
30,-0.03,0.074,-0.008,-1.989,-9.729,-2.373,1548691888266
30,-0.016,0.061,-0.031,-1.787,-10.311,-2.22,1548691888286
30,-0.018,0.048,-0.074,-1.906,-9.97,-2.743,1548691888306
30,0.045,0.033,-0.101,-1.871,-9.538,-2.437,1548691888326
30,0.107,0.025,-0.127,-1.723,-10.066,-2.232,1548691888345
30,0.085,0.012,-0.147,-1.719,-9.646,-2.773,1548691888366
30,0.121,0.041,-0.136,-1.532,-9.288,-2.879,1548691888386
30,0.166,0.017,-0.141,-1.617,-9.74,-2.769,1548691888405
31,0.026,0.04,-0.131,-1.71,-9.808,-2.71,1548691888425
31,-0.043,0.065,-0.107,-1.507,-9.845,-2.577,1548691888446
31,0.009,0.043,-0.115,-1.562,-9.848,-2.372,1548691888466
31,0.054,0.034,-0.13,-1.755,-10.126,-2.6,1548691888486
31,0.045,0.079,-0.125,-1.689,-9.851,-2.826,1548691888506
31,0.117,0.055,-0.136,-1.712,-9.898,-2.775,1548691888526
31,0.197,0.005,-0.174,-1.607,-9.898,-2.586,1548691888546
31,0.173,-0.028,-0.19,-1.582,-9.863,-2.602,1548691888566
31,0.182,-0.044,-0.194,-1.517,-9.66,-2.777,1548691888586
31,0.237,-0.049,-0.194,-1.462,-9.748,-2.825,1548691888605
31,0.222,-0.058,-0.19,-1.393,-10.051,-2.636,1548691888625
31,0.201,-0.05,-0.178,-1.343,-9.968,-2.42,1548691888645
32,0.256,-0.056,-0.184,-1.37,-10.095,-2.175,1548691888666
32,0.311,-0.051,-0.177,-1.382,-10.146,-2.458,1548691888685
32,0.285,-0.05,-0.167,-1.424,-9.87,-2.477,1548691888706
32,0.338,-0.054,-0.146,-1.143,-10.503,-2.366,1548691888725
32,0.281,-0.126,-0.156,-1.274,-10.498,-1.816,1548691888746
32,0.285,-0.154,-0.154,-1.31,-10.277,-1.861,1548691888765
32,0.361,-0.17,-0.165,-1.224,-9.717,-1.377,1548691888786
32,0.372,-0.136,-0.098,-1.368,-10.11,-1.85,1548691888806
32,0.34,-0.147,-0.116,-1.092,-9.824,-1.722,1548691888825
32,0.315,-0.123,-0.111,-1.079,-9.861,-1.767,1548691888846
32,0.237,-0.13,-0.116,-1.159,-10.023,-1.666,1548691888866
32,0.107,-0.094,-0.094,-1.182,-10.011,-1.709,1548691888886
32,0.077,-0.034,-0.074,-1.076,-10.012,-1.743,1548691888905
32,0.06,-0.013,-0.062,-1.253,-9.938,-1.715,1548691888925
33,0.02,0.036,-0.051,-1.182,-10.296,-1.718,1548691888945
33,-0.046,0.041,-0.055,-1.644,-10.635,-1.738,1548691888965
33,-0.067,0.056,-0.048,-1.333,-10.621,-1.517,1548691888986
33,-0.072,0.038,-0.022,-1.305,-10.581,-1.452,1548691889005
33,0.035,0.018,-0.022,-1.155,-10.478,-1.705,1548691889026
33,0.135,0.009,-0.018,-1.295,-10.675,-1.662,1548691889046
33,0.16,0.005,-0.01,-1.247,-10.335,-1.574,1548691889065
33,0.2,0.022,0.0,-1.066,-10.148,-1.304,1548691889086
33,0.204,0.006,-0.005,-1.136,-10.202,-1.347,1548691889105
33,0.168,0.035,-0.006,-1.18,-10.395,-1.437,1548691889125
33,0.154,0.055,-0.019,-1.125,-10.283,-1.164,1548691889146
33,0.218,0.024,-0.047,-1.1,-9.992,-1.267,1548691889165
33,0.358,0.009,-0.076,-1.055,-9.942,-1.371,1548691889186
33,0.342,0.009,-0.097,-1.082,-10.011,-1.24,1548691889206
34,0.22,0.019,-0.088,-1.143,-10.168,-1.458,1548691889225
34,0.118,0.027,-0.062,-1.018,-10.012,-1.49,1548691889246
34,0.082,0.033,-0.062,-1.006,-9.976,-1.191,1548691889265
34,0.07,0.035,-0.044,-0.896,-10.079,-1.174,1548691889286
34,0.042,0.034,-0.036,-1.005,-10.034,-1.089,1548691889305
34,0.042,0.068,-0.037,-1.117,-10.153,-1.172,1548691889326
34,-0.009,0.071,-0.033,-1.043,-10.392,-0.881,1548691889346
34,-0.025,0.066,-0.029,-0.951,-10.45,-0.985,1548691889366
34,-0.017,0.07,-0.019,-0.978,-10.007,-0.94,1548691889385
34,0.123,0.063,-0.048,-0.765,-10.104,-0.709,1548691889406
34,0.14,0.044,-0.039,-0.561,-9.98,-0.967,1548691889426
34,0.165,0.017,-0.056,-0.816,-10.467,-0.51,1548691889445
34,0.223,-0.006,-0.077,-0.768,-9.621,-1.046,1548691889465
35,0.642,-0.056,-0.106,-0.798,-11.034,-1.075,1548691889485
35,0.29,-0.156,-0.118,-1.007,-10.316,-0.861,1548691889506
35,0.269,-0.092,-0.031,-0.891,-10.871,-1.265,1548691889525
35,0.253,-0.135,-0.027,-0.932,-9.922,-1.009,1548691889546
35,0.514,-0.136,-0.061,-1.007,-9.239,-0.779,1548691889565
35,0.79,-0.129,-0.125,-1.029,-9.266,-0.635,1548691889586
35,0.631,-0.146,-0.076,-0.959,-10.396,-0.415,1548691889605
35,0.13,-0.158,0.007,-0.985,-10.728,-0.407,1548691889625
35,-0.173,-0.128,0.04,-0.967,-10.366,-0.163,1548691889646
35,-0.036,-0.024,0.051,-0.851,-10.467,-0.129,1548691889666
35,0.12,0.036,0.054,-0.956,-10.417,-0.039,1548691889685
36,0.197,0.103,0.025,-0.929,-10.374,-0.416,1548691889705
36,0.241,0.106,0.035,-1.047,-10.654,-0.586,1548691889725
36,0.096,0.09,0.047,-1.025,-10.756,-0.392,1548691889745
36,0.106,0.05,0.025,-0.878,-10.327,-0.184,1548691889765
36,0.222,0.019,0.014,-0.804,-10.386,-0.069,1548691889785
36,0.328,0.008,0.021,-0.817,-10.039,0.286,1548691889805
36,0.441,0.004,0.051,-1.02,-10.303,0.278,1548691889825
36,0.476,-0.014,0.036,-1.051,-10.271,0.227,1548691889845
36,0.424,-0.039,0.048,-0.984,-10.147,-0.011,1548691889866
36,0.429,-0.04,0.115,-1.024,-9.863,0.116,1548691889885
36,0.419,-0.03,0.177,-1.211,-9.802,0.472,1548691889905
36,0.384,0.008,0.169,-1.185,-10.114,0.073,1548691889925
36,0.204,0.01,0.11,-1.142,-10.178,0.495,1548691889945
37,0.146,-0.032,0.09,-1.051,-10.321,0.785,1548691889965
37,0.146,-0.075,0.102,-1.267,-10.44,1.072,1548691889985
37,0.139,-0.049,0.101,-0.96,-10.767,0.158,1548691890005
37,0.174,-0.027,0.102,-0.874,-9.72,-0.117,1548691890025
37,0.185,0.0,0.113,-1.085,-9.822,0.292,1548691890045
37,0.121,-0.013,0.108,-1.26,-10.192,1.056,1548691890065
37,0.037,-0.02,0.096,-0.89,-10.216,0.805,1548691890085
37,0.021,-0.019,0.077,-1.382,-10.453,0.326,1548691890103
37,0.0,0.023,0.052,-1.368,-9.97,0.518,1548691890125
37,0.081,0.017,0.027,-0.97,-10.071,0.486,1548691890145
37,0.184,-0.032,-0.026,-0.863,-9.993,0.233,1548691890165
37,0.254,-0.045,-0.074,-1.204,-9.404,0.946,1548691890185
37,0.274,-0.002,-0.093,-1.3,-9.619,0.887,1548691890205
37,0.16,0.036,-0.097,-1.053,-10.148,1.0,1548691890225
38,0.063,0.053,-0.101,-0.884,-10.449,0.892,1548691890245
38,-0.004,0.022,-0.102,-1.16,-9.842,0.552,1548691890265
38,0.014,0.038,-0.061,-1.154,-9.644,0.727,1548691890285
38,0.08,0.028,-0.021,-1.103,-9.943,0.986,1548691890305
38,-0.048,0.009,-0.031,-1.343,-10.227,0.708,1548691890325
38,-0.173,0.049,-0.018,-1.174,-10.14,0.714,1548691890345
38,-0.124,0.035,-0.023,-1.222,-9.921,0.599,1548691890364
38,-0.122,0.043,-0.024,-1.32,-10.361,0.296,1548691890385
38,-0.216,0.043,-0.026,-1.156,-10.535,0.248,1548691890405
38,-0.186,0.01,-0.017,-1.178,-10.009,0.587,1548691890424
38,-0.088,0.0,0.006,-1.179,-10.076,0.681,1548691890445
38,-0.096,0.014,0.032,-1.194,-10.48,0.497,1548691890465
38,-0.17,0.026,0.025,-1.201,-10.441,0.477,1548691890485
39,-0.112,0.02,0.024,-1.106,-9.974,0.671,1548691890505
39,-0.026,0.012,0.027,-1.117,-10.16,0.641,1548691890524
39,-0.121,0.02,0.024,-1.05,-10.473,0.44,1548691890544
39,-0.16,0.018,0.007,-1.137,-10.071,0.41,1548691890565
39,-0.08,0.03,0.0,-1.225,-9.786,0.26,1548691890585
39,-0.046,0.05,0.0,-0.985,-9.993,0.347,1548691890604
39,-0.112,0.037,-0.013,-1.076,-10.241,0.461,1548691890625
39,-0.094,0.021,-0.026,-0.941,-10.241,0.364,1548691890644
39,-0.061,0.012,-0.026,-1.091,-9.827,0.238,1548691890665
39,0.006,0.035,-0.009,-1.116,-9.741,0.257,1548691890685
39,-0.063,0.045,0.003,-1.163,-10.176,0.403,1548691890705
39,-0.182,0.035,-0.009,-1.155,-10.37,0.274,1548691890725
39,-0.19,0.023,-0.019,-1.092,-10.402,0.201,1548691890745
39,-0.11,0.025,-0.009,-1.085,-9.932,0.291,1548691890764
