pack,vx,vy,vz,ax,ay,az,time
1,-0.132,-0.448,0.074,-0.327,-9.624,-2.73,1549046032110
1,-0.151,-0.511,0.122,-0.46,-9.829,-2.929,1549046032130
1,-0.157,-0.624,0.158,-0.585,-10.023,-2.547,1549046032150
1,-0.246,-0.802,0.141,-0.446,-10.392,-2.054,1549046032170
1,-0.241,-0.861,0.114,-0.379,-10.235,-1.409,1549046032190
1,-0.197,-0.825,0.07,-0.41,-10.003,-1.59,1549046032210
1,-0.126,-0.785,0.008,-0.339,-9.594,-2.201,1549046032230
1,-0.133,-0.827,0.023,-0.352,-9.264,-2.673,1549046032250
1,-0.132,-0.932,0.082,-0.205,-9.646,-3.109,1549046032270
1,-0.198,-1.058,0.144,-0.242,-9.966,-2.907,1549046032290
1,-0.287,-1.121,0.179,-0.66,-11.244,-2.393,1549046032310
2,-0.231,-1.139,0.129,-0.887,-10.539,-2.614,1549046032329
2,-0.074,-1.114,0.111,-1.038,-9.365,-3.18,1549046032350
2,0.006,-1.081,0.154,-1.109,-8.501,-3.094,1549046032369
2,-0.258,-1.172,0.23,-0.787,-11.726,-2.669,1549046032389
2,-0.299,-1.315,0.241,-0.679,-12.79,-2.204,1549046032409
2,0.108,-1.276,0.15,-0.892,-11.322,-2.219,1549046032430
2,0.464,-1.161,0.113,-1.223,-8.495,-3.14,1549046032449
2,0.267,-1.168,0.209,-1.053,-7.577,-3.812,1549046032469
2,-0.224,-1.245,0.332,-0.502,-9.045,-3.521,1549046032490
2,-0.499,-1.281,0.265,-1.006,-10.853,-2.775,1549046032510
3,-0.214,-1.255,-0.034,-1.416,-10.763,-1.89,1549046032529
3,0.084,-1.212,-0.134,-1.216,-9.965,-1.552,1549046032550
3,-0.231,-1.271,-0.038,-0.891,-10.628,-2.588,1549046032569
3,-0.464,-1.267,0.117,-0.893,-10.669,-2.413,1549046032590
3,-0.353,-1.036,0.201,-2.102,-10.243,-2.411,1549046032610
3,-0.043,-0.885,0.167,-2.542,-8.872,-3.158,1549046032630
3,-0.12,-0.978,0.081,-1.732,-8.196,-3.855,1549046032650
3,-0.372,-1.149,0.008,-0.428,-10.383,-2.531,1549046032670
3,-0.477,-1.105,-0.023,-1.101,-10.13,-2.649,1549046032690
3,-0.499,-0.877,0.042,-2.182,-8.84,-3.949,1549046032710
3,-0.494,-0.87,0.056,-2.179,-8.48,-4.32,1549046032730
4,-0.735,-0.826,0.174,-1.936,-10.367,-4.099,1549046032750
4,-0.716,-0.763,0.338,-1.613,-9.51,-3.839,1549046032771
4,-0.401,-0.573,0.259,-2.171,-8.512,-2.901,1549046032791
4,-0.629,-0.301,0.387,-2.874,-10.114,-3.283,1549046032811
4,-0.656,-0.309,0.446,-2.213,-10.621,-3.378,1549046032830
4,-0.323,-0.297,0.492,-2.062,-8.629,-3.58,1549046032850
4,-0.222,-0.228,0.377,-2.432,-9.22,-3.076,1549046032871
4,-0.525,-0.168,0.418,-2.226,-11.03,-3.101,1549046032891
4,-0.476,-0.192,0.487,-2.493,-9.796,-3.104,1549046032910
4,-0.277,-0.189,0.405,-2.726,-8.983,-3.159,1549046032930
4,-0.357,-0.183,0.455,-2.896,-9.551,-3.89,1549046032950
5,-0.432,-0.176,0.468,-2.821,-9.433,-4.245,1549046032970
5,-0.48,-0.121,0.529,-2.794,-9.234,-3.793,1549046032990
5,-0.557,-0.139,0.458,-3.347,-9.829,-3.68,1549046033010
5,-0.614,-0.14,0.429,-3.465,-10.029,-3.82,1549046033031
5,-0.428,-0.136,0.414,-3.547,-9.789,-3.407,1549046033050
5,-0.101,-0.124,0.425,-3.46,-9.039,-4.165,1549046033070
5,0.039,-0.138,0.442,-3.358,-8.19,-5.134,1549046033090
5,-0.225,-0.034,0.471,-3.464,-9.902,-4.206,1549046033111
5,-0.499,-0.054,0.413,-3.802,-10.706,-3.782,1549046033131
5,-0.2,-0.126,0.363,-4.102,-8.898,-3.646,1549046033150
5,0.077,-0.126,0.323,-4.229,-9.153,-4.07,1549046033170
5,0.066,-0.124,0.304,-4.273,-8.856,-5.027,1549046033190
5,-0.025,-0.104,0.298,-4.069,-8.421,-4.876,1549046033211
5,-0.274,-0.092,0.261,-4.683,-9.571,-3.919,1549046033231
6,-0.221,-0.159,0.231,-4.454,-8.446,-3.699,1549046033250
6,-0.039,-0.182,0.232,-4.297,-9.087,-3.733,1549046033271
6,0.055,-0.192,0.238,-4.402,-8.695,-4.727,1549046033290
6,0.044,-0.156,0.242,-4.223,-8.258,-4.865,1549046033310
6,-0.221,-0.17,0.208,-4.293,-9.095,-4.362,1549046033331
6,-0.248,-0.193,0.21,-4.435,-8.332,-3.902,1549046033350
6,-0.137,-0.237,0.205,-4.598,-8.32,-4.093,1549046033370
6,-0.008,-0.235,0.233,-4.18,-7.693,-4.813,1549046033391
6,-0.156,-0.204,0.254,-4.197,-8.077,-4.801,1549046033411
6,-0.317,-0.188,0.282,-4.466,-8.54,-4.24,1549046033431
7,-0.31,-0.208,0.282,-4.666,-8.332,-3.743,1549046033450
7,-0.253,-0.232,0.268,-4.583,-7.823,-3.869,1549046033471
7,-0.348,-0.257,0.264,-4.188,-7.507,-5.327,1549046033491
7,-0.391,-0.227,0.278,-4.886,-8.325,-4.199,1549046033510
7,-0.362,-0.219,0.277,-4.642,-8.165,-4.623,1549046033530
7,-0.371,-0.269,0.238,-4.796,-7.707,-4.287,1549046033550
7,-0.351,-0.264,0.228,-4.722,-7.696,-4.207,1549046033570
7,-0.342,-0.265,0.231,-5.009,-7.475,-4.602,1549046033590
7,-0.313,-0.233,0.239,-4.896,-7.496,-4.323,1549046033610
7,-0.427,-0.243,0.255,-4.928,-7.299,-4.84,1549046033631
7,-0.502,-0.243,0.281,-4.978,-7.268,-4.767,1549046033650
7,-0.531,-0.221,0.293,-5.184,-7.351,-4.544,1549046033670
7,-0.477,-0.22,0.303,-5.172,-7.213,-4.466,1549046033691
8,-0.527,-0.267,0.284,-5.209,-7.293,-4.683,1549046033710
8,-0.491,-0.281,0.275,-5.09,-6.945,-5.008,1549046033731
8,-0.549,-0.297,0.276,-5.202,-7.161,-4.706,1549046033750
8,-0.578,-0.302,0.286,-5.285,-6.981,-4.681,1549046033770
8,-0.637,-0.334,0.287,-5.346,-7.081,-4.944,1549046033790
8,-0.589,-0.34,0.293,-5.303,-6.741,-4.913,1549046033810
8,-0.524,-0.324,0.301,-5.354,-6.636,-4.645,1549046033831
8,-0.62,-0.328,0.294,-5.287,-6.645,-4.819,1549046033850
8,-0.706,-0.332,0.282,-5.56,-6.75,-4.88,1549046033871
8,-0.572,-0.323,0.279,-5.731,-6.707,-4.82,1549046033891
8,-0.585,-0.313,0.255,-5.466,-6.466,-4.776,1549046033911
8,-0.65,-0.34,0.229,-5.575,-6.46,-5.232,1549046033931
8,-0.582,-0.308,0.272,-5.536,-6.177,-4.894,1549046033951
8,-0.593,-0.26,0.308,-5.957,-6.312,-4.992,1549046033971
9,-0.657,-0.278,0.298,-5.892,-6.351,-4.579,1549046033991
9,-0.578,-0.248,0.257,-5.905,-6.493,-4.604,1549046034011
9,-0.495,-0.221,0.253,-5.799,-6.224,-5.134,1549046034032
9,-0.448,-0.174,0.243,-5.886,-6.042,-5.534,1549046034051
9,-0.481,-0.106,0.245,-6.404,-6.445,-4.679,1549046034071
9,-0.448,-0.142,0.185,-6.393,-7.43,-5.234,1549046034091
9,-0.279,-0.219,0.09,-6.318,-6.422,-5.577,1549046034111
9,-0.091,-0.173,0.054,-6.323,-6.647,-5.568,1549046034132
9,-0.191,-0.195,0.009,-6.362,-6.275,-5.571,1549046034151
9,-0.18,-0.171,0.005,-6.637,-5.988,-5.282,1549046034171
9,-0.191,-0.195,-0.059,-6.658,-6.63,-5.026,1549046034191
10,-0.001,-0.172,-0.083,-6.973,-5.993,-4.996,1549046034211
10,0.059,-0.174,-0.07,-6.467,-5.803,-5.352,1549046034231
10,-0.003,-0.15,-0.035,-6.573,-5.946,-5.082,1549046034251
10,-0.169,-0.199,-0.05,-6.494,-5.943,-6.328,1549046034271
10,-0.128,-0.235,-0.006,-5.906,-6.573,-4.926,1549046034292
10,-0.013,-0.11,0.038,-6.258,-5.699,-4.638,1549046034312
10,-0.214,-0.151,0.03,-6.253,-5.575,-4.878,1549046034332
10,-0.254,-0.079,0.121,-6.555,-5.861,-4.089,1549046034351
10,-0.357,-0.128,0.141,-6.245,-5.298,-5.382,1549046034371
10,-0.288,-0.05,0.204,-6.244,-5.623,-5.447,1549046034392
10,-0.443,0.022,0.244,-6.473,-5.764,-4.798,1549046034412
10,-0.507,-0.067,0.219,-6.366,-5.797,-5.623,1549046034432
11,-0.456,-0.112,0.176,-6.207,-5.389,-5.409,1549046034452
11,-0.519,-0.15,0.142,-5.934,-5.567,-5.355,1549046034472
11,-0.503,-0.138,0.121,-5.679,-6.454,-5.371,1549046034492
11,-0.36,-0.016,0.105,-6.366,-4.451,-4.262,1549046034511
11,-0.503,-0.089,0.084,-5.911,-6.215,-5.943,1549046034532
11,-0.455,-0.031,0.068,-6.837,-5.137,-5.443,1549046034552
11,-0.414,-0.054,0.045,-6.218,-5.397,-5.764,1549046034572
11,-0.372,-0.023,0.033,-6.213,-5.517,-5.195,1549046034592
11,-0.244,0.061,0.039,-6.464,-4.988,-5.232,1549046034612
11,-0.297,0.137,0.081,-6.544,-4.222,-5.795,1549046034631
11,-0.334,0.256,0.166,-6.367,-5.471,-5.368,1549046034652
12,-0.3,0.299,0.181,-6.763,-5.304,-5.24,1549046034672
12,-0.24,0.272,0.157,-6.499,-5.096,-4.941,1549046034692
12,-0.262,0.277,0.144,-6.57,-4.123,-6.857,1549046034712
12,-0.236,0.338,0.17,-6.652,-4.702,-6.044,1549046034732
12,-0.219,0.382,0.152,-7.179,-4.949,-6.25,1549046034752
12,-0.239,0.332,0.117,-6.856,-5.251,-5.323,1549046034772
12,-0.303,0.242,0.056,-6.936,-4.322,-7.08,1549046034791
12,-0.248,0.243,0.126,-6.591,-3.768,-6.694,1549046034811
12,-0.419,0.379,0.205,-7.084,-4.853,-6.382,1549046034832
12,-0.363,0.309,0.221,-7.095,-5.002,-5.165,1549046034851
12,-0.303,0.243,0.213,-6.94,-4.345,-5.835,1549046034872
12,-0.234,0.189,0.227,-6.388,-2.933,-7.598,1549046034891
12,-0.435,0.4,0.332,-6.741,-5.305,-6.202,1549046034911
13,-0.417,0.38,0.317,-6.717,-5.017,-5.609,1549046034931
13,-0.246,0.254,0.23,-6.364,-3.793,-6.604,1549046034952
13,-0.192,0.262,0.202,-6.084,-4.185,-6.227,1549046034971
13,-0.259,0.334,0.197,-6.392,-5.076,-6.015,1549046034991
13,-0.106,0.261,0.135,-5.924,-4.396,-6.053,1549046035012
13,-0.099,0.266,0.07,-5.936,-3.284,-7.325,1549046035032
13,-0.033,0.368,0.09,-6.182,-4.683,-6.248,1549046035051
13,-0.015,0.418,0.067,-6.13,-4.452,-6.405,1549046035071
13,0.109,0.268,0.027,-5.641,-4.191,-6.509,1549046035092
13,0.148,0.329,-0.031,-6.372,-3.671,-7.694,1549046035112
13,0.174,0.369,0.016,-6.005,-3.69,-7.483,1549046035132
13,0.005,0.334,0.031,-6.21,-3.913,-7.045,1549046035152
14,0.012,0.314,0.01,-6.574,-3.625,-7.414,1549046035172
14,0.055,0.326,0.062,-6.629,-2.745,-7.073,1549046035192
14,0.023,0.28,0.153,-6.226,-3.819,-6.913,1549046035212
14,-0.137,0.275,0.169,-6.766,-3.334,-6.628,1549046035232
14,-0.098,0.249,0.15,-6.474,-3.208,-7.526,1549046035253
14,0.005,0.209,0.167,-5.99,-2.971,-7.464,1549046035273
14,-0.043,0.201,0.206,-5.966,-3.506,-7.311,1549046035293
14,-0.204,0.212,0.191,-6.283,-4.123,-7.032,1549046035313
14,-0.084,0.112,0.135,-5.822,-3.639,-7.545,1549046035332
14,0.034,0.061,0.1,-5.809,-3.215,-7.467,1549046035353
14,-0.109,0.114,0.098,-6.175,-3.475,-7.711,1549046035372
14,-0.141,0.086,0.074,-6.279,-3.514,-7.606,1549046035393
14,-0.111,0.103,0.057,-6.404,-3.023,-8.026,1549046035412
14,-0.145,0.152,0.079,-6.435,-3.351,-7.737,1549046035432
15,-0.191,0.137,0.085,-6.124,-3.551,-7.003,1549046035452
15,-0.19,0.069,0.077,-6.179,-3.314,-7.512,1549046035472
15,-0.218,0.098,0.064,-6.125,-3.43,-8.349,1549046035493
15,-0.111,0.083,0.055,-5.881,-3.183,-8.389,1549046035512
15,-0.128,0.04,0.047,-5.609,-3.577,-8.065,1549046035532
15,-0.247,0.079,0.016,-5.937,-3.948,-7.787,1549046035553
15,-0.171,0.097,-0.031,-5.901,-3.283,-8.409,1549046035573
15,-0.096,0.04,-0.04,-5.505,-3.496,-7.958,1549046035592
15,-0.112,0.118,-0.029,-5.641,-3.562,-8.181,1549046035612
15,-0.181,0.139,-0.044,-5.547,-3.218,-8.183,1549046035632
15,-0.179,0.15,-0.076,-5.448,-3.703,-8.186,1549046035652
16,-0.073,0.189,-0.118,-5.518,-3.391,-7.843,1549046035672
16,-0.04,0.232,-0.166,-5.597,-3.501,-8.105,1549046035692
16,-0.167,0.243,-0.204,-5.586,-3.364,-8.051,1549046035712
16,-0.179,0.222,-0.269,-5.769,-3.238,-8.322,1549046035733
16,-0.086,0.234,-0.306,-5.915,-3.242,-8.364,1549046035752
16,-0.034,0.231,-0.296,-5.774,-3.22,-8.123,1549046035772
16,-0.08,0.185,-0.275,-5.61,-3.616,-8.319,1549046035792
16,-0.109,0.199,-0.275,-5.662,-2.914,-8.276,1549046035812
16,-0.08,0.238,-0.251,-5.884,-2.92,-8.752,1549046035832
16,-0.076,0.256,-0.198,-5.863,-3.172,-8.65,1549046035853
16,-0.148,0.173,-0.163,-5.563,-3.762,-8.081,1549046035873
17,-0.216,0.141,-0.175,-5.44,-3.612,-8.213,1549046035892
17,-0.158,0.128,-0.211,-5.524,-3.656,-8.928,1549046035913
17,-0.038,0.103,-0.193,-5.432,-3.002,-8.903,1549046035933
17,-0.103,0.057,-0.146,-5.005,-4.047,-8.671,1549046035952
17,-0.108,0.058,-0.156,-5.156,-3.894,-8.414,1549046035973
17,-0.075,0.078,-0.193,-5.408,-3.719,-8.5,1549046035993
17,-0.076,0.034,-0.225,-5.342,-3.829,-8.793,1549046036013
17,-0.027,-0.014,-0.258,-5.203,-3.593,-8.652,1549046036032
17,-0.04,0.0,-0.287,-5.327,-3.91,-8.467,1549046036053
17,-0.029,-0.017,-0.328,-5.381,-3.852,-8.621,1549046036073
18,0.041,-0.074,-0.344,-5.131,-3.69,-8.659,1549046036093
18,0.01,-0.049,-0.326,-5.386,-3.803,-8.34,1549046036113
18,0.01,-0.002,-0.309,-5.722,-3.366,-8.298,1549046036133
18,0.022,-0.056,-0.271,-5.548,-3.377,-8.442,1549046036153
18,-0.044,-0.063,-0.213,-5.074,-3.674,-8.098,1549046036173
18,-0.051,-0.056,-0.19,-4.987,-3.894,-7.956,1549046036193
18,-0.003,-0.004,-0.176,-5.168,-3.808,-8.033,1549046036213
18,-0.049,-0.006,-0.145,-4.802,-4.197,-8.098,1549046036233
18,-0.004,-0.038,-0.149,-4.812,-4.004,-8.004,1549046036253
18,0.028,-0.022,-0.158,-4.883,-4.093,-8.45,1549046036273
18,0.037,-0.047,-0.162,-4.684,-3.633,-8.301,1549046036293
19,-0.02,-0.015,-0.14,-4.962,-3.989,-8.334,1549046036312
19,-0.034,0.058,-0.119,-5.225,-3.844,-7.98,1549046036333
19,-0.021,-0.009,-0.129,-5.177,-3.933,-8.151,1549046036353
19,-0.007,-0.027,-0.128,-5.18,-3.465,-8.826,1549046036373
19,-0.011,-0.034,-0.099,-5.09,-3.603,-8.564,1549046036393
19,-0.089,-0.002,-0.091,-5.267,-3.697,-8.108,1549046036413
19,-0.155,-0.015,-0.087,-5.535,-3.663,-8.735,1549046036433
19,-0.132,-0.097,-0.1,-5.084,-3.614,-8.151,1549046036453
19,-0.185,-0.12,-0.101,-5.03,-3.879,-8.438,1549046036473
19,-0.16,-0.065,-0.083,-5.225,-3.746,-8.525,1549046036493
19,-0.225,-0.077,-0.063,-4.931,-3.887,-8.409,1549046036512
20,-0.245,-0.111,-0.05,-4.997,-3.69,-8.32,1549046036534
20,-0.236,-0.054,-0.025,-5.21,-3.866,-8.188,1549046036554
20,-0.245,-0.096,-0.025,-5.114,-3.794,-8.481,1549046036574
20,-0.231,-0.11,-0.027,-5.08,-4.048,-8.092,1549046036594
20,-0.209,-0.091,-0.063,-5.241,-3.897,-8.281,1549046036614
20,-0.139,-0.139,-0.09,-4.943,-3.934,-7.846,1549046036633
20,-0.099,-0.144,-0.116,-4.99,-3.825,-7.685,1549046036653
20,-0.063,-0.089,-0.108,-5.137,-3.864,-8.048,1549046036673
20,-0.035,-0.098,-0.104,-4.929,-3.733,-7.839,1549046036693
20,-0.018,-0.049,-0.092,-5.186,-3.947,-7.875,1549046036713
20,0.031,-0.032,-0.08,-4.834,-4.041,-7.917,1549046036733
21,0.031,-0.012,-0.059,-5.136,-3.566,-8.493,1549046036753
21,0.051,0.045,-0.057,-5.248,-3.465,-8.123,1549046036773
21,0.007,-0.071,-0.093,-4.793,-4.446,-8.574,1549046036793
21,0.104,-0.064,-0.119,-4.802,-3.341,-8.37,1549046036813
21,0.051,-0.053,-0.12,-4.676,-4.344,-7.865,1549046036834
21,0.041,-0.006,-0.13,-4.983,-3.631,-8.198,1549046036854
21,0.09,-0.057,-0.132,-4.753,-3.749,-8.326,1549046036874
21,0.072,-0.023,-0.13,-5.072,-3.645,-8.938,1549046036893
21,0.132,-0.038,-0.126,-4.646,-4.12,-7.842,1549046036913
21,0.022,-0.064,-0.124,-4.88,-3.962,-8.215,1549046036934
21,-0.005,-0.022,-0.159,-4.939,-3.89,-8.176,1549046036953
21,0.03,-0.047,-0.172,-5.022,-3.58,-8.214,1549046036973
22,0.03,-0.033,-0.144,-5.022,-4.082,-7.964,1549046036994
22,0.007,-0.066,-0.139,-5.036,-3.833,-7.779,1549046037013
22,0.028,-0.055,-0.153,-5.377,-3.344,-8.313,1549046037034
22,0.053,-0.029,-0.143,-5.375,-3.565,-8.521,1549046037053
22,0.023,-0.071,-0.112,-4.955,-3.906,-7.431,1549046037074
22,-0.059,-0.051,-0.111,-5.134,-4.082,-8.051,1549046037093
22,0.029,-0.103,-0.122,-4.728,-3.769,-8.009,1549046037113
22,0.016,-0.081,-0.113,-4.783,-4.025,-8.52,1549046037134
22,-0.088,-0.059,-0.09,-4.602,-4.106,-8.267,1549046037153
22,-0.118,-0.053,-0.08,-4.567,-4.428,-8.19,1549046037173
22,-0.018,-0.056,-0.091,-4.802,-4.266,-8.012,1549046037194
23,0.038,-0.036,-0.097,-5.221,-4.141,-8.248,1549046037214
23,0.093,-0.075,-0.107,-4.956,-4.034,-7.258,1549046037233
23,0.071,-0.089,-0.144,-4.89,-4.527,-8.123,1549046037253
23,0.155,-0.054,-0.131,-5.191,-3.944,-8.447,1549046037273
23,0.23,-0.108,-0.142,-4.749,-4.401,-8.006,1549046037294
23,0.191,-0.072,-0.119,-5.338,-4.613,-8.127,1549046037314
23,0.158,-0.055,-0.123,-5.097,-4.639,-7.368,1549046037334
23,0.14,-0.107,-0.143,-5.448,-4.291,-8.224,1549046037354
23,0.243,-0.078,-0.129,-5.348,-4.106,-7.504,1549046037373
23,0.144,-0.056,-0.109,-4.966,-4.799,-7.605,1549046037394
23,0.13,-0.09,-0.098,-4.194,-4.339,-7.858,1549046037414
23,0.083,-0.025,-0.07,-5.069,-5.109,-7.479,1549046037434
23,0.156,0.02,-0.059,-5.172,-4.835,-7.099,1549046037453
23,0.305,-0.066,-0.082,-5.031,-4.628,-8.307,1549046037474
24,0.433,-0.018,-0.059,-5.206,-4.647,-7.787,1549046037494
24,0.436,-0.055,-0.018,-4.74,-5.218,-6.781,1549046037514
24,0.473,-0.13,-0.044,-4.602,-5.268,-7.28,1549046037534
24,0.575,-0.129,-0.023,-4.984,-5.099,-7.887,1549046037554
24,0.654,-0.07,0.013,-4.937,-4.215,-7.336,1549046037574
24,0.388,-0.135,0.042,-5.037,-6.338,-7.282,1549046037594
24,0.71,-0.154,-0.019,-5.309,-5.799,-7.408,1549046037614
24,1.0,-0.107,-0.028,-4.685,-4.978,-7.608,1549046037634
24,0.872,-0.077,-0.232,-4.37,-4.423,-7.82,1549046037654
24,0.707,0.119,-0.19,-6.122,-6.332,-8.55,1549046037674
24,1.082,-0.142,-0.301,-5.272,-5.477,-7.104,1549046037694
25,1.078,-0.062,-0.283,-5.363,-3.65,-6.84,1549046037714
25,0.401,-0.124,-0.211,-4.987,-5.221,-6.687,1549046037734
25,0.412,-0.065,-0.24,-4.993,-6.732,-6.772,1549046037754
25,0.882,-0.02,-0.343,-4.328,-5.937,-6.353,1549046037775
25,0.894,0.083,-0.332,-5.04,-5.451,-6.712,1549046037794
25,0.543,0.023,-0.309,-5.338,-6.179,-6.227,1549046037815
25,0.445,-0.009,-0.33,-5.348,-6.883,-6.625,1549046037834
25,0.719,0.05,-0.326,-4.892,-6.437,-6.618,1549046037855
25,0.749,0.081,-0.262,-4.71,-6.096,-6.981,1549046037874
25,0.509,-0.032,-0.233,-4.978,-6.714,-7.161,1549046037894
25,0.655,-0.065,-0.248,-4.758,-7.57,-6.037,1549046037914
25,0.98,-0.024,-0.227,-3.972,-6.611,-5.163,1549046037934
26,0.648,-0.013,-0.163,-4.114,-7.523,-6.133,1549046037954
26,0.688,-0.004,-0.247,-3.97,-8.244,-5.849,1549046037974
26,1.183,0.037,-0.428,-3.909,-7.524,-5.651,1549046037994
26,1.52,0.1,-0.584,-4.343,-5.884,-5.652,1549046038014
26,1.011,0.053,-0.438,-4.749,-8.676,-5.855,1549046038035
26,0.797,0.067,-0.389,-5.279,-8.408,-5.194,1549046038054
26,0.792,0.144,-0.315,-6.011,-7.873,-5.598,1549046038074
26,0.548,0.152,-0.142,-5.95,-5.934,-5.548,1549046038094
26,0.224,-0.003,-0.076,-4.766,-6.98,-5.576,1549046038114
26,0.093,-0.09,-0.089,-4.374,-8.484,-5.418,1549046038135
26,0.256,-0.029,-0.154,-4.151,-8.118,-4.811,1549046038154
26,0.183,0.0,-0.114,-3.93,-7.318,-5.026,1549046038174
26,0.098,0.046,-0.096,-4.148,-6.651,-5.163,1549046038194
26,-0.063,0.025,-0.07,-4.107,-7.532,-5.862,1549046038214
27,-0.149,0.004,-0.035,-4.113,-8.722,-5.505,1549046038234
27,-0.091,0.014,0.001,-4.032,-7.614,-4.828,1549046038254
27,-0.236,0.031,0.019,-4.194,-7.468,-4.734,1549046038274
27,-0.297,0.03,-0.004,-4.258,-7.335,-4.929,1549046038294
27,-0.459,0.046,-0.013,-4.523,-7.856,-4.955,1549046038314
27,-0.386,0.028,0.004,-4.333,-8.694,-5.354,1549046038335
27,0.013,0.075,-0.007,-4.534,-7.864,-5.29,1549046038355
27,0.077,0.072,-0.007,-4.267,-7.611,-5.593,1549046038375
27,-0.085,-0.004,-0.011,-3.87,-7.492,-5.016,1549046038394
27,-0.16,0.001,-0.047,-4.161,-8.136,-5.416,1549046038415
27,-0.089,0.036,-0.037,-4.368,-7.986,-5.108,1549046038435
27,-0.004,0.021,-0.041,-4.336,-7.648,-4.941,1549046038454
27,-0.109,0.03,-0.028,-4.408,-7.694,-5.341,1549046038475
28,-0.158,0.02,-0.019,-4.235,-8.106,-5.873,1549046038494
28,0.027,0.023,-0.021,-4.003,-8.094,-5.58,1549046038514
28,0.196,0.038,-0.015,-4.113,-7.198,-5.036,1549046038535
28,0.03,0.048,-0.011,-4.158,-7.695,-5.111,1549046038554
28,-0.109,0.012,-0.004,-3.917,-8.122,-5.169,1549046038574
28,-0.062,0.059,0.003,-4.182,-8.058,-5.382,1549046038594
28,0.011,0.063,0.01,-4.301,-7.726,-5.23,1549046038614
28,-0.038,0.02,0.013,-4.239,-7.853,-5.146,1549046038635
28,-0.095,0.01,0.018,-4.091,-7.976,-5.199,1549046038654
28,0.006,0.04,0.02,-4.128,-7.945,-5.447,1549046038675
28,0.077,0.04,0.01,-4.203,-7.748,-5.415,1549046038695
29,0.011,0.013,0.009,-4.013,-7.702,-5.308,1549046038714
29,-0.06,-0.004,0.003,-4.113,-7.761,-5.514,1549046038735
29,-0.038,-0.011,0.002,-3.91,-8.039,-5.352,1549046038755
29,-0.005,-0.011,0.007,-3.941,-7.973,-5.383,1549046038774
29,-0.024,0.023,0.008,-4.135,-7.855,-5.602,1549046038794
29,0.004,0.0,-0.002,-4.033,-7.595,-5.383,1549046038814
29,-0.073,-0.004,-0.017,-4.283,-7.945,-5.216,1549046038835
29,-0.086,-0.035,-0.019,-3.89,-8.316,-5.279,1549046038854
29,0.015,-0.019,-0.014,-4.203,-7.853,-5.697,1549046038874
29,0.072,0.008,-0.023,-4.278,-7.442,-5.374,1549046038895
29,-0.07,-0.04,-0.015,-3.732,-7.939,-5.429,1549046038915
29,-0.075,-0.009,-0.02,-3.975,-8.056,-5.697,1549046038935
30,0.0,0.014,-0.019,-4.042,-7.843,-5.578,1549046038955
30,0.018,-0.023,-0.015,-3.929,-7.736,-5.173,1549046038975
30,-0.042,-0.04,-0.02,-4.073,-8.236,-5.29,1549046038995
30,-0.065,-0.016,-0.019,-4.157,-8.062,-5.218,1549046039015
30,-0.066,-0.026,0.003,-4.153,-7.69,-5.608,1549046039035
30,-0.022,-0.017,-0.002,-4.147,-7.513,-5.435,1549046039056
30,-0.01,-0.016,-0.021,-4.171,-7.604,-5.416,1549046039076
30,-0.038,-0.02,-0.023,-3.892,-7.784,-5.302,1549046039095
30,-0.051,-0.022,-0.025,-3.833,-8.069,-5.374,1549046039115
30,-0.02,0.027,-0.027,-4.29,-8.155,-5.671,1549046039135
31,-0.028,0.032,-0.005,-4.207,-7.727,-5.895,1549046039156
31,-0.002,0.04,0.02,-4.257,-7.018,-5.671,1549046039176
31,-0.06,0.03,0.02,-4.228,-7.099,-5.608,1549046039196
31,-0.136,0.038,0.003,-4.397,-7.52,-5.564,1549046039216
31,-0.229,0.047,0.011,-4.205,-8.222,-5.654,1549046039235
31,-0.164,0.021,0.019,-3.889,-7.719,-5.656,1549046039256
31,-0.072,0.022,0.011,-3.877,-7.781,-5.479,1549046039276
31,-0.118,0.007,0.003,-4.064,-7.768,-5.152,1549046039295
31,-0.167,0.022,0.005,-4.264,-8.07,-5.71,1549046039315
31,-0.054,0.024,0.004,-3.967,-7.639,-5.621,1549046039335
32,-0.011,0.014,-0.008,-4.132,-7.52,-5.546,1549046039355
32,-0.034,0.041,-0.025,-4.461,-7.721,-5.665,1549046039376
32,-0.007,-0.003,-0.034,-4.439,-8.082,-5.948,1549046039396
32,0.003,-0.055,-0.022,-4.052,-7.95,-5.489,1549046039416
32,0.014,-0.087,-0.012,-3.629,-7.431,-5.421,1549046039435
32,0.045,-0.001,-0.008,-4.002,-7.399,-5.768,1549046039456
32,-0.003,-0.005,-0.006,-3.982,-7.385,-5.859,1549046039476
32,-0.026,0.006,-0.01,-4.089,-7.449,-5.459,1549046039495
32,-0.049,-0.014,-0.018,-3.825,-8.12,-5.633,1549046039516
32,0.011,0.067,-0.012,-4.73,-7.462,-5.492,1549046039535
33,0.027,0.037,-0.014,-5.078,-7.586,-6.01,1549046039556
33,0.018,0.018,-0.008,-4.687,-7.633,-5.727,1549046039575
33,-0.016,-0.147,-0.01,-3.327,-7.843,-5.627,1549046039595
33,0.018,-0.075,-0.001,-3.469,-7.438,-5.398,1549046039615
33,-0.009,-0.027,-0.013,-3.577,-7.957,-5.533,1549046039636
33,0.0,0.001,-0.013,-3.986,-8.077,-5.78,1549046039655
33,0.057,0.005,-0.013,-3.953,-7.542,-5.483,1549046039675
33,0.063,-0.031,-0.025,-3.741,-7.856,-5.202,1549046039696
33,0.067,-0.008,-0.039,-3.966,-8.063,-5.482,1549046039715
33,0.152,0.0,-0.039,-4.102,-7.999,-5.602,1549046039736
37,0.348,-0.018,0.229,-6.473,-5.794,-5.109,1549046041577
37,0.305,0.029,0.262,-6.964,-5.117,-5.38,1549046041596
37,0.166,-0.016,0.243,-6.676,-5.658,-5.464,1549046041617
37,0.157,-0.032,0.227,-6.564,-5.599,-5.51,1549046041637
37,0.31,0.023,0.239,-6.536,-5.604,-4.706,1549046041656
37,0.357,0.03,0.237,-6.589,-5.546,-5.27,1549046041677
37,0.467,0.058,0.262,-6.76,-4.828,-5.085,1549046041696
37,0.41,0.097,0.267,-6.826,-4.954,-5.822,1549046041717
37,0.274,0.071,0.296,-6.523,-5.949,-5.355,1549046041737
37,0.262,0.023,0.252,-6.899,-5.955,-4.825,1549046041757
37,0.454,0.039,0.245,-6.783,-5.477,-4.676,1549046041777
37,0.441,0.017,0.198,-6.661,-4.922,-5.617,1549046041797
37,0.448,0.122,0.237,-6.825,-5.042,-5.723,1549046041817
37,0.313,0.11,0.247,-6.548,-6.175,-4.866,1549046041838
38,0.384,0.133,0.246,-6.758,-5.736,-5.024,1549046041857
38,0.528,0.189,0.285,-7.061,-4.824,-4.654,1549046041877
38,0.497,0.164,0.28,-6.862,-5.196,-4.994,1549046041898
38,0.423,0.126,0.269,-6.864,-5.218,-5.58,1549046041918
38,0.326,0.198,0.28,-6.852,-5.105,-4.88,1549046041937
38,0.127,0.158,0.272,-6.783,-5.559,-5.141,1549046041957
38,0.061,0.131,0.266,-6.92,-5.828,-4.695,1549046041977
38,0.139,0.047,0.221,-6.976,-6.347,-4.717,1549046041998
38,0.372,0.075,0.225,-7.215,-5.187,-5.11,1549046042017
38,0.435,0.026,0.228,-6.649,-5.139,-4.89,1549046042038
38,0.349,0.03,0.21,-7.033,-5.04,-4.963,1549046042057
38,0.361,0.084,0.222,-6.939,-5.472,-4.498,1549046042077
38,0.148,0.013,0.172,-6.435,-5.772,-4.701,1549046042098
38,0.228,0.045,0.171,-6.798,-5.41,-5.234,1549046042118
39,0.375,0.086,0.189,-6.498,-5.786,-5.14,1549046042138
39,0.324,0.074,0.173,-6.498,-5.694,-4.59,1549046042158
39,0.357,0.124,0.165,-6.768,-5.634,-4.642,1549046042178
39,0.412,0.086,0.181,-6.432,-5.383,-5.565,1549046042197
39,0.273,0.145,0.204,-6.573,-4.967,-4.576,1549046042218
39,0.056,0.156,0.188,-6.906,-6.324,-4.523,1549046042238
39,0.276,-0.007,0.182,-6.688,-6.084,-4.889,1549046042258
39,0.4,0.024,0.18,-6.679,-5.135,-4.895,1549046042278
39,0.183,0.015,0.15,-6.463,-5.561,-4.676,1549046042297
39,0.216,0.044,0.131,-6.867,-5.81,-4.37,1549046042318
39,0.375,0.067,0.107,-6.973,-5.512,-4.777,1549046042337
39,0.32,0.101,0.12,-6.598,-5.085,-4.855,1549046042358
40,0.133,0.111,0.059,-6.393,-6.023,-4.731,1549046042378
40,0.268,0.101,0.028,-6.908,-5.759,-4.14,1549046042397
40,0.489,0.071,0.026,-6.907,-4.833,-5.202,1549046042417
40,0.245,0.138,0.006,-6.807,-5.454,-5.255,1549046042438
40,-0.081,0.169,-0.051,-6.898,-6.197,-4.176,1549046042458
40,0.092,0.083,-0.069,-6.887,-5.911,-4.727,1549046042477
40,0.312,0.056,-0.069,-6.502,-5.392,-5.298,1549046042497
40,0.264,0.162,-0.06,-6.758,-6.329,-4.351,1549046042518
40,0.065,0.15,-0.104,-6.673,-6.067,-4.757,1549046042537
40,0.2,0.136,-0.085,-6.779,-5.708,-4.513,1549046042557
40,0.091,0.086,-0.109,-6.741,-5.433,-4.84,1549046042578
41,0.043,0.131,-0.092,-6.97,-6.266,-4.42,1549046042597
41,0.1,0.233,-0.067,-6.958,-6.116,-4.107,1549046042617
41,0.124,0.22,-0.066,-6.782,-5.903,-4.396,1549046042638
41,0.091,0.171,-0.078,-6.785,-5.898,-4.658,1549046042657
41,0.13,0.148,-0.05,-6.635,-5.746,-4.777,1549046042677
41,0.073,0.154,-0.057,-6.629,-6.279,-4.309,1549046042697
41,0.015,0.134,-0.088,-6.624,-6.563,-4.197,1549046042718
41,0.106,0.099,-0.088,-6.592,-5.542,-4.685,1549046042738
41,0.139,0.099,-0.049,-6.658,-5.301,-4.471,1549046042758
41,0.022,0.108,-0.062,-6.381,-6.553,-4.888,1549046042778
41,0.108,0.145,-0.042,-6.333,-6.229,-4.394,1549046042797
42,-0.083,0.109,-0.071,-6.469,-5.893,-4.553,1549046042817
42,-0.042,0.054,-0.072,-6.537,-5.606,-4.847,1549046042838
42,0.044,0.068,-0.087,-6.51,-6.156,-4.801,1549046042857
42,0.018,0.078,-0.097,-6.473,-5.942,-4.632,1549046042878
42,-0.15,0.061,-0.113,-6.463,-5.971,-4.458,1549046042897
42,-0.129,0.077,-0.095,-6.124,-5.842,-5.317,1549046042917
42,0.02,0.199,-0.069,-6.264,-6.036,-4.846,1549046042938
42,0.03,0.254,-0.069,-6.557,-5.665,-4.908,1549046042958
42,-0.011,0.253,-0.037,-6.849,-5.777,-4.603,1549046042978
42,-0.035,0.201,-0.022,-6.323,-5.834,-5.23,1549046042998
43,-0.046,0.266,-0.006,-6.091,-6.012,-5.116,1549046043018
43,-0.095,0.397,0.037,-6.162,-5.403,-5.264,1549046043038
43,-0.2,0.506,0.107,-6.696,-5.178,-4.758,1549046043058
43,-0.188,0.52,0.139,-6.439,-6.275,-5.001,1549046043078
43,-0.131,0.556,0.15,-6.501,-5.652,-5.314,1549046043098
43,-0.221,0.604,0.146,-6.192,-5.615,-5.904,1549046043119
43,-0.302,0.627,0.14,-6.545,-6.254,-4.754,1549046043138
43,-0.213,0.517,0.137,-6.452,-6.09,-4.763,1549046043158
43,-0.001,0.397,0.08,-6.241,-5.839,-5.828,1549046043178
43,-0.099,0.399,0.041,-5.985,-5.975,-5.904,1549046043198
43,-0.164,0.384,0.011,-6.201,-6.046,-5.32,1549046043218
44,-0.15,0.285,-0.044,-6.003,-5.608,-6.532,1549046043239
44,-0.073,0.268,-0.06,-5.482,-6.309,-6.585,1549046043259
44,-0.162,0.314,-0.126,-5.566,-6.412,-4.876,1549046043278
44,-0.233,0.24,-0.206,-5.632,-6.212,-6.535,1549046043299
44,-0.148,0.21,-0.209,-5.64,-6.004,-6.473,1549046043319
44,-0.148,0.124,-0.197,-5.953,-6.065,-6.363,1549046043339
44,-0.099,0.074,-0.159,-5.778,-5.861,-6.155,1549046043359
44,-0.13,0.052,-0.158,-5.797,-6.154,-6.291,1549046043379
44,-0.175,0.048,-0.176,-5.868,-5.668,-6.41,1549046043399
44,-0.215,0.084,-0.149,-5.89,-6.096,-6.285,1549046043419
44,-0.203,0.073,-0.14,-5.637,-6.034,-6.869,1549046043439
44,-0.107,0.112,-0.103,-5.905,-6.211,-5.996,1549046043458
44,-0.111,0.074,-0.101,-5.866,-5.846,-6.468,1549046043479
44,-0.173,0.073,-0.119,-5.83,-5.934,-7.136,1549046043499
44,-0.197,0.129,-0.1,-5.798,-5.697,-6.373,1549046043519
44,-0.132,0.107,-0.114,-5.76,-5.987,-6.874,1549046043539
45,-0.174,0.067,-0.155,-5.778,-6.127,-6.75,1549046043558
45,-0.277,0.082,-0.168,-5.851,-6.379,-5.708,1549046043578
45,-0.206,0.013,-0.193,-5.463,-6.15,-7.5,1549046043599
45,0.006,0.082,-0.157,-5.788,-5.884,-6.984,1549046043619
45,-0.103,0.128,-0.166,-5.785,-6.837,-6.511,1549046043639
45,-0.012,0.015,-0.187,-5.668,-5.944,-6.96,1549046043659
45,0.04,-0.087,-0.238,-5.388,-6.618,-6.606,1549046043679
45,0.117,-0.126,-0.24,-5.346,-5.866,-7.012,1549046043699
45,0.083,-0.056,-0.203,-5.193,-5.863,-6.962,1549046043718
45,-0.057,0.046,-0.155,-5.487,-5.642,-6.747,1549046043739
45,-0.072,0.085,-0.119,-5.747,-6.354,-6.33,1549046043759
46,-0.021,0.061,-0.112,-6.0,-6.7,-6.335,1549046043778
46,0.006,0.064,-0.09,-5.642,-6.168,-7.153,1549046043799
46,0.051,0.089,-0.084,-5.372,-6.087,-7.087,1549046043819
46,0.043,0.083,-0.1,-5.568,-6.494,-6.83,1549046043839
46,0.043,0.04,-0.095,-5.481,-6.97,-5.95,1549046043858
46,0.122,-0.044,-0.132,-5.279,-6.974,-6.492,1549046043878
46,0.297,-0.017,-0.124,-5.218,-5.312,-6.77,1549046043898
46,0.203,0.048,-0.091,-4.967,-6.362,-6.825,1549046043918
46,0.077,0.08,-0.083,-5.055,-6.523,-6.619,1549046043939
46,0.081,0.085,-0.057,-5.29,-6.213,-6.323,1549046043958
46,0.078,0.07,-0.04,-5.283,-6.466,-6.337,1549046043979
46,0.077,0.099,-0.002,-5.193,-5.736,-6.579,1549046043998
47,0.055,0.113,0.011,-5.53,-6.586,-5.737,1549046044018
47,0.124,0.056,0.006,-5.625,-6.785,-5.967,1549046044039
47,0.224,0.017,0.005,-5.269,-5.999,-6.736,1549046044058
47,0.121,0.016,0.001,-5.333,-6.35,-6.316,1549046044079
47,0.107,-0.041,-0.039,-5.336,-6.475,-6.693,1549046044098
47,0.178,-0.064,-0.048,-5.313,-6.328,-6.073,1549046044118
47,0.162,-0.105,-0.074,-4.956,-6.473,-6.286,1549046044139
47,0.202,-0.116,-0.087,-4.868,-6.243,-6.355,1549046044158
47,0.239,-0.069,-0.068,-5.024,-6.036,-6.561,1549046044179
47,0.156,-0.01,-0.033,-5.121,-6.307,-5.89,1549046044198
47,0.063,-0.011,-0.037,-5.185,-6.473,-5.887,1549046044219
48,0.162,-0.022,-0.052,-5.094,-6.3,-6.404,1549046044239
48,0.387,-0.033,-0.046,-4.99,-6.31,-5.905,1549046044259
48,0.433,-0.014,-0.07,-5.059,-6.573,-5.977,1549046044279
48,0.44,-0.01,-0.085,-5.197,-6.518,-5.833,1549046044298
48,0.365,-0.02,-0.105,-5.379,-6.651,-5.981,1549046044319
48,0.447,-0.046,-0.115,-5.172,-6.976,-5.755,1549046044339
48,0.518,-0.062,-0.152,-4.998,-7.155,-5.601,1549046044359
48,0.561,-0.078,-0.199,-5.292,-6.682,-5.574,1549046044379
48,0.477,-0.067,-0.194,-5.303,-6.311,-6.043,1549046044399
48,0.408,-0.062,-0.163,-5.169,-6.785,-5.773,1549046044420
48,0.464,-0.051,-0.206,-5.212,-7.338,-5.551,1549046044439
49,0.491,-0.043,-0.228,-5.266,-8.037,-5.174,1549046044459
49,0.436,-0.122,-0.241,-5.296,-7.888,-4.522,1549046044480
49,0.375,-0.26,-0.354,-5.024,-7.67,-5.096,1549046044500
49,0.596,-0.292,-0.403,-5.027,-7.254,-6.447,1549046044519
49,0.636,-0.147,-0.256,-5.85,-7.511,-6.069,1549046044540
49,0.341,-0.274,-0.222,-5.221,-8.258,-4.225,1549046044559
49,0.431,-0.408,-0.25,-4.676,-7.299,-3.409,1549046044580
49,0.513,-0.409,-0.391,-4.395,-7.699,-4.028,1549046044600
49,0.696,-0.328,-0.522,-4.702,-7.801,-6.185,1549046044619
49,1.253,-0.177,-0.469,-5.087,-7.262,-5.564,1549046044640
49,0.996,-0.277,-0.397,-4.455,-8.42,-3.897,1549046044660
50,0.728,-0.296,-0.377,-4.43,-8.841,-3.583,1549046044679
50,0.493,-0.215,-0.365,-4.964,-8.709,-4.56,1549046044699
50,0.649,-0.123,-0.27,-5.341,-7.94,-4.15,1549046044719
50,0.551,-0.161,-0.208,-5.075,-7.793,-3.625,1549046044740
50,0.397,-0.203,-0.195,-4.692,-8.519,-3.012,1549046044760
50,0.442,-0.161,-0.286,-4.91,-8.319,-5.085,1549046044780
50,0.637,0.042,-0.219,-5.416,-8.424,-5.296,1549046044800
50,0.58,0.015,-0.101,-4.867,-8.513,-3.932,1549046044820
50,0.504,-0.069,-0.066,-4.176,-7.861,-2.827,1549046044839
50,0.409,-0.05,-0.124,-4.273,-8.218,-3.787,1549046044860
50,0.421,0.047,-0.105,-4.602,-8.704,-4.075,1549046044879
51,0.563,0.026,-0.065,-4.479,-9.019,-3.367,1549046044900
51,0.77,0.029,-0.04,-4.484,-8.645,-2.554,1549046044919
51,0.679,0.024,-0.064,-4.517,-8.688,-3.036,1549046044940
51,0.442,0.063,-0.057,-4.917,-9.16,-4.107,1549046044960
51,0.587,0.059,-0.019,-4.502,-7.79,-3.708,1549046044980
51,0.766,-0.045,-0.011,-4.428,-7.931,-1.935,1549046045000
51,0.273,-0.057,0.011,-4.382,-9.866,-2.124,1549046045020
51,0.231,-0.035,0.026,-3.996,-8.837,-2.857,1549046045040
51,0.325,0.034,0.039,-4.44,-8.45,-2.823,1549046045060
51,0.219,0.077,0.079,-4.666,-8.864,-1.97,1549046045079
51,-0.059,0.008,0.04,-4.385,-9.309,-2.167,1549046045099
52,-0.029,0.043,0.009,-4.823,-8.706,-2.77,1549046045119
52,0.115,0.028,0.023,-4.737,-8.693,-2.339,1549046045139
52,0.146,-0.042,0.009,-4.373,-9.14,-2.163,1549046045159
52,0.095,-0.021,-0.001,-4.599,-8.641,-3.011,1549046045180
52,0.03,-0.049,-0.005,-4.466,-8.563,-2.749,1549046045199
52,0.051,-0.065,-0.012,-4.192,-9.162,-1.888,1549046045219
52,0.131,-0.008,-0.015,-4.263,-8.906,-2.137,1549046045240
52,0.111,0.015,-0.035,-4.426,-8.826,-2.353,1549046045259
52,-0.064,0.02,-0.036,-4.622,-8.985,-2.279,1549046045279
52,-0.036,-0.01,-0.036,-4.384,-9.266,-2.349,1549046045300
52,0.063,0.003,-0.03,-4.602,-8.984,-2.705,1549046045319
52,0.051,0.009,-0.012,-4.78,-8.887,-2.676,1549046045340
53,-0.062,-0.015,0.009,-4.215,-9.371,-2.36,1549046045359
53,-0.001,-0.058,0.006,-4.561,-9.046,-2.483,1549046045380
53,0.075,0.007,0.012,-4.091,-8.633,-2.65,1549046045399
53,-0.02,0.005,0.021,-4.778,-8.784,-2.367,1549046045419
53,-0.049,-0.003,0.023,-4.063,-9.101,-2.438,1549046045440
53,-0.064,0.013,0.016,-4.708,-8.82,-2.219,1549046045460
53,-0.058,0.029,0.011,-4.527,-8.884,-2.222,1549046045480
53,-0.12,0.018,-0.001,-4.621,-8.853,-2.874,1549046045499
53,-0.007,0.008,-0.009,-4.489,-8.789,-2.351,1549046045520
53,0.021,-0.008,-0.019,-4.452,-9.152,-2.137,1549046045540
53,0.065,0.018,-0.021,-4.498,-9.033,-2.419,1549046045560
54,0.074,0.028,-0.02,-4.683,-8.576,-2.945,1549046045580
54,-0.035,-0.004,-0.002,-4.383,-9.075,-2.597,1549046045600
54,-0.09,-0.009,0.007,-4.527,-9.021,-2.374,1549046045620
54,-0.049,-0.002,0.008,-4.454,-8.975,-2.445,1549046045640
54,-0.026,0.012,-0.004,-4.546,-8.613,-1.995,1549046045660
54,-0.025,0.038,-0.019,-4.609,-8.774,-2.522,1549046045680
54,0.029,0.039,-0.046,-4.655,-8.776,-2.583,1549046045700
54,0.098,0.02,-0.034,-4.555,-8.856,-2.445,1549046045720
54,0.049,0.0,-0.033,-4.323,-8.802,-2.214,1549046045740
54,-0.085,0.007,-0.037,-4.333,-9.454,-2.35,1549046045761
55,-0.06,0.024,-0.042,-4.486,-9.139,-2.735,1549046045780
55,0.026,0.02,-0.029,-4.324,-8.701,-2.591,1549046045800
55,-0.035,0.023,-0.011,-4.343,-9.054,-2.447,1549046045820
55,-0.123,0.011,-0.001,-4.073,-9.201,-2.426,1549046045840
55,-0.065,0.008,-0.001,-4.251,-9.0,-2.594,1549046045860
55,0.02,0.036,-0.002,-4.507,-8.687,-2.726,1549046045880
55,0.031,0.028,0.008,-4.473,-8.827,-2.647,1549046045900
55,-0.072,0.007,0.01,-4.417,-9.065,-2.669,1549046045920
55,-0.071,-0.022,0.001,-4.318,-9.177,-2.295,1549046045941
55,0.019,-0.02,-0.028,-4.537,-8.914,-2.375,1549046045961
55,0.052,0.001,-0.016,-4.371,-8.883,-2.656,1549046045981
55,0.022,0.0,-0.011,-4.547,-8.839,-2.448,1549046046000
56,-0.015,-0.008,-0.011,-4.532,-9.088,-2.386,1549046046020
56,-0.017,-0.003,-0.009,-4.547,-8.947,-2.77,1549046046041
56,0.006,0.019,0.01,-4.478,-8.66,-2.801,1549046046061
56,-0.038,0.01,0.012,-4.52,-8.853,-2.542,1549046046080
56,-0.073,0.004,0.005,-4.439,-8.876,-2.431,1549046046100
56,-0.051,0.011,-0.007,-4.379,-8.726,-2.642,1549046046121
56,-0.094,0.027,-0.002,-4.332,-8.907,-2.73,1549046046141
56,-0.088,0.023,0.014,-4.348,-9.014,-2.712,1549046046160
56,-0.044,0.014,-0.006,-4.289,-9.009,-2.477,1549046046180
56,-0.087,0.005,-0.018,-4.396,-8.895,-2.189,1549046046200
56,-0.457,0.062,0.076,-4.592,-9.66,-2.657,1549046046221
56,-0.304,0.05,0.025,-4.639,-8.633,-2.837,1549046046241
56,0.121,0.017,-0.048,-4.364,-8.549,-2.717,1549046046261
56,0.076,0.004,-0.066,-4.349,-8.802,-2.914,1549046046281
57,-0.088,-0.019,-0.045,-4.31,-9.119,-2.746,1549046046300
57,-0.104,-0.026,-0.044,-4.318,-8.89,-2.635,1549046046320
57,-0.029,-0.03,-0.07,-4.44,-8.944,-2.718,1549046046341
57,0.014,-0.036,-0.075,-4.297,-9.022,-2.875,1549046046360
57,0.042,-0.049,-0.073,-4.359,-8.947,-2.762,1549046046380
57,0.033,-0.046,-0.081,-4.291,-8.985,-2.756,1549046046401
57,0.012,-0.074,-0.109,-4.328,-8.853,-2.869,1549046046421
57,-0.044,-0.08,-0.13,-4.263,-9.046,-2.768,1549046046441
57,-0.087,-0.093,-0.138,-4.274,-8.95,-2.545,1549046046460
57,-0.121,-0.086,-0.162,-4.482,-9.227,-2.579,1549046046481
57,-0.017,-0.1,-0.183,-4.495,-8.971,-2.564,1549046046501
57,0.039,-0.116,-0.202,-4.407,-9.056,-2.639,1549046046521
58,0.004,-0.13,-0.211,-4.133,-9.207,-2.625,1549046046541
58,0.025,-0.123,-0.211,-4.113,-8.983,-2.633,1549046046561
58,0.02,-0.119,-0.213,-4.155,-9.054,-2.663,1549046046580
58,0.008,-0.153,-0.231,-4.172,-8.862,-2.508,1549046046601
58,-0.049,-0.192,-0.236,-3.921,-9.097,-2.608,1549046046621
58,-0.001,-0.191,-0.195,-4.038,-9.541,-2.788,1549046046641
58,0.094,-0.194,-0.177,-4.003,-9.385,-2.485,1549046046661
58,0.335,-0.19,-0.205,-3.726,-8.962,-2.555,1549046046682
58,0.276,-0.15,-0.2,-3.663,-9.383,-2.777,1549046046702
58,0.256,-0.089,-0.209,-3.758,-9.173,-2.527,1549046046721
58,0.23,-0.03,-0.231,-3.703,-9.121,-2.362,1549046046741
59,0.2,0.058,-0.219,-3.744,-9.235,-2.477,1549046046761
59,0.186,0.102,-0.211,-3.79,-9.261,-2.902,1549046046781
59,0.148,0.131,-0.21,-3.639,-9.002,-2.821,1549046046802
59,0.041,0.133,-0.193,-3.66,-9.122,-2.464,1549046046822
59,-0.099,0.161,-0.189,-3.672,-9.164,-2.299,1549046046841
59,-0.175,0.172,-0.198,-3.691,-9.546,-2.674,1549046046862
59,-0.075,0.199,-0.23,-3.41,-9.316,-2.524,1549046046881
59,0.034,0.228,-0.272,-3.303,-9.129,-2.407,1549046046901
59,-0.039,0.25,-0.301,-2.924,-9.979,-2.514,1549046046921
59,0.095,0.318,-0.285,-2.639,-9.905,-2.624,1549046046941
60,0.27,0.409,-0.224,-3.104,-9.885,-2.435,1549046046961
60,0.309,0.445,-0.234,-3.453,-8.966,-2.945,1549046046982
60,0.274,0.385,-0.288,-3.344,-9.102,-3.026,1549046047002
60,0.278,0.33,-0.297,-2.977,-9.689,-2.472,1549046047021
60,0.422,0.33,-0.273,-2.886,-9.782,-2.264,1549046047042
60,0.427,0.365,-0.266,-2.978,-9.498,-2.306,1549046047062
60,0.085,0.399,-0.292,-3.129,-9.179,-2.218,1549046047081
60,-0.38,0.413,-0.288,-3.064,-9.76,-2.119,1549046047101
60,-0.441,0.385,-0.288,-3.087,-10.092,-2.417,1549046047122
60,-0.177,0.341,-0.32,-2.952,-10.151,-2.285,1549046047142
60,0.126,0.302,-0.361,-2.752,-9.858,-2.084,1549046047162
61,0.204,0.33,-0.367,-3.1,-9.361,-2.251,1549046047182
61,0.088,0.289,-0.355,-3.05,-9.669,-2.36,1549046047202
61,0.204,0.235,-0.32,-2.73,-9.892,-2.454,1549046047222
61,0.434,0.214,-0.3,-2.353,-9.954,-2.292,1549046047241
61,0.476,0.231,-0.288,-2.287,-9.808,-2.316,1549046047262
61,0.311,0.201,-0.245,-2.279,-9.36,-2.328,1549046047282
61,0.037,0.172,-0.226,-2.325,-9.51,-2.332,1549046047302
61,-0.036,0.15,-0.207,-2.412,-9.821,-2.088,1549046047322
61,0.108,0.113,-0.184,-2.433,-10.214,-2.122,1549046047342
61,0.352,0.095,-0.14,-2.301,-9.669,-2.132,1549046047362
61,0.353,0.078,-0.094,-2.183,-9.415,-2.435,1549046047382
61,0.165,0.074,-0.059,-2.125,-9.595,-2.385,1549046047401
61,0.067,0.053,-0.04,-1.944,-9.893,-2.209,1549046047421
61,0.109,0.097,0.009,-2.115,-9.476,-1.918,1549046047441
62,0.092,0.131,0.043,-2.151,-9.239,-1.674,1549046047461
62,-0.081,0.176,0.049,-2.313,-9.517,-2.128,1549046047482
62,-0.21,0.22,0.06,-2.424,-9.955,-2.222,1549046047502
62,-0.176,0.195,0.06,-2.338,-10.245,-2.2,1549046047522
62,-0.049,0.179,0.065,-2.251,-9.845,-2.267,1549046047542
62,-0.03,0.158,0.092,-2.15,-9.588,-2.216,1549046047562
62,-0.154,0.15,0.124,-2.107,-9.578,-2.331,1549046047582
62,-0.285,0.148,0.156,-2.104,-9.814,-2.424,1549046047602
62,-0.332,0.099,0.118,-1.896,-10.143,-2.438,1549046047622
62,-0.174,0.108,0.068,-1.954,-10.026,-2.349,1549046047642
63,-0.005,0.112,0.069,-1.926,-9.77,-2.151,1549046047662
63,-0.026,0.117,0.082,-1.91,-9.791,-2.207,1549046047682
63,-0.107,0.122,0.061,-2.088,-9.758,-2.244,1549046047702
63,-0.137,0.122,0.04,-2.223,-10.04,-2.182,1549046047722
63,-0.097,0.097,0.002,-2.17,-10.143,-2.242,1549046047742
63,0.026,0.095,-0.001,-2.323,-9.893,-2.201,1549046047762
63,0.052,0.094,-0.001,-2.352,-9.839,-2.337,1549046047782
63,0.018,0.07,0.009,-2.345,-9.839,-2.48,1549046047801
63,-0.025,0.046,0.004,-2.294,-9.941,-2.425,1549046047822
63,0.013,0.021,-0.006,-2.193,-9.741,-2.488,1549046047842
63,0.06,0.013,-0.025,-2.195,-9.576,-2.476,1549046047862
64,0.053,0.011,-0.031,-2.175,-9.766,-2.405,1549046047882
64,0.06,0.007,-0.038,-2.117,-9.747,-2.298,1549046047902
64,0.104,0.013,-0.033,-2.069,-9.708,-2.3,1549046047922
64,0.075,0.033,-0.019,-2.064,-9.654,-2.542,1549046047942
64,0.047,0.03,-0.013,-2.069,-9.669,-2.499,1549046047962
64,0.001,0.026,-0.001,-2.139,-9.74,-2.408,1549046047982
64,-0.029,0.029,0.013,-2.237,-9.921,-2.476,1549046048003
64,-0.015,0.041,0.017,-2.263,-9.74,-2.479,1549046048022
64,-0.004,0.033,0.009,-2.336,-9.774,-2.376,1549046048042
64,-0.024,0.022,0.011,-2.396,-9.727,-2.504,1549046048062
64,-0.023,0.004,0.006,-2.307,-9.609,-2.304,1549046048082
65,-0.032,-0.014,0.014,-2.282,-9.884,-2.388,1549046048102
65,-0.018,-0.012,0.004,-2.302,-9.817,-2.383,1549046048122
65,0.015,0.003,0.01,-2.328,-9.716,-2.522,1549046048142
65,0.004,0.003,0.006,-2.231,-9.726,-2.542,1549046048163
65,-0.013,-0.018,0.013,-2.033,-9.843,-2.438,1549046048183
65,-0.031,-0.009,0.018,-2.114,-9.707,-2.544,1549046048203
65,-0.041,-0.001,0.024,-2.209,-9.683,-2.536,1549046048223
65,-0.038,-0.022,0.017,-2.127,-9.904,-2.316,1549046048243
65,-0.025,-0.031,0.012,-2.03,-10.093,-2.283,1549046048262
65,0.012,-0.007,0.025,-2.175,-9.752,-2.479,1549046048283
65,0.001,-0.001,0.027,-2.168,-9.642,-2.656,1549046048303
66,-0.02,-0.018,0.011,-2.165,-9.87,-2.592,1549046048322
66,-0.035,-0.024,0.001,-2.15,-9.986,-2.411,1549046048343
66,-0.038,-0.004,0.002,-2.204,-9.846,-2.429,1549046048363
66,-0.021,-0.016,0.002,-2.267,-9.57,-2.46,1549046048383
66,-0.014,-0.022,-0.003,-2.296,-9.796,-2.381,1549046048402
66,0.003,-0.018,-0.009,-2.35,-9.823,-2.429,1549046048423
66,0.005,-0.018,-0.009,-2.281,-9.814,-2.522,1549046048443
66,0.026,-0.015,-0.01,-2.239,-9.64,-2.488,1549046048463
66,0.006,-0.021,-0.001,-2.267,-9.745,-2.589,1549046048482
66,0.001,-0.019,-0.001,-2.305,-9.747,-2.542,1549046048503
67,0.0,-0.022,0.001,-2.23,-9.797,-2.474,1549046048522
67,0.003,-0.025,0.005,-2.138,-9.674,-2.431,1549046048543
67,-0.009,-0.008,0.003,-2.168,-9.874,-2.547,1549046048563
67,-0.012,-0.007,0.005,-2.2,-9.866,-2.473,1549046048583
67,-0.02,-0.003,0.007,-2.284,-9.861,-2.381,1549046048603
67,-0.013,-0.022,0.008,-2.205,-9.728,-2.351,1549046048623
67,-0.008,-0.032,-0.003,-2.223,-9.823,-2.408,1549046048643
67,0.024,-0.03,-0.006,-2.187,-9.805,-2.423,1549046048663
67,0.042,-0.037,0.0,-2.093,-9.57,-2.456,1549046048683
67,0.019,-0.034,0.004,-2.214,-9.768,-2.469,1549046048703
67,0.013,-0.023,0.013,-2.254,-9.776,-2.631,1549046048723
68,0.009,-0.02,0.018,-2.209,-9.716,-2.619,1549046048742
68,-0.014,-0.019,0.022,-2.254,-9.785,-2.516,1549046048763
68,-0.039,-0.01,0.031,-2.336,-9.739,-2.467,1549046048782
68,-0.054,-0.004,0.038,-2.318,-9.734,-2.488,1549046048802
68,-0.038,-0.001,0.045,-2.28,-9.746,-2.479,1549046048822
68,-0.06,0.003,0.043,-2.282,-9.827,-2.523,1549046048843
68,-0.054,0.008,0.037,-2.298,-9.834,-2.497,1549046048863
68,-0.054,0.015,0.027,-2.337,-9.734,-2.473,1549046048883
68,-0.041,0.002,0.02,-2.351,-9.689,-2.441,1549046048903
