pack,vx,vy,vz,ax,ay,az,time
1,-0.238,0.114,0.148,-4.654,-7.448,-7.218,1548692030874
1,-0.33,0.123,0.203,-4.467,-6.919,-7.426,1548692030895
1,-0.434,0.053,0.236,-4.314,-6.644,-7.683,1548692030914
1,-0.447,0.011,0.276,-4.26,-5.846,-7.731,1548692030934
1,-0.506,-0.012,0.306,-4.239,-5.5,-7.455,1548692030955
1,-0.456,-0.135,0.267,-4.633,-6.259,-7.498,1548692030975
1,-0.517,-0.116,0.233,-4.296,-5.424,-6.986,1548692030994
1,-0.584,-0.194,0.227,-3.815,-6.055,-7.066,1548692031015
1,-0.809,-0.152,0.243,-3.706,-5.435,-7.581,1548692031035
1,-0.722,-0.137,0.268,-2.626,-5.396,-7.041,1548692031055
1,-0.714,-0.082,0.295,-4.148,-6.01,-8.042,1548692031075
1,-0.815,0.106,0.342,-6.092,-5.74,-7.664,1548692031094
1,-0.822,0.085,0.221,-3.401,-5.862,-6.741,1548692031114
1,-0.653,-0.222,0.055,-1.856,-7.496,-6.807,1548692031134
2,-0.505,-0.115,0.031,-2.478,-6.748,-7.449,1548692031154
2,-0.414,0.076,0.107,-3.116,-7.22,-6.874,1548692031174
2,-0.402,0.098,0.066,-3.664,-7.182,-7.109,1548692031195
2,-0.255,-0.082,-0.125,-2.574,-5.503,-7.73,1548692031214
2,-0.03,-0.141,-0.149,-3.133,-5.754,-8.626,1548692031234
2,-0.214,0.059,-0.027,-2.675,-4.993,-7.527,1548692031254
2,-0.138,-0.083,-0.049,-3.886,-5.723,-7.976,1548692031274
2,-0.189,0.046,0.0,-3.523,-5.01,-8.15,1548692031295
2,-0.288,0.092,-0.024,-4.461,-5.217,-8.694,1548692031314
2,-0.226,0.186,-0.054,-4.007,-5.877,-8.12,1548692031335
2,-0.193,0.051,-0.099,-3.946,-5.541,-6.557,1548692031354
2,0.033,-0.168,-0.197,-4.527,-5.654,-7.959,1548692031375
2,-0.069,-0.056,-0.209,-4.68,-4.36,-8.257,1548692031394
2,-0.199,0.131,-0.134,-4.37,-4.955,-8.403,1548692031414
3,-0.211,0.154,-0.143,-3.945,-4.364,-7.355,1548692031434
3,0.03,0.094,-0.19,-4.705,-5.316,-8.27,1548692031454
3,-0.058,0.207,-0.186,-4.854,-3.954,-7.865,1548692031474
3,-0.065,0.105,-0.246,-4.183,-5.527,-7.746,1548692031494
3,0.014,0.003,-0.273,-3.848,-5.134,-7.676,1548692031515
3,0.14,0.032,-0.243,-3.59,-5.14,-8.261,1548692031534
3,-0.104,0.12,-0.097,-3.686,-5.451,-7.937,1548692031554
3,-0.235,0.127,-0.011,-3.822,-5.742,-7.482,1548692031574
3,-0.169,0.108,-0.036,-3.982,-4.809,-7.798,1548692031594
3,0.051,0.121,-0.066,-3.656,-3.878,-8.6,1548692031614
3,0.028,0.188,-0.062,-3.663,-4.974,-8.978,1548692031634
3,-0.257,0.17,-0.073,-3.491,-5.522,-8.128,1548692031654
3,-0.173,-0.012,-0.12,-3.282,-5.128,-7.783,1548692031675
4,-0.114,-0.082,-0.125,-3.416,-4.453,-8.301,1548692031693
4,-0.189,0.037,-0.042,-3.807,-4.304,-8.595,1548692031713
4,-0.375,0.161,0.002,-3.775,-5.24,-8.488,1548692031734
4,-0.233,0.035,-0.06,-3.294,-5.167,-7.968,1548692031754
4,-0.048,-0.06,-0.138,-3.458,-4.891,-8.159,1548692031774
4,-0.077,-0.004,-0.138,-3.433,-4.792,-8.833,1548692031794
4,-0.33,0.088,-0.099,-3.613,-5.5,-8.713,1548692031814
4,-0.32,0.074,-0.112,-3.572,-5.296,-8.368,1548692031834
4,-0.152,-0.002,-0.153,-3.288,-5.164,-8.175,1548692031854
4,-0.15,-0.028,-0.151,-3.639,-5.706,-9.094,1548692031873
4,-0.108,-0.02,-0.126,-3.885,-6.122,-8.161,1548692031894
4,0.028,-0.038,-0.172,-3.994,-6.562,-7.51,1548692031914
4,0.176,-0.093,-0.213,-3.003,-6.757,-7.303,1548692031934
4,0.107,-0.112,-0.138,-3.099,-6.486,-8.019,1548692031954
5,0.156,-0.1,-0.037,-3.182,-6.003,-8.13,1548692031973
5,0.154,-0.07,0.032,-3.347,-6.267,-8.032,1548692031994
5,0.23,-0.038,0.07,-3.081,-6.388,-7.992,1548692032013
5,0.347,-0.008,0.079,-3.058,-6.16,-7.921,1548692032033
5,0.422,0.041,0.071,-2.896,-5.997,-7.904,1548692032053
5,0.408,0.112,0.09,-3.145,-5.366,-8.422,1548692032074
5,0.327,0.162,0.091,-3.672,-5.558,-8.74,1548692032094
5,0.338,0.124,0.067,-3.964,-4.747,-8.092,1548692032114
5,0.416,0.101,-0.015,-3.833,-4.805,-8.661,1548692032134
5,0.311,0.115,0.012,-4.204,-5.377,-8.432,1548692032153
5,0.289,0.122,-0.078,-3.588,-4.73,-8.353,1548692032173
5,0.273,-0.08,-0.15,-3.808,-4.53,-8.372,1548692032194
5,0.151,-0.048,-0.131,-4.282,-4.589,-8.75,1548692032214
5,0.061,-0.037,-0.1,-3.54,-4.828,-8.371,1548692032234
6,-0.024,-0.011,-0.073,-3.664,-4.892,-8.15,1548692032254
6,-0.054,0.022,-0.046,-3.387,-5.192,-8.05,1548692032273
6,-0.102,0.018,-0.053,-3.47,-5.27,-7.943,1548692032293
6,-0.071,0.028,-0.071,-3.321,-5.57,-7.74,1548692032313
6,-0.01,-0.006,-0.125,-3.075,-6.436,-7.739,1548692032333
6,-0.014,-0.019,-0.156,-3.571,-4.547,-7.632,1548692032353
6,0.072,-0.016,-0.167,-2.802,-5.936,-7.514,1548692032373
6,0.037,-0.027,-0.225,-3.306,-5.353,-8.175,1548692032393
6,0.05,-0.058,-0.224,-3.521,-5.158,-8.298,1548692032413
6,0.146,-0.027,-0.276,-4.268,-5.602,-7.617,1548692032434
6,0.197,-0.063,-0.202,-3.897,-5.443,-7.328,1548692032454
6,0.138,-0.145,-0.165,-3.587,-5.783,-7.426,1548692032474
6,-0.2,-0.085,-0.155,-3.479,-6.391,-7.758,1548692032494
6,-0.19,-0.036,-0.151,-3.206,-5.848,-8.086,1548692032514
7,-0.037,-0.055,-0.13,-3.17,-5.706,-8.107,1548692032533
7,-0.019,-0.033,-0.083,-3.146,-6.822,-7.462,1548692032554
7,-0.043,0.039,-0.019,-3.967,-5.64,-7.689,1548692032573
7,-0.09,0.098,-0.014,-3.435,-6.768,-7.857,1548692032593
7,-0.08,0.064,-0.009,-2.999,-5.677,-8.299,1548692032613
7,0.006,0.005,-0.036,-2.762,-5.971,-8.148,1548692032634
7,-0.078,0.001,-0.026,-2.699,-6.598,-7.994,1548692032653
7,-0.052,-0.045,-0.016,-2.751,-6.549,-8.146,1548692032674
7,-0.026,-0.069,-0.017,-2.846,-6.125,-7.89,1548692032693
7,-0.004,-0.041,-0.013,-3.244,-6.46,-7.731,1548692032713
8,-0.006,0.012,-0.027,-3.329,-6.121,-7.702,1548692032734
8,0.129,-0.002,-0.06,-3.201,-6.111,-7.913,1548692032753
8,0.184,-0.01,-0.087,-3.133,-6.429,-7.685,1548692032774
8,0.219,-0.002,-0.118,-3.191,-5.99,-7.865,1548692032794
8,0.249,-0.018,-0.141,-3.171,-5.921,-8.218,1548692032814
8,0.246,-0.028,-0.154,-3.094,-6.36,-8.001,1548692032833
8,0.277,-0.027,-0.167,-3.191,-6.543,-7.861,1548692032854
8,0.442,-0.065,-0.22,-2.264,-6.443,-7.824,1548692032873
8,0.575,-0.114,-0.307,-3.613,-5.872,-7.902,1548692032893
8,0.573,-0.089,-0.384,-2.752,-7.186,-7.423,1548692032913
8,0.521,-0.192,-0.323,-3.274,-5.925,-7.656,1548692032933
8,0.71,-0.194,-0.374,-3.02,-6.39,-7.295,1548692032953
8,0.439,-0.219,-0.295,-3.358,-6.628,-7.955,1548692032973
9,0.364,-0.155,-0.236,-4.459,-5.412,-8.45,1548692032993
9,0.326,-0.177,-0.261,-2.808,-8.133,-5.612,1548692033013
9,-0.032,-0.208,-0.084,-2.058,-6.833,-5.532,1548692033033
9,0.01,-0.006,0.137,-3.096,-6.457,-7.329,1548692033053
9,0.009,0.087,0.125,-3.596,-6.473,-7.31,1548692033073
9,-0.044,0.066,0.073,-2.632,-6.693,-6.49,1548692033093
9,-0.121,0.116,0.076,-3.013,-6.501,-7.464,1548692033113
9,-0.096,0.137,0.034,-3.678,-6.718,-8.248,1548692033133
9,-0.025,0.059,-0.032,-3.348,-7.16,-7.617,1548692033154
9,0.113,0.014,-0.08,-2.782,-7.243,-7.233,1548692033172
9,0.223,-0.003,-0.061,-2.827,-7.169,-7.251,1548692033192
9,0.349,0.049,0.012,-2.569,-7.61,-7.739,1548692033213
10,0.552,0.011,0.023,-2.841,-7.396,-7.022,1548692033232
10,0.908,-0.098,0.059,-2.965,-6.543,-7.026,1548692033252
10,0.639,-0.1,0.057,-3.268,-6.701,-6.806,1548692033272
10,0.804,-0.129,-0.068,-3.068,-7.135,-6.867,1548692033293
10,0.856,-0.134,-0.099,-3.315,-6.566,-6.285,1548692033313
10,0.894,-0.035,-0.162,-3.263,-6.71,-5.827,1548692033333
10,0.249,-0.032,-0.031,-3.332,-8.255,-6.615,1548692033353
10,-0.01,-0.033,0.028,-3.159,-7.793,-6.516,1548692033373
10,0.168,-0.059,-0.012,-3.133,-7.52,-6.318,1548692033393
10,0.197,-0.072,-0.036,-3.028,-7.316,-6.196,1548692033413
10,0.158,-0.098,-0.051,-3.064,-7.348,-6.374,1548692033433
10,0.04,-0.082,-0.032,-3.498,-7.264,-6.547,1548692033452
10,0.026,-0.073,-0.044,-3.087,-7.316,-6.019,1548692033472
10,-0.075,-0.094,-0.032,-3.237,-7.767,-6.231,1548692033492
11,-0.088,-0.074,-0.038,-3.107,-7.775,-6.311,1548692033513
11,-0.019,-0.063,-0.037,-3.11,-7.73,-6.587,1548692033532
11,0.024,-0.001,-0.039,-3.395,-7.463,-6.428,1548692033552
11,0.066,0.044,-0.047,-3.051,-7.313,-6.421,1548692033572
11,0.065,0.022,-0.052,-3.088,-7.201,-6.599,1548692033593
11,0.004,0.043,-0.055,-2.96,-7.536,-6.487,1548692033613
11,-0.048,0.038,-0.07,-2.991,-7.582,-6.74,1548692033633
11,-0.027,0.042,-0.075,-2.951,-7.198,-6.832,1548692033653
11,-0.014,0.018,-0.087,-3.164,-7.49,-6.638,1548692033673
11,-0.047,0.005,-0.118,-3.275,-7.775,-6.321,1548692033693
11,-0.018,-0.02,-0.128,-3.421,-7.504,-6.361,1548692033713
11,0.024,-0.066,-0.149,-3.344,-7.971,-6.831,1548692033733
12,0.002,-0.123,-0.173,-3.045,-8.025,-6.449,1548692033752
12,0.12,-0.143,-0.167,-2.816,-7.62,-5.956,1548692033772
12,0.157,-0.124,-0.163,-2.743,-7.586,-6.031,1548692033792
12,0.134,-0.085,-0.148,-2.459,-7.732,-6.572,1548692033812
12,0.072,-0.011,-0.109,-2.799,-7.124,-6.98,1548692033832
12,0.088,0.031,-0.066,-2.075,-6.978,-5.96,1548692033852
12,-0.025,0.057,0.0,-3.25,-7.151,-6.432,1548692033873
12,-0.134,0.096,-0.014,-2.471,-7.585,-6.834,1548692033893
12,-0.229,0.01,-0.021,-2.896,-7.705,-6.559,1548692033913
12,-0.183,0.028,-0.031,-2.878,-7.535,-6.323,1548692033933
12,-0.159,0.013,-0.04,-2.978,-7.99,-6.518,1548692033953
12,-0.135,0.005,-0.055,-3.082,-7.684,-6.43,1548692033973
12,-0.067,-0.007,-0.061,-3.107,-7.249,-6.386,1548692033993
13,-0.067,0.008,-0.093,-2.919,-7.811,-6.415,1548692034012
13,-0.065,0.015,-0.125,-3.064,-7.73,-6.941,1548692034033
13,0.031,0.026,-0.149,-2.696,-7.817,-6.485,1548692034052
13,0.07,0.036,-0.14,-3.039,-7.387,-6.108,1548692034072
13,0.017,0.029,-0.113,-2.852,-7.442,-6.685,1548692034092
13,-0.074,0.008,-0.115,-2.799,-7.962,-6.798,1548692034112
13,0.004,0.016,-0.126,-2.476,-7.94,-6.405,1548692034132
13,0.077,0.019,-0.08,-1.948,-7.733,-5.827,1548692034153
13,-0.035,0.03,-0.01,-2.345,-7.311,-6.435,1548692034172
13,-0.083,0.036,0.029,-2.427,-7.302,-6.505,1548692034192
13,-0.154,-0.003,0.032,-3.085,-7.485,-6.626,1548692034213
13,-0.181,0.001,0.029,-2.976,-7.654,-6.406,1548692034233
13,-0.151,-0.054,0.002,-2.793,-7.701,-6.536,1548692034252
13,-0.13,-0.079,-0.012,-2.655,-7.664,-6.606,1548692034272
14,-0.085,-0.087,-0.017,-2.891,-7.231,-7.032,1548692034293
14,-0.043,-0.081,-0.025,-2.651,-7.3,-7.042,1548692034313
14,-0.049,-0.095,-0.032,-2.405,-7.49,-6.718,1548692034332
14,-0.091,-0.083,-0.009,-2.474,-7.551,-6.323,1548692034352
14,-0.143,-0.07,0.012,-2.615,-7.734,-6.467,1548692034372
14,-0.151,-0.048,0.041,-2.837,-7.655,-6.437,1548692034392
14,-0.122,-0.005,0.045,-2.966,-7.898,-6.768,1548692034412
14,-0.099,0.002,0.032,-2.806,-8.146,-6.757,1548692034432
14,-0.038,0.014,0.02,-2.752,-7.777,-6.684,1548692034452
14,0.052,0.032,0.007,-3.05,-7.238,-6.585,1548692034472
14,0.08,0.039,-0.017,-2.94,-7.47,-6.842,1548692034492
14,0.051,0.006,-0.048,-2.845,-7.525,-6.76,1548692034513
14,0.06,0.035,-0.044,-2.865,-7.179,-6.738,1548692034532
14,0.082,0.043,-0.042,-2.815,-7.058,-6.778,1548692034552
15,0.061,-0.004,-0.055,-2.649,-7.319,-6.655,1548692034572
15,-0.031,0.008,-0.04,-2.772,-7.55,-6.861,1548692034592
15,-0.074,0.035,-0.026,-2.859,-7.286,-6.676,1548692034612
15,0.001,0.004,-0.022,-2.665,-7.338,-6.255,1548692034633
15,0.013,-0.056,-0.011,-2.813,-7.579,-6.256,1548692034652
15,0.006,-0.075,0.008,-2.677,-7.395,-6.204,1548692034672
15,-0.001,-0.069,0.046,-2.706,-7.282,-6.398,1548692034692
15,-0.066,-0.042,0.071,-2.595,-7.276,-6.634,1548692034712
15,-0.149,-0.029,0.086,-2.758,-7.586,-6.767,1548692034731
15,-0.199,-0.021,0.084,-2.827,-7.626,-6.553,1548692034751
15,-0.189,-0.041,0.071,-2.824,-7.633,-6.647,1548692034771
15,-0.205,-0.039,0.079,-2.991,-7.37,-6.746,1548692034792
15,-0.208,-0.037,0.093,-3.14,-7.254,-6.879,1548692034811
16,-0.232,-0.039,0.073,-2.93,-7.842,-6.992,1548692034832
16,-0.197,-0.042,0.06,-2.874,-7.585,-6.954,1548692034852
16,-0.075,0.01,0.083,-3.016,-7.185,-6.975,1548692034871
16,-0.056,0.018,0.081,-2.951,-7.037,-6.572,1548692034892
16,-0.06,0.009,0.07,-3.152,-7.15,-6.829,1548692034912
16,-0.135,0.025,0.065,-2.864,-7.319,-7.037,1548692034932
16,-0.125,0.035,0.075,-3.097,-7.5,-7.198,1548692034951
16,-0.045,0.028,0.058,-2.863,-7.252,-6.795,1548692034972
16,0.014,0.019,0.054,-2.949,-7.039,-6.854,1548692034992
16,0.031,0.033,0.049,-2.987,-7.057,-6.97,1548692035012
16,0.029,0.011,0.026,-2.963,-7.336,-6.723,1548692035031
16,0.003,0.019,0.017,-2.944,-7.357,-6.893,1548692035051
16,0.011,0.02,0.026,-3.133,-6.954,-7.423,1548692035072
16,0.028,0.003,0.024,-3.003,-6.842,-7.128,1548692035092
17,0.047,-0.012,0.003,-2.775,-7.133,-6.687,1548692035112
17,-0.006,-0.002,0.016,-2.862,-7.042,-6.85,1548692035132
17,-0.009,0.014,0.033,-2.989,-7.001,-7.054,1548692035151
17,0.0,0.013,0.026,-3.033,-7.294,-7.016,1548692035172
17,-0.004,0.003,0.023,-2.977,-7.135,-7.004,1548692035192
17,0.014,0.003,0.029,-3.044,-7.152,-7.073,1548692035212
17,0.059,-0.006,0.013,-3.045,-7.072,-6.88,1548692035232
17,0.085,-0.02,-0.004,-2.93,-7.161,-6.954,1548692035251
17,0.066,-0.029,-0.015,-2.969,-7.037,-6.905,1548692035271
17,0.06,-0.021,-0.009,-2.99,-7.288,-6.848,1548692035291
17,0.02,0.004,-0.001,-2.876,-7.433,-6.647,1548692035311
17,0.044,0.0,0.002,-2.989,-7.261,-6.715,1548692035332
17,0.05,0.001,0.001,-3.014,-7.122,-6.767,1548692035351
17,0.004,0.003,0.006,-3.065,-7.6,-6.904,1548692035371
18,-0.018,-0.008,-0.006,-3.047,-7.471,-7.099,1548692035392
18,0.044,-0.029,0.0,-2.894,-6.916,-6.867,1548692035409
18,0.119,-0.024,0.024,-3.021,-6.92,-6.411,1548692035432
18,0.051,-0.006,0.021,-2.91,-7.463,-6.592,1548692035452
18,-0.027,-0.024,0.01,-3.102,-7.798,-6.804,1548692035471
18,-0.027,-0.007,0.027,-3.291,-7.101,-6.892,1548692035491
18,0.033,0.01,0.066,-3.121,-6.634,-6.682,1548692035512
18,-0.003,0.028,0.075,-2.836,-6.955,-6.648,1548692035531
18,-0.144,0.031,0.069,-2.831,-7.274,-6.894,1548692035552
18,-0.171,0.036,0.065,-2.822,-7.037,-6.906,1548692035572
18,-0.19,0.02,0.057,-2.991,-7.455,-6.555,1548692035591
19,-0.259,0.009,0.101,-2.874,-7.671,-7.082,1548692035611
19,-0.333,-0.04,0.174,-2.689,-6.963,-6.993,1548692035632
19,-0.213,0.097,0.142,-3.807,-6.688,-6.87,1548692035651
19,-0.197,0.062,0.043,-3.065,-7.351,-7.101,1548692035671
19,-0.129,0.002,0.024,-2.944,-7.066,-7.029,1548692035692
19,-0.042,0.027,0.024,-3.019,-6.851,-7.145,1548692035711
19,-0.053,0.022,0.038,-3.108,-6.755,-6.835,1548692035732
19,-0.104,0.014,0.024,-3.199,-7.331,-6.973,1548692035751
19,-0.15,0.032,0.007,-3.088,-7.281,-7.198,1548692035771
19,-0.036,0.009,0.013,-3.137,-6.711,-7.199,1548692035791
19,0.004,0.007,0.019,-3.059,-6.435,-6.872,1548692035812
19,-0.001,0.024,0.011,-2.821,-6.717,-6.837,1548692035831
19,-0.039,0.049,0.001,-3.133,-7.07,-7.673,1548692035851
20,-0.075,0.034,0.008,-3.395,-6.883,-7.832,1548692035872
20,-0.068,0.022,0.02,-3.337,-6.561,-7.297,1548692035891
20,-0.027,0.014,0.002,-3.121,-6.849,-6.692,1548692035911
20,-0.03,-0.006,-0.012,-3.107,-7.152,-6.956,1548692035931
20,-0.053,0.008,-0.005,-2.914,-6.814,-7.01,1548692035951
20,-0.05,0.021,0.002,-2.96,-6.734,-7.17,1548692035971
20,-0.032,0.021,-0.001,-3.032,-6.835,-7.248,1548692035992
20,-0.001,0.012,-0.027,-3.091,-6.935,-7.345,1548692036011
20,0.116,0.003,-0.062,-2.946,-6.491,-6.701,1548692036031
20,0.23,0.027,-0.077,-2.757,-6.493,-6.732,1548692036051
20,0.149,0.025,-0.065,-2.926,-6.734,-6.73,1548692036071
20,-0.076,0.059,-0.009,-2.83,-6.575,-6.909,1548692036091
21,-0.396,0.07,0.082,-2.634,-6.086,-6.077,1548692036111
21,-0.844,0.082,0.148,-2.402,-7.871,-7.768,1548692036131
21,-1.542,0.238,0.328,-3.616,-7.362,-8.226,1548692036151
21,-1.067,0.271,0.479,-3.154,-6.628,-7.939,1548692036172
21,-0.801,0.158,0.339,-3.673,-6.486,-8.12,1548692036191
21,-0.682,0.169,0.255,-3.344,-6.409,-8.211,1548692036212
21,-0.566,0.121,0.16,-3.218,-5.84,-8.221,1548692036231
21,-0.401,0.173,0.157,-3.113,-5.082,-7.946,1548692036250
21,-0.456,0.231,0.147,-3.301,-5.76,-8.206,1548692036271
21,-0.562,0.273,0.115,-3.309,-7.406,-8.58,1548692036290
21,-0.204,0.131,0.027,-2.994,-7.271,-8.205,1548692036311
21,0.333,0.008,-0.039,-2.991,-6.481,-7.623,1548692036331
22,0.262,0.067,0.028,-3.137,-7.216,-8.226,1548692036351
22,0.073,0.164,0.084,-3.315,-6.726,-8.516,1548692036371
22,0.128,0.192,0.089,-3.314,-6.168,-8.858,1548692036391
22,0.089,0.24,0.065,-3.878,-5.312,-8.613,1548692036411
22,0.203,0.252,0.041,-3.489,-4.639,-8.409,1548692036431
22,0.279,0.091,-0.08,-3.15,-5.71,-8.176,1548692036452
22,0.264,0.149,-0.085,-2.476,-4.797,-8.052,1548692036472
22,0.175,0.218,-0.08,-2.271,-5.253,-8.368,1548692036491
22,-0.153,0.265,-0.037,-1.795,-5.616,-7.347,1548692036511
22,-0.056,0.079,-0.008,-1.416,-5.06,-7.07,1548692036531
22,-0.122,-0.033,-0.057,-2.452,-5.072,-7.789,1548692036550
22,-0.284,0.032,0.01,-2.578,-5.384,-8.896,1548692036571
23,-0.333,-0.026,0.055,-2.27,-5.913,-8.596,1548692036591
23,-0.331,-0.091,0.091,-2.822,-5.058,-7.548,1548692036611
23,-0.24,-0.04,0.109,-3.094,-5.003,-7.313,1548692036630
23,-0.307,-0.047,0.06,-3.209,-5.83,-8.422,1548692036651
23,-0.466,-0.027,0.054,-3.27,-6.154,-8.533,1548692036670
23,-0.413,0.003,0.08,-3.269,-5.361,-8.527,1548692036691
23,-0.254,0.004,0.084,-3.479,-4.638,-9.404,1548692036711
23,-0.048,-0.083,0.051,-3.282,-4.513,-9.827,1548692036730
23,0.253,-0.218,0.063,-2.507,-4.638,-8.664,1548692036751
23,0.376,-0.348,0.107,-2.772,-4.863,-9.602,1548692036771
23,0.136,-0.389,0.039,-3.488,-6.928,-9.946,1548692036791
23,-0.116,-0.401,0.047,-3.444,-5.279,-9.356,1548692036811
23,-0.014,-0.507,0.062,-4.066,-5.147,-9.395,1548692036830
24,-0.043,-0.558,-0.037,-3.975,-6.037,-9.389,1548692036850
24,-0.129,-0.645,-0.066,-3.891,-5.116,-8.176,1548692036871
24,-0.177,-0.624,-0.036,-4.083,-5.259,-9.076,1548692036890
24,-0.234,-0.614,-0.035,-3.62,-5.684,-8.815,1548692036910
24,-0.168,-0.623,-0.013,-3.927,-4.898,-7.689,1548692036931
24,-0.199,-0.475,0.043,-3.679,-5.796,-7.598,1548692036950
24,-0.289,-0.422,0.035,-3.552,-6.081,-7.869,1548692036970
24,-0.216,-0.331,0.121,-3.078,-4.476,-7.818,1548692036991
24,-0.136,-0.288,0.112,-2.693,-5.358,-7.748,1548692037010
24,-0.176,-0.238,0.053,-3.295,-5.186,-6.77,1548692037031
24,-0.118,-0.148,0.043,-3.408,-6.406,-7.016,1548692037051
24,0.019,-0.108,0.008,-2.852,-6.392,-8.217,1548692037071
24,0.355,-0.187,0.027,-3.024,-4.627,-8.118,1548692037091
25,0.671,-0.216,-0.033,-3.131,-4.482,-7.738,1548692037111
25,0.591,-0.293,-0.193,-2.772,-6.867,-7.442,1548692037130
25,0.449,-0.335,-0.304,-2.871,-5.712,-7.032,1548692037150
25,0.84,-0.322,-0.25,-3.002,-3.307,-7.942,1548692037171
25,0.922,-0.309,-0.276,-2.925,-4.035,-7.536,1548692037191
25,0.472,-0.265,-0.364,-3.129,-4.673,-7.656,1548692037210
25,0.186,-0.253,-0.393,-3.522,-4.059,-7.748,1548692037230
25,0.095,-0.197,-0.349,-3.533,-3.72,-7.492,1548692037250
25,-0.127,-0.199,-0.34,-3.452,-4.573,-7.367,1548692037271
25,-0.411,-0.173,-0.313,-3.885,-5.359,-7.464,1548692037290
25,-0.608,-0.049,-0.274,-3.789,-5.798,-7.793,1548692037310
26,-0.472,-0.012,-0.222,-3.621,-5.474,-8.455,1548692037331
26,-0.208,-0.026,-0.178,-3.525,-5.271,-7.719,1548692037351
26,-0.072,-0.013,-0.177,-4.069,-5.417,-7.638,1548692037371
26,-0.176,0.027,-0.235,-4.285,-6.024,-8.706,1548692037391
26,-0.025,-0.043,-0.293,-3.9,-5.178,-8.55,1548692037411
26,0.275,-0.114,-0.341,-3.754,-4.265,-7.999,1548692037431
26,0.111,-0.088,-0.366,-4.443,-5.573,-8.361,1548692037451
26,-0.239,-0.035,-0.413,-4.433,-5.527,-8.929,1548692037470
26,-0.151,-0.146,-0.443,-3.807,-4.569,-8.558,1548692037490
26,0.077,-0.23,-0.446,-4.01,-5.027,-7.869,1548692037510
26,-0.127,-0.143,-0.407,-4.618,-5.612,-8.017,1548692037530
26,-0.434,-0.101,-0.358,-4.605,-5.155,-9.306,1548692037550
26,-0.429,-0.194,-0.31,-3.819,-5.679,-8.426,1548692037570
27,-0.318,-0.281,-0.305,-4.08,-5.759,-7.913,1548692037590
27,-0.338,-0.223,-0.268,-4.46,-5.611,-8.377,1548692037610
27,-0.446,-0.197,-0.232,-4.915,-5.421,-8.733,1548692037631
27,-0.402,-0.214,-0.201,-4.113,-6.01,-8.55,1548692037651
27,-0.319,-0.286,-0.19,-4.035,-6.401,-7.779,1548692037670
27,-0.175,-0.252,-0.154,-4.335,-6.054,-7.351,1548692037690
27,-0.144,-0.184,-0.092,-4.778,-5.314,-8.338,1548692037711
27,-0.198,-0.115,-0.048,-3.817,-5.535,-7.79,1548692037730
27,-0.2,-0.19,-0.025,-3.921,-7.248,-7.179,1548692037750
27,-0.302,-0.081,-0.011,-4.033,-7.288,-7.581,1548692037770
27,-0.037,-0.063,0.006,-3.621,-6.012,-7.636,1548692037790
27,0.285,-0.081,-0.002,-3.828,-5.392,-6.989,1548692037810
28,0.245,-0.011,-0.009,-4.33,-6.373,-6.882,1548692037830
28,0.024,0.055,0.029,-4.428,-5.954,-7.377,1548692037850
28,0.143,0.063,0.095,-4.122,-4.626,-6.943,1548692037870
28,0.249,0.085,0.14,-4.295,-5.366,-7.613,1548692037890
28,0.122,0.179,0.22,-4.334,-5.436,-7.186,1548692037910
28,0.168,0.239,0.262,-4.467,-5.899,-6.681,1548692037931
28,0.169,0.308,0.288,-4.038,-6.102,-6.79,1548692037950
28,0.181,0.323,0.296,-3.562,-5.961,-6.82,1548692037970
28,0.198,0.301,0.282,-3.913,-6.653,-6.377,1548692037990
28,0.16,0.377,0.247,-3.903,-5.724,-6.416,1548692038010
28,0.174,0.35,0.219,-4.41,-6.149,-6.942,1548692038030
28,0.008,0.392,0.156,-4.839,-7.086,-7.513,1548692038050
28,0.122,0.345,0.094,-3.325,-5.883,-7.379,1548692038069
28,0.298,0.166,0.062,-2.928,-6.157,-6.753,1548692038090
28,0.079,0.202,0.112,-4.552,-6.249,-6.072,1548692038109
29,-0.252,0.295,0.185,-3.978,-6.845,-7.573,1548692038130
29,-0.115,0.095,0.111,-3.744,-6.401,-7.411,1548692038150
29,0.177,-0.01,0.141,-4.186,-5.287,-7.326,1548692038169
29,-0.016,-0.055,0.204,-4.072,-6.286,-7.143,1548692038190
29,-0.291,-0.12,0.269,-4.91,-7.237,-6.371,1548692038210
29,-0.267,-0.076,0.278,-4.227,-5.666,-7.945,1548692038230
29,0.12,-0.289,0.301,-3.057,-6.666,-7.637,1548692038250
29,-0.003,-0.259,0.253,-4.943,-6.873,-7.372,1548692038270
29,-0.093,-0.147,0.315,-4.363,-6.907,-6.941,1548692038290
29,0.076,-0.339,0.222,-4.339,-6.535,-6.755,1548692038310
29,0.047,-0.321,0.096,-5.738,-5.216,-7.964,1548692038330
30,-0.028,-0.285,0.098,-4.064,-5.969,-7.445,1548692038350
30,0.09,-0.527,0.116,-4.114,-6.599,-6.981,1548692038369
30,0.036,-0.463,0.1,-5.348,-5.858,-6.064,1548692038390
30,0.137,-0.316,0.204,-4.617,-6.154,-7.23,1548692038409
30,0.345,-0.45,0.211,-4.746,-7.007,-7.174,1548692038430
30,0.714,-0.401,0.222,-4.871,-5.261,-6.629,1548692038449
30,0.864,-0.291,0.274,-5.26,-6.625,-5.648,1548692038470
30,0.37,-0.176,0.217,-5.93,-7.031,-5.918,1548692038490
30,0.418,-0.197,0.174,-4.597,-7.005,-5.72,1548692038509
30,0.636,-0.349,0.129,-4.451,-6.862,-5.326,1548692038530
30,0.422,-0.213,0.013,-4.977,-7.106,-6.197,1548692038550
30,0.169,-0.088,-0.033,-5.066,-5.928,-6.85,1548692038570
30,0.334,-0.041,0.025,-4.41,-6.824,-6.569,1548692038590
30,0.498,-0.115,0.083,-4.244,-6.551,-6.396,1548692038610
30,0.502,-0.018,0.149,-4.374,-6.0,-6.617,1548692038630
30,0.255,0.119,0.239,-3.816,-7.427,-7.413,1548692038650
30,0.137,0.108,0.202,-4.378,-7.338,-7.35,1548692038669
31,0.338,0.119,0.184,-4.528,-7.476,-6.955,1548692038690
31,0.547,0.042,0.092,-4.222,-6.462,-6.115,1548692038709
31,0.594,-0.014,0.071,-4.104,-5.41,-6.174,1548692038729
31,0.343,-0.039,-0.022,-4.487,-6.935,-6.288,1548692038749
31,0.108,-0.019,-0.077,-4.495,-6.707,-7.044,1548692038770
31,0.258,-0.012,-0.07,-4.159,-6.989,-5.595,1548692038790
31,0.224,0.033,-0.051,-4.791,-6.156,-5.774,1548692038809
31,0.214,0.135,0.008,-4.867,-6.529,-5.626,1548692038830
31,0.113,0.132,0.022,-4.516,-6.199,-6.423,1548692038850
31,0.194,0.096,0.043,-4.413,-6.537,-5.364,1548692038869
31,0.026,0.118,0.079,-4.49,-7.374,-5.667,1548692038889
32,-0.129,0.143,0.087,-4.398,-6.354,-7.068,1548692038910
32,-0.022,0.154,0.104,-4.308,-6.146,-7.173,1548692038929
32,0.066,0.171,0.133,-4.623,-6.879,-5.853,1548692038949
32,-0.072,0.214,0.129,-4.699,-7.067,-5.397,1548692038970
32,-0.146,0.205,0.12,-4.961,-7.732,-5.665,1548692038990
32,-0.185,0.235,0.093,-4.779,-6.714,-6.181,1548692039009
32,0.08,0.187,0.096,-3.995,-6.999,-7.05,1548692039029
32,0.081,0.163,0.059,-4.373,-7.066,-5.779,1548692039049
32,-0.009,0.26,0.085,-4.373,-6.77,-6.068,1548692039069
32,0.0,0.244,0.104,-4.229,-6.732,-5.697,1548692039090
32,-0.018,0.244,0.104,-4.315,-6.482,-6.828,1548692039110
32,0.134,0.243,0.13,-3.885,-6.266,-6.571,1548692039129
32,0.167,0.232,0.122,-4.177,-7.032,-6.822,1548692039149
33,0.194,0.246,0.143,-3.978,-6.726,-6.781,1548692039169
33,0.157,0.183,0.158,-4.288,-6.601,-6.87,1548692039189
33,0.103,0.184,0.18,-4.541,-6.786,-6.172,1548692039210
33,0.114,0.139,0.177,-4.717,-6.853,-6.136,1548692039230
33,0.133,0.09,0.155,-4.924,-6.274,-6.463,1548692039250
33,0.098,0.085,0.15,-4.955,-6.038,-6.936,1548692039270
33,0.048,0.079,0.166,-4.777,-6.61,-6.179,1548692039290
33,-0.063,0.106,0.164,-3.973,-6.491,-6.88,1548692039309
33,-0.114,0.043,0.159,-4.461,-6.516,-7.385,1548692039330
33,-0.071,0.075,0.182,-4.671,-7.02,-6.236,1548692039349
33,0.039,0.05,0.161,-4.71,-6.467,-6.676,1548692039369
33,0.172,0.015,0.138,-4.764,-6.221,-6.411,1548692039389
33,0.155,0.028,0.123,-4.273,-6.431,-6.795,1548692039409
33,0.103,0.012,0.099,-4.27,-6.454,-6.86,1548692039429
33,0.113,0.039,0.088,-4.665,-6.053,-6.393,1548692039450
33,0.1,0.075,0.084,-4.547,-6.543,-6.33,1548692039469
34,0.001,0.076,0.055,-4.878,-6.526,-6.535,1548692039489
34,0.044,0.084,0.036,-4.995,-6.307,-6.377,1548692039509
34,0.121,0.055,-0.013,-4.731,-6.396,-6.461,1548692039530
34,0.127,0.022,-0.052,-4.678,-6.213,-6.795,1548692039550
34,0.097,0.01,-0.064,-4.935,-6.454,-6.329,1548692039569
34,-0.012,0.012,-0.079,-5.097,-6.511,-6.872,1548692039589
34,0.014,-0.018,-0.094,-4.502,-6.376,-6.698,1548692039610
34,0.05,-0.067,-0.104,-4.949,-6.523,-6.469,1548692039630
34,0.013,-0.003,-0.081,-4.815,-6.493,-6.459,1548692039650
34,-0.072,-0.015,-0.083,-4.803,-6.779,-6.403,1548692039670
34,-0.075,-0.009,-0.077,-4.265,-6.829,-6.309,1548692039689
34,-0.065,-0.044,-0.078,-4.102,-6.15,-6.648,1548692039709
34,-0.116,-0.025,-0.053,-4.249,-7.352,-6.641,1548692039729
35,-0.154,0.02,-0.052,-4.327,-7.194,-6.354,1548692039749
35,0.016,0.009,-0.056,-4.47,-6.635,-6.396,1548692039769
35,0.053,0.006,-0.05,-4.409,-6.867,-6.343,1548692039789
35,-0.08,-0.018,-0.06,-4.642,-6.873,-7.144,1548692039809
35,-0.02,-0.03,-0.055,-4.376,-6.826,-6.624,1548692039829
35,0.053,-0.067,-0.054,-4.865,-6.504,-6.468,1548692039849
35,-0.01,-0.035,-0.022,-4.858,-7.035,-6.867,1548692039869
35,-0.154,-0.033,-0.025,-4.812,-6.997,-6.941,1548692039889
35,-0.054,-0.06,-0.024,-4.759,-6.675,-6.173,1548692039909
35,0.001,-0.059,-0.007,-4.786,-6.989,-6.622,1548692039929
35,-0.086,-0.046,0.0,-4.661,-6.479,-6.359,1548692039949
35,-0.044,-0.059,0.002,-5.037,-6.689,-6.615,1548692039969
35,-0.006,-0.021,0.015,-4.861,-6.989,-5.946,1548692039989
36,0.016,-0.013,0.017,-5.034,-7.152,-6.006,1548692040009
36,0.052,0.002,0.022,-4.97,-6.405,-6.782,1548692040028
36,0.074,0.003,0.013,-4.634,-6.597,-6.623,1548692040049
36,0.009,0.013,-0.001,-4.529,-6.826,-6.109,1548692040068
36,0.003,0.016,-0.018,-4.605,-6.692,-6.261,1548692040089
36,-0.01,0.004,-0.05,-4.452,-6.379,-6.654,1548692040109
36,0.059,-0.036,-0.081,-4.53,-6.574,-6.665,1548692040128
36,0.047,-0.027,-0.086,-4.374,-6.39,-6.36,1548692040149
36,0.101,-0.059,-0.077,-4.523,-6.253,-6.467,1548692040169
36,0.073,-0.03,-0.057,-4.584,-6.262,-6.647,1548692040189
36,0.028,-0.02,-0.03,-4.696,-6.292,-6.732,1548692040209
36,0.01,-0.003,0.0,-4.572,-6.472,-6.331,1548692040229
36,-0.004,0.002,0.017,-4.798,-6.391,-6.125,1548692040249
36,-0.053,0.033,0.037,-4.998,-6.703,-6.392,1548692040269
37,-0.048,0.049,0.045,-4.934,-6.472,-6.353,1548692040289
37,0.021,0.042,0.063,-4.752,-6.597,-6.446,1548692040309
37,-0.066,0.04,0.059,-4.776,-6.886,-6.228,1548692040329
37,-0.096,0.027,0.043,-4.726,-6.657,-6.457,1548692040349
37,0.011,0.0,0.016,-4.467,-6.522,-6.519,1548692040368
37,0.066,-0.02,-0.009,-4.46,-6.65,-6.548,1548692040389
37,0.063,-0.012,-0.031,-4.468,-6.403,-6.497,1548692040409
37,0.066,-0.009,-0.034,-4.573,-6.306,-6.385,1548692040429
37,0.038,0.0,-0.038,-4.601,-6.838,-6.411,1548692040449
37,0.045,0.009,-0.042,-4.518,-6.456,-6.359,1548692040469
38,0.101,0.018,-0.032,-4.422,-6.462,-6.497,1548692040489
38,0.093,0.048,-0.031,-4.333,-6.515,-6.518,1548692040509
38,0.097,0.053,-0.033,-4.267,-6.566,-6.741,1548692040529
38,0.057,0.068,-0.026,-4.443,-6.767,-6.452,1548692040549
38,-0.025,0.074,-0.03,-4.443,-6.881,-6.265,1548692040569
38,0.001,0.035,-0.046,-4.426,-6.718,-6.418,1548692040589
38,0.089,0.012,-0.077,-4.443,-6.549,-6.379,1548692040609
38,0.108,0.017,-0.087,-4.336,-6.673,-6.372,1548692040629
38,0.137,0.03,-0.093,-4.543,-6.643,-6.248,1548692040649
38,0.194,0.064,-0.121,-4.53,-6.761,-6.221,1548692040668
38,0.257,0.074,-0.144,-4.416,-6.943,-6.064,1548692040688
38,0.318,0.095,-0.15,-4.637,-7.014,-6.015,1548692040709
38,0.419,0.132,-0.164,-2.855,-7.455,-5.579,1548692040729
39,0.458,0.096,-0.209,-5.397,-5.754,-6.246,1548692040749
39,0.479,0.31,-0.493,-4.72,-8.14,-5.936,1548692040769
39,0.047,0.036,-0.266,-4.806,-6.939,-6.429,1548692040789
39,0.303,-0.004,-0.198,-4.735,-7.174,-6.38,1548692040809
39,0.118,-0.112,-0.278,-4.612,-7.865,-6.776,1548692040829
39,0.303,-0.132,-0.281,-4.239,-7.463,-6.327,1548692040849
39,0.536,-0.194,-0.337,-4.013,-7.257,-5.742,1548692040869
39,0.614,-0.17,-0.372,-3.929,-7.976,-5.873,1548692040889
39,0.621,-0.118,-0.321,-3.66,-7.513,-6.3,1548692040909
39,0.702,-0.105,-0.273,-3.619,-8.134,-5.845,1548692040928
39,0.729,-0.091,-0.198,-3.547,-8.187,-5.562,1548692040948
39,0.79,-0.105,-0.173,-3.6,-7.783,-5.045,1548692040968
40,0.895,-0.098,-0.19,-3.963,-7.955,-5.417,1548692040988
40,0.834,-0.093,-0.209,-4.93,-9.182,-7.488,1548692041009
40,1.053,-0.165,-0.259,-4.557,-6.923,-3.084,1548692041028
40,1.918,-0.3,-0.316,-2.324,-9.642,-2.95,1548692041048
40,0.538,-0.282,-0.162,-4.482,-8.928,-5.098,1548692041068
40,0.512,-0.008,-0.063,-4.036,-7.526,-4.657,1548692041089
40,0.514,-0.157,-0.161,-4.238,-8.291,-4.124,1548692041108
40,0.518,-0.153,-0.181,-4.504,-8.825,-4.621,1548692041129
40,0.486,-0.112,-0.157,-4.504,-9.217,-4.595,1548692041148
40,0.397,-0.151,-0.111,-4.085,-8.914,-4.551,1548692041169
40,0.475,-0.168,-0.105,-3.544,-7.808,-3.705,1548692041188
40,0.536,-0.16,-0.138,-3.514,-8.344,-3.628,1548692041208
41,0.168,-0.075,-0.123,-3.902,-8.545,-3.893,1548692041228
41,0.106,0.008,-0.149,-3.651,-8.92,-4.422,1548692041248
41,0.097,-0.016,-0.159,-3.653,-8.828,-3.901,1548692041268
41,0.18,-0.027,-0.156,-3.782,-8.862,-4.096,1548692041288
41,0.253,-0.047,-0.164,-3.803,-8.44,-3.922,1548692041308
41,0.243,-0.086,-0.158,-3.96,-8.939,-4.365,1548692041328
41,0.132,-0.111,-0.159,-4.039,-8.724,-4.096,1548692041348
41,0.22,-0.126,-0.147,-3.865,-8.678,-3.699,1548692041368
41,0.201,-0.155,-0.158,-3.725,-8.968,-3.883,1548692041388
41,0.138,-0.146,-0.134,-3.515,-8.606,-3.795,1548692041408
41,0.083,-0.145,-0.11,-3.629,-8.818,-4.019,1548692041428
41,0.049,-0.092,-0.1,-3.741,-8.627,-3.93,1548692041449
41,0.072,-0.077,-0.081,-3.592,-8.428,-3.589,1548692041469
42,0.052,-0.076,-0.085,-3.407,-8.674,-3.355,1548692041488
42,-0.091,-0.053,-0.062,-3.666,-8.841,-3.508,1548692041508
42,-0.131,0.016,-0.037,-3.677,-8.789,-3.964,1548692041528
42,-0.123,0.028,-0.032,-3.412,-8.685,-4.049,1548692041548
42,-0.151,0.011,-0.024,-3.509,-8.712,-3.597,1548692041568
42,-0.185,0.049,0.009,-3.557,-9.023,-3.35,1548692041588
42,-0.265,0.064,0.044,-3.779,-9.292,-3.733,1548692041608
42,-0.17,0.044,0.025,-3.563,-8.914,-3.802,1548692041628
42,-0.096,-0.001,-0.005,-3.606,-9.11,-3.997,1548692041647
42,-0.048,0.001,-0.006,-3.659,-9.078,-3.721,1548692041668
42,0.002,-0.03,-0.011,-3.532,-9.375,-3.106,1548692041688
42,0.021,-0.032,-0.027,-3.584,-9.434,-3.303,1548692041707
43,0.102,-0.008,-0.031,-3.567,-9.09,-3.805,1548692041728
43,0.255,-0.002,-0.04,-3.676,-8.743,-3.94,1548692041748
43,0.228,-0.033,-0.057,-3.5,-9.164,-3.54,1548692041768
43,0.093,-0.081,-0.063,-3.419,-9.599,-3.086,1548692041788
43,0.117,-0.073,-0.05,-3.026,-9.684,-2.823,1548692041808
43,0.252,-0.077,-0.057,-3.254,-9.438,-3.243,1548692041828
43,0.291,-0.003,-0.047,-3.683,-9.488,-4.229,1548692041848
43,0.332,0.061,0.033,-3.52,-9.095,-3.627,1548692041867
43,0.429,0.033,0.112,-3.961,-8.86,-3.521,1548692041888
43,0.379,-0.001,0.008,-3.459,-8.559,-3.589,1548692041908
43,0.369,-0.103,-0.097,-3.554,-8.851,-3.174,1548692041928
43,0.261,-0.066,-0.101,-3.86,-9.339,-2.754,1548692041947
43,0.271,-0.007,-0.104,-3.754,-9.658,-2.957,1548692041967
44,0.281,0.013,-0.115,-3.746,-9.445,-3.445,1548692041987
44,0.348,-0.001,-0.11,-3.354,-8.372,-3.484,1548692042008
44,0.343,-0.095,-0.119,-3.444,-8.431,-3.621,1548692042028
44,0.211,-0.109,-0.145,-3.578,-9.169,-3.025,1548692042048
44,0.065,-0.113,-0.125,-3.446,-9.511,-3.109,1548692042067
44,0.019,-0.092,-0.095,-3.26,-8.975,-3.09,1548692042088
44,0.041,-0.073,-0.065,-3.26,-8.671,-3.057,1548692042108
44,-0.028,-0.016,-0.055,-3.391,-9.094,-3.307,1548692042128
44,-0.14,0.025,-0.06,-3.213,-9.317,-3.282,1548692042148
44,-0.108,0.046,-0.068,-3.115,-8.879,-3.087,1548692042168
44,0.021,0.078,-0.066,-3.523,-8.562,-2.786,1548692042188
45,-0.005,0.112,-0.076,-3.731,-8.601,-2.906,1548692042207
45,-0.194,0.085,-0.104,-3.174,-9.492,-3.443,1548692042227
45,-0.371,-0.011,-0.147,-3.075,-10.324,-3.537,1548692042247
45,-0.378,0.0,-0.103,-2.828,-10.149,-3.375,1548692042268
45,-0.555,0.007,0.017,-2.959,-9.371,-3.02,1548692042288
45,-0.547,0.124,0.092,-3.363,-9.031,-3.613,1548692042308
45,-0.521,0.243,0.125,-3.637,-8.862,-4.021,1548692042327
45,-0.473,0.308,0.134,-3.701,-8.839,-3.327,1548692042347
45,-0.57,0.292,0.119,-3.675,-9.353,-3.678,1548692042368
45,-0.675,0.253,0.099,-3.594,-8.719,-3.938,1548692042388
45,-0.417,0.183,0.045,-3.438,-7.986,-4.231,1548692042407
45,-0.325,0.193,-0.052,-3.432,-8.45,-3.818,1548692042428
45,-0.556,0.237,-0.039,-3.235,-9.094,-3.653,1548692042447
46,-0.85,0.217,0.023,-2.828,-9.383,-4.57,1548692042468
46,-0.787,0.123,0.002,-2.783,-8.531,-4.785,1548692042488
46,-0.483,0.084,-0.028,-3.014,-8.502,-4.287,1548692042507
46,-0.507,0.089,-0.013,-3.241,-8.434,-4.564,1548692042527
46,-0.584,0.088,0.033,-3.283,-8.346,-4.972,1548692042547
46,-0.829,0.066,0.076,-3.332,-8.621,-5.453,1548692042567
46,-0.959,0.044,0.1,-3.479,-8.407,-5.825,1548692042588
46,-0.899,0.012,0.122,-3.34,-8.231,-5.718,1548692042607
46,-0.782,-0.016,0.123,-3.377,-7.844,-5.48,1548692042627
46,-0.713,-0.021,0.093,-3.368,-7.363,-4.903,1548692042647
46,-0.809,-0.046,0.116,-3.208,-7.805,-5.346,1548692042668
46,-0.992,-0.032,0.118,-3.215,-8.8,-5.121,1548692042688
47,-0.872,0.025,0.129,-3.26,-7.63,-5.459,1548692042708
47,-0.751,0.086,0.17,-3.478,-6.954,-5.585,1548692042728
47,-0.881,0.105,0.134,-3.585,-7.952,-5.905,1548692042748
47,-0.952,0.081,0.092,-3.588,-8.067,-6.473,1548692042767
47,-0.935,0.065,0.152,-3.492,-7.74,-6.769,1548692042787
47,-0.82,0.069,0.159,-3.451,-7.345,-6.377,1548692042807
47,-0.701,0.058,0.176,-3.413,-7.435,-6.233,1548692042827
47,-0.636,0.012,0.152,-3.673,-7.681,-6.161,1548692042847
47,-0.546,0.021,0.137,-3.654,-7.634,-6.572,1548692042867
47,-0.464,-0.004,0.171,-3.307,-7.832,-6.835,1548692042887
47,-0.354,-0.024,0.193,-3.521,-6.893,-6.616,1548692042907
47,-0.233,-0.031,0.197,-3.556,-7.648,-6.937,1548692042927
