pack,vx,vy,vz,ax,ay,az,time
1,-0.054,-0.033,0.044,-0.578,-10.053,-0.628,1549046702400
1,-0.054,-0.043,0.039,-0.528,-10.329,-0.536,1549046702419
1,-0.025,-0.082,0.018,-0.607,-10.465,-0.865,1549046702440
1,0.03,-0.078,0.003,-0.56,-9.997,-1.277,1549046702460
1,0.202,-0.086,0.043,-0.492,-10.317,0.009,1549046702480
1,0.293,0.053,0.097,-0.769,-10.821,0.105,1549046702500
1,0.23,-0.014,0.13,-1.284,-10.833,-0.427,1549046702520
1,0.215,-0.15,0.084,-1.304,-9.294,-0.205,1549046702540
1,0.234,-0.311,-0.002,-0.286,-8.571,0.42,1549046702560
1,-0.001,-0.344,0.048,-0.618,-10.017,-0.064,1549046702580
1,-0.198,-0.241,0.183,-0.691,-10.828,-1.103,1549046702600
2,-0.142,-0.217,0.205,-0.697,-10.409,-0.977,1549046702619
2,0.078,-0.172,0.233,-0.605,-9.582,-0.591,1549046702640
2,0.024,-0.234,0.301,-0.805,-10.245,-0.611,1549046702659
2,-0.094,-0.29,0.341,-0.878,-10.415,-0.739,1549046702680
2,0.044,-0.299,0.322,-0.811,-10.42,-0.536,1549046702699
2,0.051,-0.3,0.349,-0.736,-10.333,-0.221,1549046702720
2,-0.032,-0.338,0.419,-1.024,-10.252,-0.286,1549046702739
2,0.026,-0.365,0.421,-0.94,-10.128,-0.433,1549046702760
2,0.052,-0.38,0.389,-0.531,-10.172,-0.053,1549046702780
2,-0.054,-0.355,0.428,-0.609,-10.409,-0.258,1549046702799
3,-0.075,-0.339,0.446,-0.788,-9.175,-0.11,1549046702819
3,-0.037,-0.318,0.373,-1.019,-9.707,-1.578,1549046702839
3,-0.35,-0.407,0.311,-1.119,-10.167,-2.135,1549046702859
3,-0.389,-0.409,0.235,-1.293,-11.042,-0.617,1549046702879
3,-0.315,-0.309,0.243,-1.805,-10.655,0.357,1549046702899
3,-0.221,-0.308,0.282,-2.259,-9.583,-0.252,1549046702920
3,-0.337,-0.31,0.327,-2.225,-9.847,-0.776,1549046702940
3,-0.518,-0.364,0.354,-1.917,-10.212,-0.736,1549046702960
3,-0.481,-0.368,0.3,-1.985,-10.437,-0.754,1549046702980
3,-0.456,-0.391,0.266,-2.05,-10.364,-0.852,1549046703000
4,-0.466,-0.4,0.232,-1.839,-10.066,-1.16,1549046703020
4,-0.466,-0.435,0.19,-1.464,-10.555,-1.663,1549046703039
4,-0.476,-0.469,0.2,-1.613,-10.198,-1.153,1549046703060
4,-0.22,-0.368,0.192,-2.174,-9.977,-1.986,1549046703080
4,-0.254,-0.344,0.203,-2.74,-10.634,-2.432,1549046703100
4,-0.514,-0.329,0.296,-2.24,-10.429,-1.592,1549046703120
4,-0.591,-0.448,0.357,-1.792,-10.947,-1.266,1549046703140
4,-0.574,-0.501,0.373,-2.563,-11.486,-1.452,1549046703160
4,-0.427,-0.364,0.37,-2.807,-11.222,-1.765,1549046703180
4,-0.324,-0.326,0.387,-2.745,-8.846,-1.369,1549046703200
4,0.079,-0.327,0.359,-2.937,-10.066,-1.403,1549046703221
5,-0.064,-0.343,0.405,-2.987,-10.561,-1.593,1549046703241
5,-0.212,-0.363,0.4,-3.362,-10.233,-1.9,1549046703261
5,-0.201,-0.377,0.341,-3.393,-9.629,-1.183,1549046703281
5,-0.182,-0.412,0.314,-3.015,-8.804,-1.709,1549046703301
5,-0.061,-0.472,0.306,-3.243,-8.599,-1.754,1549046703320
5,-0.138,-0.442,0.307,-3.46,-10.189,-1.135,1549046703340
5,-0.35,-0.432,0.339,-3.319,-10.521,-1.582,1549046703360
5,-0.27,-0.435,0.393,-2.833,-9.598,-1.603,1549046703380
5,-0.143,-0.383,0.415,-4.063,-8.325,-1.241,1549046703400
5,-0.142,-0.257,0.41,-3.975,-9.122,-2.932,1549046703420
5,-0.479,-0.38,0.47,-3.517,-9.41,-1.94,1549046703441
5,-0.551,-0.435,0.396,-3.508,-11.137,-1.718,1549046703460
5,-0.433,-0.512,0.396,-3.742,-9.502,-1.797,1549046703480
6,0.0,-0.511,0.302,-3.947,-8.984,-2.079,1549046703500
6,0.031,-0.498,0.275,-3.801,-8.821,-2.481,1549046703520
6,-0.189,-0.519,0.283,-3.584,-9.242,-2.449,1549046703541
6,-0.435,-0.553,0.278,-3.75,-10.129,-2.155,1549046703560
6,-0.362,-0.534,0.271,-3.9,-8.653,-2.242,1549046703581
6,-0.144,-0.48,0.278,-4.061,-7.973,-2.093,1549046703600
6,-0.204,-0.419,0.301,-3.778,-9.404,-2.093,1549046703620
6,-0.348,-0.407,0.3,-4.041,-9.525,-1.798,1549046703640
6,-0.346,-0.377,0.285,-4.167,-8.904,-2.098,1549046703660
6,-0.309,-0.33,0.288,-4.166,-8.675,-1.656,1549046703681
6,-0.316,-0.276,0.288,-4.24,-8.681,-1.83,1549046703701
6,-0.359,-0.265,0.253,-4.034,-9.454,-2.066,1549046703721
6,-0.413,-0.25,0.212,-3.747,-9.016,-2.457,1549046703740
6,-0.315,-0.238,0.168,-4.339,-8.172,-2.278,1549046703761
7,-0.325,-0.215,0.151,-3.988,-9.066,-1.624,1549046703781
7,-0.368,-0.247,0.139,-4.238,-9.176,-1.619,1549046703800
7,-0.288,-0.248,0.161,-4.074,-9.167,-1.613,1549046703821
7,-0.26,-0.258,0.135,-4.345,-7.915,-3.359,1549046703841
7,-0.255,-0.2,0.156,-4.088,-8.243,-3.171,1549046703861
7,-0.298,-0.134,0.209,-4.929,-8.769,-1.208,1549046703881
7,-0.42,-0.129,0.228,-4.41,-9.911,-1.711,1549046703900
7,-0.356,-0.227,0.21,-4.699,-8.998,-1.775,1549046703921
7,-0.203,-0.214,0.198,-4.51,-8.114,-2.632,1549046703941
7,-0.197,-0.181,0.206,-4.86,-8.296,-2.217,1549046703960
7,-0.387,-0.185,0.2,-5.047,-8.64,-1.842,1549046703981
7,-0.517,-0.231,0.223,-5.402,-8.349,-1.932,1549046704001
7,-0.567,-0.325,0.195,-4.833,-9.913,-2.641,1549046704021
7,-0.456,-0.346,0.165,-4.833,-8.546,-2.744,1549046704041
8,-0.212,-0.296,0.174,-5.141,-8.106,-2.517,1549046704061
8,-0.394,-0.316,0.141,-5.079,-9.04,-2.536,1549046704081
8,-0.473,-0.351,0.132,-5.216,-9.142,-2.205,1549046704101
8,-0.447,-0.37,0.106,-5.033,-8.431,-2.203,1549046704121
8,-0.401,-0.407,0.076,-5.646,-8.128,-2.126,1549046704141
8,-0.498,-0.461,0.02,-5.233,-7.868,-3.031,1549046704161
8,-0.38,-0.496,0.025,-5.254,-8.69,-2.977,1549046704181
8,-0.302,-0.538,0.036,-5.117,-9.089,-2.517,1549046704201
8,-0.188,-0.513,0.016,-5.054,-8.75,-2.654,1549046704221
8,-0.299,-0.49,-0.017,-5.066,-7.843,-2.814,1549046704241
8,-0.421,-0.494,-0.043,-5.078,-8.068,-3.302,1549046704261
9,-0.34,-0.518,-0.05,-5.244,-8.716,-2.555,1549046704281
9,-0.237,-0.531,-0.04,-5.05,-9.232,-2.36,1549046704302
9,-0.196,-0.513,-0.059,-4.879,-8.259,-2.316,1549046704321
9,-0.189,-0.479,-0.09,-4.906,-8.338,-2.723,1549046704341
9,-0.191,-0.47,-0.135,-5.152,-7.574,-2.42,1549046704361
9,0.012,-0.425,-0.112,-5.025,-8.045,-3.081,1549046704382
9,-0.062,-0.393,-0.105,-4.973,-8.58,-1.965,1549046704401
9,-0.151,-0.361,-0.099,-4.931,-8.584,-1.291,1549046704421
9,-0.14,-0.364,-0.121,-4.753,-8.733,-1.803,1549046704441
9,-0.002,-0.336,-0.139,-4.516,-8.472,-2.413,1549046704461
10,0.325,-0.25,-0.132,-5.05,-8.059,-2.067,1549046704482
10,0.232,-0.182,-0.161,-4.649,-8.622,-1.267,1549046704501
10,-0.087,-0.255,-0.206,-4.509,-9.32,-1.367,1549046704521
10,0.0,-0.287,-0.216,-4.484,-8.606,-2.257,1549046704541
10,0.295,-0.27,-0.255,-4.541,-8.063,-2.006,1549046704561
10,0.375,-0.213,-0.254,-4.542,-8.232,-2.226,1549046704582
10,0.236,-0.238,-0.287,-4.653,-8.878,-1.173,1549046704601
10,0.147,-0.282,-0.297,-4.303,-9.433,-1.239,1549046704621
10,0.233,-0.308,-0.332,-4.441,-8.324,-2.431,1549046704642
10,0.321,-0.251,-0.347,-4.407,-8.2,-2.453,1549046704661
10,0.239,-0.186,-0.324,-4.764,-8.975,-1.473,1549046704681
10,-0.004,-0.244,-0.319,-4.572,-9.627,-0.521,1549046704701
11,0.05,-0.267,-0.303,-4.016,-9.697,-1.662,1549046704721
11,0.165,-0.283,-0.32,-4.395,-8.929,-2.466,1549046704741
11,0.317,-0.206,-0.292,-4.027,-8.703,-1.968,1549046704762
11,0.18,-0.162,-0.266,-4.042,-8.951,-1.015,1549046704782
11,0.005,-0.148,-0.207,-4.22,-9.454,-1.84,1549046704802
11,0.011,-0.145,-0.18,-4.209,-9.498,-1.754,1549046704821
11,0.022,-0.136,-0.224,-4.477,-9.042,-1.397,1549046704842
11,0.115,-0.121,-0.206,-4.251,-9.751,-0.821,1549046704862
11,0.138,-0.174,-0.201,-4.486,-9.671,-0.954,1549046704882
11,0.172,-0.209,-0.202,-4.482,-8.932,-1.597,1549046704901
11,0.14,-0.204,-0.215,-4.161,-9.87,-1.237,1549046704922
12,0.012,-0.232,-0.215,-4.41,-9.166,-0.992,1549046704942
12,0.111,-0.248,-0.171,-4.271,-8.951,-1.067,1549046704962
12,0.179,-0.269,-0.145,-4.085,-9.836,-1.108,1549046704982
12,0.082,-0.265,-0.158,-3.701,-9.932,-1.966,1549046705001
12,0.036,-0.243,-0.174,-3.55,-9.648,-2.147,1549046705022
12,0.116,-0.196,-0.163,-4.43,-8.844,0.202,1549046705042
12,0.039,-0.176,-0.136,-3.913,-10.046,-1.61,1549046705062
12,0.011,-0.262,-0.134,-4.104,-9.532,-1.632,1549046705082
12,0.111,-0.254,-0.122,-3.94,-9.455,-1.458,1549046705102
12,0.075,-0.282,-0.136,-3.815,-9.414,-1.122,1549046705122
12,0.007,-0.296,-0.117,-4.152,-9.555,-1.214,1549046705142
12,-0.012,-0.298,-0.088,-3.845,-9.472,-1.366,1549046705162
12,-0.054,-0.329,-0.085,-3.519,-9.344,-1.148,1549046705182
12,-0.056,-0.316,-0.085,-3.629,-9.239,-1.159,1549046705202
13,-0.08,-0.284,-0.064,-3.891,-9.5,-0.598,1549046705222
13,-0.023,-0.271,-0.038,-3.703,-9.002,-0.84,1549046705242
13,-0.001,-0.261,-0.027,-3.782,-9.522,-0.379,1549046705263
13,-0.075,-0.249,-0.03,-3.616,-9.37,-0.84,1549046705282
13,-0.058,-0.239,-0.072,-3.7,-10.085,-0.288,1549046705302
13,-0.015,-0.227,-0.114,-3.407,-9.138,-0.715,1549046705323
13,0.066,-0.225,-0.153,-3.372,-9.208,-1.087,1549046705342
13,0.088,-0.196,-0.141,-3.621,-9.591,-0.662,1549046705362
13,0.099,-0.159,-0.135,-3.847,-9.409,-0.562,1549046705382
13,0.045,-0.183,-0.167,-3.876,-9.179,-1.119,1549046705403
13,0.034,-0.174,-0.176,-3.819,-9.71,-1.068,1549046705423
13,0.018,-0.159,-0.186,-4.207,-9.092,-0.752,1549046705442
13,0.058,-0.149,-0.189,-3.791,-9.188,-0.936,1549046705463
14,0.051,-0.172,-0.204,-3.587,-9.746,-0.139,1549046705483
14,0.049,-0.183,-0.193,-3.537,-9.719,-0.779,1549046705503
14,0.07,-0.187,-0.194,-3.886,-9.505,-0.52,1549046705523
14,0.053,-0.196,-0.194,-3.752,-9.43,-0.664,1549046705542
14,0.094,-0.168,-0.203,-3.711,-9.403,-0.579,1549046705563
14,0.075,-0.123,-0.179,-3.594,-9.206,-0.452,1549046705583
14,0.004,-0.086,-0.133,-3.719,-9.729,-0.015,1549046705603
14,-0.146,-0.064,-0.122,-3.534,-9.736,-0.457,1549046705623
14,-0.135,-0.063,-0.156,-3.761,-10.073,-0.217,1549046705643
14,-0.019,-0.07,-0.192,-3.648,-9.463,-0.53,1549046705663
14,0.105,-0.061,-0.2,-3.537,-10.015,-0.011,1549046705683
14,0.163,-0.049,-0.199,-3.129,-9.599,-0.249,1549046705702
14,0.177,-0.048,-0.225,-3.532,-9.76,-0.567,1549046705723
14,-0.038,-0.038,-0.249,-3.402,-9.15,-0.726,1549046705743
15,0.003,-0.023,-0.242,-2.656,-10.279,-0.432,1549046705762
15,0.267,-0.029,-0.25,-2.78,-9.64,0.317,1549046705783
15,0.431,-0.012,-0.234,-2.852,-10.333,0.109,1549046705803
15,0.235,-0.008,-0.243,-2.52,-9.741,-0.371,1549046705823
15,0.064,0.021,-0.276,-2.893,-9.169,-0.682,1549046705843
15,0.014,0.092,-0.272,-3.025,-9.847,0.111,1549046705863
15,0.123,0.12,-0.263,-2.899,-10.379,0.423,1549046705883
15,0.243,0.08,-0.288,-3.043,-9.692,0.479,1549046705903
15,0.231,0.054,-0.315,-2.985,-9.686,-0.01,1549046705923
15,0.211,0.033,-0.348,-2.947,-9.48,-0.416,1549046705943
15,0.253,0.018,-0.35,-2.856,-9.761,1.009,1549046705962
15,0.24,-0.004,-0.349,-2.741,-10.097,0.628,1549046705983
15,0.295,-0.035,-0.379,-2.562,-9.67,-1.233,1549046706003
15,0.368,-0.038,-0.391,-2.658,-9.704,-0.901,1549046706022
16,0.327,0.014,-0.375,-2.48,-10.17,0.797,1549046706043
16,0.245,-0.002,-0.398,-2.681,-10.374,1.14,1549046706063
16,0.253,-0.072,-0.386,-2.74,-10.126,0.032,1549046706083
16,0.299,-0.14,-0.378,-2.908,-9.213,0.026,1549046706103
16,0.195,-0.16,-0.334,-2.321,-10.309,0.265,1549046706123
16,0.047,-0.114,-0.291,-2.096,-10.609,0.415,1549046706143
16,0.05,-0.072,-0.27,-1.886,-10.156,0.423,1549046706163
16,0.108,-0.115,-0.274,-1.757,-10.212,-0.001,1549046706183
16,0.096,-0.107,-0.253,-2.155,-10.115,1.087,1549046706203
16,0.1,-0.043,-0.218,-1.918,-10.316,0.203,1549046706223
16,-0.044,-0.056,-0.195,-2.177,-10.258,0.91,1549046706243
17,-0.11,-0.104,-0.193,-1.842,-10.686,-0.119,1549046706263
17,0.046,-0.176,-0.191,-1.404,-9.509,-0.641,1549046706283
17,0.186,-0.166,-0.178,-1.642,-10.264,0.207,1549046706303
17,0.088,-0.121,-0.146,-1.694,-10.326,0.568,1549046706324
17,0.005,-0.105,-0.131,-1.795,-10.443,0.841,1549046706343
17,-0.064,-0.105,-0.124,-1.983,-10.064,0.973,1549046706364
17,0.006,-0.136,-0.142,-1.8,-9.651,0.665,1549046706383
17,-0.036,-0.073,-0.127,-1.683,-10.124,0.259,1549046706404
17,-0.047,-0.027,-0.117,-1.924,-9.64,1.005,1549046706423
17,0.03,-0.01,-0.132,-1.431,-10.273,1.18,1549046706444
17,0.004,-0.054,-0.128,-1.301,-10.165,0.971,1549046706463
18,0.203,-0.066,-0.158,-1.035,-10.151,0.435,1549046706483
18,0.299,-0.077,-0.189,-0.988,-9.686,0.243,1549046706503
18,0.288,-0.037,-0.206,-1.225,-9.948,0.595,1549046706524
18,0.029,-0.043,-0.197,-1.243,-10.084,0.818,1549046706543
18,-0.017,-0.089,-0.187,-1.232,-10.168,0.091,1549046706564
18,0.144,-0.114,-0.189,-1.224,-9.403,0.276,1549046706583
18,0.174,-0.05,-0.16,-1.137,-9.651,0.441,1549046706604
18,-0.026,0.003,-0.131,-1.069,-10.445,0.317,1549046706624
18,-0.073,0.014,-0.132,-1.007,-10.375,0.367,1549046706644
18,-0.018,-0.032,-0.164,-1.156,-10.165,0.581,1549046706664
18,-0.008,-0.055,-0.171,-1.235,-9.953,0.57,1549046706683
18,-0.094,-0.072,-0.161,-1.303,-10.107,0.612,1549046706704
18,-0.115,-0.098,-0.136,-1.206,-10.12,0.593,1549046706723
18,-0.102,-0.118,-0.112,-0.916,-10.287,0.383,1549046706743
18,-0.138,-0.121,-0.086,-0.955,-10.552,0.543,1549046706764
18,-0.161,-0.108,-0.074,-1.024,-10.52,0.605,1549046706784
19,-0.11,-0.067,-0.067,-1.067,-10.059,0.58,1549046706804
19,-0.091,-0.034,-0.059,-1.164,-10.148,0.837,1549046706823
19,-0.157,0.008,-0.017,-1.022,-10.63,0.749,1549046706844
19,-0.123,0.045,-0.015,-1.112,-10.531,1.127,1549046706864
19,-0.119,0.056,-0.024,-1.085,-10.036,0.385,1549046706884
19,-0.063,0.079,-0.013,-0.993,-10.475,0.893,1549046706904
19,-0.081,0.035,-0.019,-0.844,-10.43,0.935,1549046706924
19,-0.017,0.022,-0.053,-0.906,-10.335,0.953,1549046706944
19,0.009,0.029,-0.062,-1.004,-10.246,0.705,1549046706964
19,0.046,0.017,-0.072,-0.947,-10.118,-0.277,1549046706984
19,0.028,0.007,-0.077,-1.036,-10.246,0.161,1549046707004
19,-0.031,-0.027,-0.081,-0.815,-10.534,0.452,1549046707024
20,-0.038,-0.073,-0.078,-0.84,-10.107,0.591,1549046707044
20,0.005,-0.085,-0.055,-1.023,-10.245,0.383,1549046707065
20,0.014,-0.051,-0.047,-0.89,-10.132,0.471,1549046707084
20,-0.005,-0.01,-0.054,-0.906,-10.142,0.602,1549046707104
20,-0.037,-0.001,-0.045,-0.751,-10.229,0.176,1549046707124
20,0.039,-0.007,-0.037,-0.797,-10.156,0.142,1549046707144
20,0.057,-0.035,-0.039,-0.941,-10.061,0.924,1549046707164
20,-0.07,-0.054,-0.042,-0.73,-10.596,0.725,1549046707184
20,-0.015,-0.026,-0.073,-0.765,-9.923,0.476,1549046707204
20,0.137,0.008,-0.101,-0.753,-10.142,0.64,1549046707224
20,0.095,0.006,-0.102,-0.529,-10.598,0.433,1549046707244
21,-0.079,-0.035,-0.113,-0.756,-10.029,0.11,1549046707264
21,-0.164,-0.047,-0.114,-0.892,-9.858,-0.071,1549046707284
21,-0.243,-0.085,-0.114,-0.735,-10.116,0.315,1549046707304
21,-0.133,-0.137,-0.134,-0.561,-10.174,0.627,1549046707324
21,-0.058,-0.146,-0.156,-0.586,-10.421,0.805,1549046707344
21,-0.182,-0.155,-0.176,-0.261,-10.326,0.396,1549046707364
21,-0.322,-0.089,-0.17,-0.738,-9.889,-0.549,1549046707384
21,-0.517,-0.004,-0.095,-0.843,-9.838,-0.383,1549046707404
21,-0.6,-0.058,-0.078,-0.496,-10.167,0.129,1549046707425
21,-0.555,-0.116,-0.088,-0.318,-10.062,0.52,1549046707444
21,-0.515,-0.16,-0.105,-0.541,-10.49,0.691,1549046707464
22,-0.536,-0.155,-0.136,-0.684,-10.664,-0.11,1549046707484
22,-0.501,-0.121,-0.155,-0.436,-10.75,-0.336,1549046707505
22,-0.31,-0.089,-0.11,-0.58,-9.82,-0.228,1549046707525
22,-0.166,-0.017,-0.083,-0.76,-10.022,-0.06,1549046707544
22,-0.393,-0.032,-0.062,-0.654,-10.584,-0.272,1549046707564
22,-0.634,-0.124,-0.074,-0.09,-10.287,-0.247,1549046707584
22,-0.407,-0.132,-0.098,-0.369,-10.17,-0.898,1549046707605
22,0.206,-0.02,-0.169,-0.663,-9.613,-0.492,1549046707625
22,0.062,-0.051,-0.169,-0.408,-10.629,-1.603,1549046707644
22,-0.315,-0.151,-0.159,-0.16,-11.136,-0.972,1549046707665
22,-0.423,-0.105,-0.067,-0.164,-11.386,-0.89,1549046707684
22,-0.13,-0.103,-0.041,-0.248,-10.41,-0.471,1549046707705
22,0.381,0.0,-0.06,-0.166,-9.761,-0.587,1549046707724
23,0.364,0.03,-0.053,-0.16,-9.576,-1.499,1549046707744
23,0.281,-0.001,-0.081,-0.343,-9.793,-1.463,1549046707764
23,0.237,-0.01,-0.074,-0.159,-9.889,-1.075,1549046707784
23,0.504,-0.056,-0.125,-0.204,-9.98,-0.319,1549046707805
23,0.519,-0.074,-0.151,-0.177,-10.129,-0.24,1549046707825
23,0.401,-0.086,-0.153,-0.309,-10.228,-0.426,1549046707844
23,0.258,-0.002,-0.095,-0.383,-11.046,-1.092,1549046707865
23,0.199,0.084,0.002,-0.197,-11.387,-0.207,1549046707886
23,0.662,0.244,0.064,-0.35,-9.471,0.547,1549046707904
23,0.778,0.322,0.044,-0.48,-9.551,-0.654,1549046707924
23,0.517,0.22,0.04,-0.323,-10.266,-1.611,1549046707944
23,0.441,0.136,0.068,0.146,-9.848,-0.877,1549046707964
23,0.79,0.176,0.129,-0.096,-8.839,0.549,1549046707984
23,0.112,0.307,0.288,-0.149,-10.55,-0.51,1549046708005
24,-0.524,0.179,0.23,-0.552,-10.289,0.305,1549046708025
24,0.05,0.265,0.175,-0.619,-10.354,0.866,1549046708044
24,0.53,0.319,0.166,-0.324,-10.384,1.382,1549046708064
24,0.633,0.406,0.144,-0.455,-10.246,1.878,1549046708085
24,0.241,0.36,0.131,-0.571,-10.337,0.823,1549046708104
24,-0.237,0.332,0.166,-0.643,-9.89,0.583,1549046708124
24,-0.271,0.349,0.147,-0.587,-10.102,0.99,1549046708144
24,-0.121,0.265,0.084,-0.793,-10.265,1.704,1549046708165
24,-0.228,0.145,0.032,-0.496,-10.913,0.792,1549046708185
24,-0.295,0.087,0.011,-0.584,-10.655,0.415,1549046708204
24,-0.046,0.18,0.045,-0.643,-10.366,1.059,1549046708224
24,0.063,0.228,0.053,-0.698,-10.193,0.73,1549046708245
24,-0.029,0.203,0.038,-0.749,-10.231,0.038,1549046708265
25,-0.149,0.182,0.038,-0.6,-10.365,-0.19,1549046708285
25,-0.106,0.195,0.067,-0.349,-10.366,0.498,1549046708305
25,0.037,0.152,0.051,-0.663,-10.097,1.123,1549046708325
25,0.085,0.103,0.016,-0.636,-9.83,0.472,1549046708344
25,-0.027,0.062,0.005,-0.431,-10.274,-0.404,1549046708365
25,0.063,0.111,0.019,-0.668,-10.205,0.37,1549046708385
25,0.278,0.163,0.025,-0.713,-10.421,1.178,1549046708405
25,-0.084,0.058,-0.022,-0.913,-10.037,0.835,1549046708425
25,-0.262,-0.012,-0.046,-0.697,-9.973,0.022,1549046708444
25,-0.105,-0.065,-0.076,-0.71,-10.18,0.283,1549046708465
25,0.201,-0.022,-0.081,-0.549,-10.47,0.721,1549046708485
25,0.221,-0.006,-0.057,-0.672,-10.247,0.161,1549046708504
26,-0.002,-0.012,-0.014,-0.731,-9.868,0.076,1549046708525
26,-0.062,-0.017,-0.014,-0.596,-10.314,0.129,1549046708545
26,0.028,-0.018,-0.018,-0.632,-10.365,0.496,1549046708565
26,0.077,-0.011,-0.008,-0.637,-10.164,0.647,1549046708585
26,0.002,-0.002,0.011,-0.499,-10.216,0.211,1549046708605
26,-0.079,-0.018,0.009,-0.535,-10.107,0.121,1549046708625
26,-0.018,-0.006,0.009,-0.582,-9.98,0.526,1549046708645
26,0.012,0.017,0.011,-0.688,-10.24,0.467,1549046708665
26,-0.014,0.011,0.007,-0.822,-10.015,0.23,1549046708685
26,-0.029,0.004,0.004,-0.587,-10.046,0.38,1549046708705
26,0.001,-0.003,-0.011,-0.396,-10.231,0.379,1549046708725
26,0.011,-0.012,-0.021,-0.603,-10.059,0.457,1549046708745
26,-0.002,-0.006,-0.026,-0.573,-10.456,0.414,1549046708765
26,-0.055,-0.029,-0.034,-0.493,-10.552,0.393,1549046708786
27,0.0,-0.022,-0.014,-0.568,-9.986,0.434,1549046708805
27,0.03,0.001,0.011,-0.624,-10.171,0.583,1549046708825
27,0.008,-0.032,0.006,-0.529,-10.416,0.66,1549046708845
27,0.017,-0.048,0.003,-0.377,-10.402,0.922,1549046708865
27,0.046,-0.055,0.008,-0.527,-10.187,0.95,1549046708886
27,-0.03,-0.151,0.017,-0.749,-9.735,0.484,1549046708905
27,-0.167,-0.195,0.01,-0.682,-9.834,-0.019,1549046708925
27,-0.241,-0.113,0.082,-0.691,-9.847,0.158,1549046708945
27,-0.286,0.019,0.145,-1.111,-10.367,0.93,1549046708966
27,-1.479,0.245,0.272,-1.131,-11.78,-0.614,1549046708986
27,-1.434,0.201,0.317,-1.274,-10.481,-0.881,1549046709005
28,-0.81,0.37,0.324,-1.383,-9.649,-0.993,1549046709025
28,-0.576,0.455,0.348,-1.455,-8.907,-0.961,1549046709045
28,-0.649,0.435,0.327,-1.275,-9.439,-0.292,1549046709066
28,-1.135,0.442,0.317,-1.135,-11.664,-0.993,1549046709085
28,-0.868,0.361,0.307,-0.79,-9.607,-1.192,1549046709105
28,0.186,0.267,0.271,-0.826,-9.657,-0.985,1549046709125
28,0.033,0.217,0.313,-0.961,-9.719,-1.043,1549046709146
28,-0.229,0.161,0.34,-1.13,-10.059,-2.055,1549046709166
28,-0.345,0.107,0.32,-1.435,-10.016,-1.768,1549046709185
28,-0.227,0.06,0.322,-1.514,-9.689,-1.716,1549046709206
28,-0.205,-0.01,0.339,-1.531,-9.504,-1.532,1549046709226
29,-0.326,0.008,0.35,-1.529,-10.03,-1.504,1549046709245
29,-0.288,0.045,0.35,-1.494,-10.249,-1.566,1549046709266
29,-0.533,0.117,0.406,-1.38,-10.265,-2.017,1549046709286
29,-1.02,0.234,0.389,-1.67,-10.418,-3.117,1549046709305
29,-0.928,0.275,0.32,-2.264,-9.473,-2.892,1549046709326
29,-0.549,0.235,0.278,-2.499,-9.828,-2.243,1549046709346
29,-0.455,0.159,0.221,-2.161,-10.073,-2.181,1549046709366
29,-0.399,0.075,0.15,-2.051,-9.788,-2.33,1549046709386
29,-0.464,0.03,0.087,-2.076,-9.667,-2.032,1549046709406
29,-0.339,0.026,0.065,-2.339,-10.336,-2.214,1549046709425
29,-0.245,0.0,0.029,-1.869,-10.186,-1.422,1549046709445
29,-0.376,0.019,0.032,-1.56,-11.616,-2.316,1549046709465
29,-0.613,0.066,0.081,-1.836,-11.271,-3.362,1549046709486
30,-0.169,0.168,0.151,-2.396,-11.19,-3.043,1549046709505
30,-0.237,0.238,0.295,-1.893,-8.758,-2.065,1549046709526
30,-0.573,0.245,0.364,-0.298,-7.88,-3.358,1549046709546
30,-0.466,0.139,0.219,-2.386,-11.098,-3.775,1549046709566
30,-0.188,0.079,0.161,-1.416,-9.809,-3.233,1549046709586
30,-0.368,0.038,0.206,-1.517,-10.46,-3.511,1549046709605
30,-0.635,0.005,0.193,-1.965,-11.475,-3.2,1549046709625
30,-0.356,0.0,0.186,-2.388,-10.314,-3.233,1549046709645
30,0.203,0.011,0.213,-2.912,-9.363,-3.348,1549046709666
30,0.276,-0.031,0.238,-2.734,-10.255,-3.089,1549046709686
31,0.02,-0.084,0.237,-2.527,-10.667,-3.303,1549046709706
31,-0.18,-0.108,0.234,-2.24,-9.961,-3.538,1549046709726
31,-0.217,-0.108,0.247,-2.628,-9.398,-3.584,1549046709747
31,-0.233,-0.109,0.28,-2.765,-10.281,-3.731,1549046709767
31,-0.252,-0.134,0.294,-2.676,-10.468,-3.586,1549046709786
31,-0.062,-0.1,0.349,-2.855,-9.307,-3.256,1549046709806
31,0.005,-0.137,0.363,-2.93,-9.674,-3.184,1549046709826
31,-0.021,-0.181,0.351,-2.866,-9.672,-3.492,1549046709846
31,-0.009,-0.149,0.376,-3.222,-10.897,-2.544,1549046709866
31,-0.108,-0.111,0.37,-3.278,-10.644,-2.748,1549046709886
31,0.016,-0.046,0.386,-3.138,-8.809,-3.34,1549046709906
31,0.158,-0.036,0.414,-3.439,-8.66,-3.058,1549046709927
31,0.148,-0.04,0.363,-3.253,-9.987,-2.93,1549046709946
31,-0.018,-0.035,0.384,-3.283,-9.911,-2.387,1549046709966
32,0.039,0.009,0.392,-3.034,-9.768,-2.818,1549046709986
32,0.13,0.011,0.384,-3.357,-9.5,-2.541,1549046710007
32,0.136,0.048,0.337,-3.275,-9.488,-3.012,1549046710026
32,0.231,0.063,0.339,-3.238,-8.716,-2.851,1549046710046
32,0.312,0.063,0.352,-3.557,-9.766,-2.499,1549046710066
32,0.258,0.044,0.349,-3.297,-10.007,-2.442,1549046710087
32,0.186,0.035,0.333,-3.772,-9.471,-2.99,1549046710107
32,0.245,0.048,0.316,-3.509,-8.188,-3.201,1549046710127
32,0.429,0.048,0.32,-3.625,-9.417,-2.502,1549046710147
32,0.434,0.031,0.314,-3.75,-9.797,-2.292,1549046710167
32,0.401,0.071,0.307,-3.464,-8.802,-2.481,1549046710187
32,0.374,0.092,0.271,-3.488,-9.009,-2.75,1549046710206
32,0.372,0.097,0.256,-3.807,-8.612,-2.681,1549046710227
33,0.452,0.118,0.255,-3.79,-8.646,-2.374,1549046710247
33,0.435,0.124,0.265,-3.602,-9.498,-2.295,1549046710266
33,0.422,0.119,0.245,-3.735,-8.882,-2.186,1549046710287
33,0.412,0.137,0.248,-3.98,-9.17,-1.53,1549046710307
33,0.35,0.134,0.208,-3.815,-8.731,-1.953,1549046710326
33,0.443,0.135,0.201,-4.058,-8.401,-1.373,1549046710347
33,0.576,0.161,0.227,-3.822,-9.189,-1.675,1549046710367
33,0.588,0.156,0.201,-4.053,-8.962,-1.597,1549046710387
33,0.673,0.188,0.167,-4.008,-8.948,-1.318,1549046710407
33,0.591,0.2,0.143,-4.169,-8.902,-1.005,1549046710427
33,0.541,0.202,0.128,-4.115,-9.007,-1.255,1549046710447
33,0.643,0.214,0.118,-3.562,-8.981,-1.743,1549046710467
34,0.775,0.235,0.146,-3.848,-8.984,-1.928,1549046710487
34,0.771,0.231,0.126,-4.088,-8.58,-1.144,1549046710507
34,0.656,0.232,0.06,-3.825,-8.566,-1.016,1549046710527
34,0.604,0.277,0.058,-4.347,-7.932,-1.118,1549046710547
34,0.678,0.353,0.095,-3.996,-8.435,-1.853,1549046710567
34,0.711,0.328,0.075,-4.101,-8.683,-1.627,1549046710587
34,0.785,0.339,0.085,-4.314,-8.865,-0.915,1549046710607
34,0.57,0.367,0.094,-4.117,-8.731,-1.122,1549046710627
34,0.515,0.376,0.094,-4.166,-8.516,-1.354,1549046710647
34,0.561,0.335,0.084,-3.869,-8.463,-1.552,1549046710667
34,0.715,0.339,0.092,-4.39,-8.612,-0.28,1549046710687
34,0.634,0.379,0.084,-4.132,-9.204,-0.723,1549046710707
34,0.603,0.394,0.1,-3.944,-9.217,-0.751,1549046710727
34,0.66,0.444,0.13,-3.953,-8.581,-0.504,1549046710747
35,0.604,0.496,0.19,-4.021,-9.079,-0.172,1549046710767
35,0.444,0.53,0.196,-4.277,-9.223,-0.484,1549046710787
35,0.48,0.582,0.22,-4.477,-8.926,-0.372,1549046710807
35,0.498,0.647,0.241,-4.828,-8.708,-0.883,1549046710827
35,0.368,0.662,0.248,-5.384,-8.62,-0.686,1549046710847
35,0.36,0.658,0.272,-4.722,-10.116,-0.224,1549046710867
35,0.303,0.627,0.27,-4.592,-9.109,-0.08,1549046710887
35,0.404,0.638,0.291,-4.654,-9.37,-0.19,1549046710907
35,0.428,0.632,0.266,-4.453,-9.49,-0.731,1549046710927
35,0.447,0.658,0.248,-4.96,-8.51,-0.781,1549046710948
35,0.497,0.672,0.235,-5.306,-8.415,-0.405,1549046710967
35,0.559,0.624,0.219,-5.012,-9.572,-0.255,1549046710987
36,0.472,0.568,0.225,-5.072,-8.397,0.049,1549046711008
36,0.368,0.569,0.219,-4.971,-8.982,-0.349,1549046711027
36,0.306,0.557,0.178,-5.048,-8.804,-0.596,1549046711047
36,0.34,0.527,0.129,-5.077,-8.246,-0.58,1549046711067
36,0.239,0.542,0.111,-4.956,-8.391,-0.668,1549046711087
36,0.164,0.569,0.137,-5.411,-8.582,-0.255,1549046711107
36,0.197,0.538,0.185,-5.452,-8.81,-0.182,1549046711128
36,0.255,0.521,0.207,-5.278,-8.37,-0.746,1549046711147
36,0.321,0.537,0.196,-5.133,-8.497,-0.821,1549046711168
36,0.259,0.516,0.164,-5.31,-8.966,-0.422,1549046711188
36,0.179,0.52,0.135,-5.418,-8.237,-0.841,1549046711208
36,0.019,0.505,0.1,-5.599,-8.412,-0.472,1549046711228
37,0.008,0.531,0.081,-5.719,-7.908,-0.345,1549046711248
37,0.104,0.511,0.078,-5.704,-8.743,-0.136,1549046711268
37,0.152,0.503,0.05,-5.59,-8.859,-0.08,1549046711288
37,0.027,0.464,-0.027,-5.569,-7.687,-1.146,1549046711308
37,-0.047,0.459,-0.054,-5.369,-7.957,-1.216,1549046711328
37,0.121,0.464,-0.083,-5.855,-7.927,-0.239,1549046711347
37,0.334,0.424,-0.109,-5.781,-8.67,0.238,1549046711368
37,0.192,0.343,-0.17,-5.181,-9.434,-0.148,1549046711388
37,0.183,0.28,-0.261,-5.527,-7.764,-0.21,1549046711408
37,0.365,0.315,-0.293,-5.229,-6.958,-1.115,1549046711428
37,0.456,0.364,-0.294,-5.034,-8.192,-1.343,1549046711447
37,0.303,0.395,-0.344,-5.227,-8.759,-0.365,1549046711468
37,0.137,0.367,-0.391,-4.345,-9.063,-1.33,1549046711487
37,0.144,0.33,-0.451,-4.199,-8.249,-1.584,1549046711508
38,0.399,0.333,-0.465,-4.959,-7.777,-1.021,1549046711528
38,0.278,0.338,-0.467,-5.473,-8.764,-0.054,1549046711547
38,0.131,0.371,-0.484,-4.528,-9.029,-0.93,1549046711568
38,0.203,0.31,-0.479,-3.871,-9.189,-1.434,1549046711588
38,0.234,0.244,-0.481,-4.069,-8.533,-1.291,1549046711608
38,0.265,0.291,-0.469,-4.23,-8.534,-1.586,1549046711628
38,0.228,0.34,-0.452,-4.53,-8.878,-0.997,1549046711648
38,-0.189,0.309,-0.437,-4.834,-8.956,-0.871,1549046711668
38,-0.497,0.192,-0.41,-4.272,-10.395,-1.875,1549046711688
38,-0.432,0.162,-0.377,-4.338,-9.738,-0.076,1549046711707
38,-0.121,0.158,-0.376,-3.916,-9.188,-1.064,1549046711728
38,-0.049,0.119,-0.365,-3.878,-9.104,-0.792,1549046711748
39,-0.066,0.125,-0.378,-4.279,-9.322,-0.921,1549046711768
39,-0.197,0.105,-0.406,-4.284,-9.407,-1.6,1549046711788
39,-0.266,0.095,-0.415,-4.007,-9.952,-1.45,1549046711808
39,-0.356,0.016,-0.437,-4.101,-8.487,-1.618,1549046711828
39,-0.175,-0.018,-0.373,-4.271,-8.252,-0.735,1549046711848
39,-0.187,-0.061,-0.272,-4.524,-9.82,-0.733,1549046711868
39,-0.342,-0.084,-0.238,-4.004,-10.81,-1.185,1549046711888
39,-0.396,0.007,-0.313,-3.934,-9.721,-1.166,1549046711908
39,-0.402,0.041,-0.351,-3.991,-9.204,-0.809,1549046711928
39,-0.374,0.037,-0.35,-3.965,-8.89,-0.587,1549046711948
39,-0.376,-0.022,-0.266,-3.078,-11.586,-1.418,1549046711968
39,0.0,0.045,-0.291,-3.368,-10.485,-1.566,1549046711988
40,0.227,0.066,-0.332,-3.385,-9.137,-1.515,1549046712008
40,0.07,-0.018,-0.368,-3.035,-9.932,-1.424,1549046712028
40,-0.107,-0.122,-0.374,-2.89,-8.983,-2.424,1549046712048
40,-0.081,-0.163,-0.287,-2.933,-9.496,-1.617,1549046712068
40,0.019,-0.177,-0.183,-2.899,-11.798,-0.92,1549046712088
40,0.06,-0.188,-0.203,-3.339,-11.598,0.471,1549046712108
40,0.121,-0.076,-0.202,-2.242,-9.918,-1.605,1549046712128
40,0.031,0.017,-0.177,-1.99,-9.735,-3.074,1549046712148
40,-0.057,0.071,-0.137,-2.383,-9.924,-1.863,1549046712168
40,-0.105,0.075,-0.099,-2.489,-10.892,-1.211,1549046712188
40,0.1,-0.037,-0.05,-2.478,-10.731,-0.62,1549046712209
40,0.212,-0.182,-0.033,-2.582,-10.648,-0.687,1549046712229
40,0.202,-0.226,-0.003,-2.632,-9.567,-1.404,1549046712249
41,0.009,-0.13,0.019,-2.787,-9.557,-0.987,1549046712268
41,-0.023,-0.024,0.035,-3.077,-9.673,-0.945,1549046712289
41,0.01,0.027,0.107,-3.332,-10.328,-0.828,1549046712309
41,0.014,0.009,0.142,-3.187,-10.197,-0.754,1549046712329
41,0.137,0.006,0.098,-2.734,-9.667,-1.365,1549046712348
41,0.154,-0.011,0.05,-2.468,-9.557,-1.388,1549046712369
41,0.175,-0.056,0.001,-2.721,-9.605,-1.358,1549046712389
41,0.083,-0.106,0.017,-2.756,-10.017,-0.952,1549046712409
41,0.081,-0.095,-0.004,-2.877,-9.81,-0.948,1549046712429
41,0.051,-0.096,-0.026,-2.883,-9.089,-1.179,1549046712449
41,0.036,-0.044,-0.018,-2.681,-9.716,-1.396,1549046712468
41,-0.002,0.008,-0.016,-2.743,-9.879,-1.459,1549046712489
41,0.0,0.004,-0.017,-2.671,-9.998,-1.474,1549046712508
41,0.003,-0.012,-0.031,-2.789,-9.588,-1.26,1549046712529
42,0.022,-0.027,-0.03,-2.899,-9.629,-0.956,1549046712549
42,0.078,-0.027,-0.025,-3.165,-9.892,-0.496,1549046712568
42,0.098,-0.008,-0.047,-2.889,-10.233,-0.912,1549046712589
42,0.013,-0.038,-0.069,-2.84,-9.903,-1.478,1549046712609
42,0.002,-0.097,-0.066,-2.922,-9.766,-1.043,1549046712629
42,0.009,-0.133,-0.085,-2.759,-9.826,-0.929,1549046712649
42,0.021,-0.165,-0.122,-2.611,-10.067,-0.862,1549046712669
42,-0.01,-0.185,-0.129,-2.985,-10.318,-0.572,1549046712689
42,-0.056,-0.218,-0.113,-2.982,-10.208,-0.943,1549046712709
42,-0.031,-0.221,-0.152,-2.712,-9.657,-0.989,1549046712729
42,0.084,-0.21,-0.13,-2.55,-9.232,-0.491,1549046712749
42,0.049,-0.26,-0.108,-2.672,-9.66,-0.434,1549046712769
43,-0.008,-0.287,-0.138,-2.67,-9.698,-0.378,1549046712788
43,-0.008,-0.337,-0.146,-2.563,-9.698,-0.349,1549046712809
43,-0.051,-0.399,-0.127,-1.78,-8.925,0.02,1549046712829
43,-0.02,-0.425,-0.098,-2.985,-10.134,-0.84,1549046712849
43,0.072,-0.489,-0.16,-2.757,-10.292,-0.817,1549046712869
43,0.196,-0.572,-0.111,-2.734,-10.96,-1.017,1549046712889
43,0.155,-0.621,-0.066,-3.209,-10.323,-0.543,1549046712909
43,0.243,-0.549,-0.062,-3.184,-9.463,-0.439,1549046712929
43,0.094,-0.513,-0.013,-2.789,-9.768,-0.483,1549046712949
43,-0.06,-0.502,-0.028,-2.522,-10.367,-1.231,1549046712969
43,0.17,-0.406,-0.171,-2.731,-9.784,-1.066,1549046712989
44,0.559,-0.327,-0.197,-2.496,-9.608,-0.399,1549046713009
44,0.465,-0.301,-0.179,-2.433,-10.079,-0.478,1549046713029
44,0.212,-0.278,-0.182,-2.574,-10.667,-1.13,1549046713049
44,0.203,-0.226,-0.244,-2.375,-10.209,-0.964,1549046713068
44,0.46,-0.186,-0.277,-1.805,-8.976,0.312,1549046713089
44,0.553,-0.143,-0.147,-2.225,-9.515,-0.157,1549046713108
44,0.235,-0.153,-0.089,-2.437,-9.755,-0.473,1549046713130
44,0.293,-0.096,-0.125,-2.376,-9.655,-0.048,1549046713149
44,0.443,-0.1,-0.148,-2.054,-10.428,0.343,1549046713170
44,0.439,-0.141,-0.172,-2.326,-10.123,0.198,1549046713189
44,0.359,-0.095,-0.15,-2.467,-10.335,0.107,1549046713209
44,0.166,-0.077,-0.123,-2.52,-10.136,0.673,1549046713229
45,0.132,-0.032,-0.053,-2.23,-10.011,1.172,1549046713249
45,0.226,-0.059,-0.033,-2.237,-9.607,0.887,1549046713269
45,0.43,-0.018,-0.1,-2.215,-10.005,0.396,1549046713289
45,0.359,0.003,-0.114,-2.051,-9.742,0.454,1549046713309
45,0.194,0.01,-0.057,-2.046,-9.592,0.472,1549046713330
45,0.128,0.002,-0.035,-2.227,-9.799,0.923,1549046713349
45,0.051,0.035,-0.026,-2.069,-10.453,0.302,1549046713369
45,0.054,0.048,-0.038,-2.121,-10.084,0.404,1549046713389
45,0.239,0.052,-0.017,-1.986,-9.63,0.746,1549046713410
45,0.308,0.066,-0.022,-2.055,-9.395,0.796,1549046713430
46,0.212,0.126,0.029,-2.061,-10.203,0.737,1549046713450
46,0.062,0.125,0.034,-2.032,-10.499,0.977,1549046713469
46,0.081,0.123,0.035,-1.919,-10.114,1.092,1549046713489
46,0.064,0.106,0.057,-2.105,-9.918,0.944,1549046713509
46,-0.049,0.068,0.048,-2.101,-9.615,0.891,1549046713530
46,0.043,0.085,0.035,-2.177,-9.789,1.034,1549046713549
46,0.181,0.115,0.041,-2.112,-9.728,0.802,1549046713569
46,0.292,0.162,0.054,-2.113,-10.087,1.252,1549046713589
46,0.135,0.098,0.022,-2.136,-10.092,1.525,1549046713609
46,0.038,0.017,-0.004,-2.159,-10.018,1.111,1549046713630
46,0.022,0.006,0.001,-2.155,-9.98,0.725,1549046713650
47,0.059,0.026,0.002,-2.051,-9.777,0.869,1549046713669
47,0.07,0.038,0.006,-2.176,-9.865,1.156,1549046713690
47,0.011,-0.002,0.004,-2.227,-9.942,0.918,1549046713709
47,0.007,-0.024,0.0,-2.143,-10.034,0.906,1549046713729
47,0.057,-0.001,0.003,-2.069,-9.848,0.889,1549046713749
47,0.027,0.004,-0.005,-2.245,-9.885,0.99,1549046713769
47,0.004,0.014,0.008,-2.28,-9.659,1.248,1549046713790
47,0.0,0.02,0.006,-2.525,-9.754,1.213,1549046713810
47,-0.033,0.022,-0.019,-2.344,-10.127,0.759,1549046713831
47,-0.003,0.03,-0.027,-2.019,-9.982,0.635,1549046713850
47,0.026,-0.001,-0.036,-2.165,-9.876,1.16,1549046713870
47,0.008,-0.031,-0.012,-1.985,-9.673,1.205,1549046713890
48,-0.025,-0.011,-0.009,-2.13,-9.883,0.679,1549046713909
48,-0.012,-0.009,-0.019,-2.306,-10.152,1.197,1549046713929
48,0.007,0.006,-0.011,-2.007,-10.132,1.423,1549046713949
48,-0.071,0.015,-0.012,-2.29,-9.929,1.26,1549046713970
48,-0.116,0.001,0.008,-2.124,-9.92,0.966,1549046713990
48,0.008,-0.006,-0.002,-2.162,-9.746,0.924,1549046714009
48,0.128,0.02,-0.01,-2.124,-9.846,0.884,1549046714029
48,0.107,0.015,-0.035,-1.911,-9.971,0.893,1549046714049
48,-0.003,-0.003,-0.02,-2.129,-9.692,1.19,1549046714069
48,-0.085,-0.012,0.003,-1.963,-10.028,1.008,1549046714090
48,-0.015,-0.018,-0.011,-2.071,-9.847,0.918,1549046714110
48,0.108,0.015,-0.012,-2.125,-9.922,0.668,1549046714130
48,0.089,0.023,-0.02,-2.206,-9.864,1.017,1549046714149
48,0.02,0.012,-0.014,-2.152,-10.112,1.518,1549046714170
49,-0.068,-0.004,-0.014,-2.088,-10.134,1.149,1549046714189
49,-0.054,-0.003,-0.019,-2.262,-9.597,0.998,1549046714209
49,0.063,0.0,-0.007,-2.213,-9.722,0.737,1549046714230
49,0.037,-0.01,-0.005,-2.154,-9.94,0.924,1549046714250
49,0.006,-0.01,0.003,-1.983,-9.911,0.94,1549046714270
49,-0.023,-0.008,0.006,-2.062,-9.954,1.156,1549046714290
49,0.0,0.005,0.01,-2.094,-9.847,1.043,1549046714310
49,0.02,0.012,0.004,-2.124,-9.773,0.947,1549046714330
49,-0.016,0.008,0.001,-2.142,-9.907,1.071,1549046714350
49,-0.065,-0.009,-0.009,-2.065,-9.826,1.405,1549046714370
49,-0.024,-0.015,-0.018,-2.214,-9.871,1.356,1549046714390
49,0.092,0.0,-0.038,-2.355,-9.977,1.021,1549046714410
49,0.119,0.023,-0.049,-2.361,-9.93,1.324,1549046714430
49,0.002,0.0,-0.034,-2.08,-9.879,0.965,1549046714450
50,-0.089,-0.029,-0.031,-1.898,-9.767,0.818,1549046714470
50,-0.014,-0.028,-0.04,-2.162,-10.007,1.002,1549046714490
50,0.027,-0.014,-0.045,-2.188,-9.854,1.224,1549046714510
50,-0.002,0.023,-0.027,-2.01,-10.079,0.964,1549046714531
50,-0.05,0.026,0.001,-1.875,-10.058,0.67,1549046714550
50,-0.115,-0.013,0.009,-1.945,-10.073,0.959,1549046714570
50,-0.101,-0.011,0.004,-2.194,-9.746,1.363,1549046714591
50,-0.08,0.02,0.014,-2.163,-9.866,1.091,1549046714610
50,-0.075,0.029,0.01,-2.121,-9.922,1.042,1549046714630
50,-0.031,0.031,0.01,-1.996,-10.028,0.802,1549046714650
50,-0.033,0.026,0.008,-1.932,-9.908,0.875,1549046714671
50,-0.028,0.022,0.032,-2.121,-9.867,0.981,1549046714690
51,-0.067,0.006,0.048,-2.133,-9.957,0.781,1549046714710
51,-0.04,-0.01,0.039,-2.038,-9.861,0.906,1549046714731
51,0.013,-0.015,0.034,-2.113,-9.816,0.936,1549046714751
51,-0.01,-0.016,0.032,-2.24,-9.947,1.043,1549046714771
51,-0.066,-0.018,0.052,-2.258,-10.091,1.018,1549046714790
51,-0.12,-0.006,0.048,-2.15,-10.072,0.891,1549046714811
51,-0.161,0.001,0.033,-2.173,-9.911,0.789,1549046714831
51,-0.208,-0.008,0.044,-2.148,-9.971,0.721,1549046714851
51,-0.172,-0.002,0.027,-2.256,-10.227,0.915,1549046714871
51,-0.244,0.03,0.045,-2.174,-10.12,0.585,1549046714891
51,-0.118,0.01,-0.007,-2.232,-9.996,0.699,1549046714910
51,0.045,0.039,-0.072,-2.083,-9.667,0.647,1549046714930
51,0.144,0.074,-0.117,-2.207,-9.817,0.687,1549046714950
51,0.105,0.077,-0.101,-2.044,-10.204,0.558,1549046714970
52,-0.023,0.119,-0.108,-1.993,-10.335,0.248,1549046714991
52,-0.047,0.208,-0.13,-2.158,-10.153,0.153,1549046715011
52,0.03,0.293,-0.154,-2.113,-10.024,0.317,1549046715031
52,-0.01,0.384,-0.132,-2.12,-10.073,0.448,1549046715051
52,-0.186,0.426,-0.11,-2.22,-10.086,0.38,1549046715070
52,-0.245,0.451,-0.128,-2.152,-9.999,0.566,1549046715091
52,-0.167,0.441,-0.131,-1.831,-9.868,0.733,1549046715111
52,0.039,0.419,-0.173,-1.764,-9.703,1.127,1549046715130
52,0.115,0.412,-0.174,-1.556,-10.202,1.039,1549046715151
52,0.035,0.367,-0.207,-1.423,-10.548,0.993,1549046715170
53,0.049,0.365,-0.21,-1.877,-10.372,0.749,1549046715191
53,0.091,0.342,-0.17,-1.857,-10.183,0.555,1549046715211
53,0.245,0.318,-0.164,-1.927,-9.739,0.633,1549046715230
53,0.153,0.338,-0.159,-1.876,-9.71,0.512,1549046715250
53,-0.076,0.326,-0.135,-1.913,-9.81,0.523,1549046715270
53,-0.2,0.333,-0.136,-1.931,-9.907,0.662,1549046715291
53,-0.204,0.326,-0.131,-1.781,-9.84,0.404,1549046715311
53,-0.159,0.298,-0.104,-1.768,-9.79,0.044,1549046715331
53,-0.016,0.303,-0.116,-1.924,-9.801,0.512,1549046715351
53,0.069,0.294,-0.148,-1.541,-10.252,0.692,1549046715371
53,0.098,0.26,-0.166,-1.764,-9.922,0.78,1549046715391
53,0.04,0.242,-0.099,-1.801,-10.176,0.464,1549046715412
53,0.002,0.185,-0.096,-1.682,-9.92,0.108,1549046715432
