pack,vx,vy,vz,ax,ay,az,time
1,0.116,-0.073,0.154,4.881,-0.476,8.413,1549047104107
1,0.125,-0.067,0.245,5.275,-0.72,8.618,1549047104126
1,0.166,-0.065,0.291,5.358,-0.402,8.569,1549047104147
1,0.223,-0.034,0.349,5.179,-0.205,8.422,1549047104166
1,0.163,0.021,0.426,4.904,-0.435,8.508,1549047104187
1,0.028,0.08,0.537,4.363,-0.189,8.683,1549047104207
1,-0.098,0.108,0.676,3.562,-0.133,8.588,1549047104227
1,-0.213,0.098,0.797,3.078,-0.329,8.621,1549047104247
1,-0.296,0.071,0.887,3.529,-0.524,8.462,1549047104267
1,-0.364,0.05,0.918,3.393,-0.866,8.38,1549047104287
1,-0.392,0.119,0.967,3.141,-1.068,8.424,1549047104306
1,-0.479,0.189,1.052,3.086,-1.535,8.501,1549047104327
1,-0.676,0.179,1.137,3.011,-1.904,8.521,1549047104347
1,-0.785,0.161,1.213,3.381,-2.325,8.616,1549047104368
2,-0.893,0.142,1.252,3.58,-2.962,9.083,1549047104387
2,-0.896,0.165,1.284,3.187,-2.593,9.087,1549047104407
2,-1.108,0.298,1.31,2.743,-3.202,9.096,1549047104427
2,-1.63,0.337,1.372,3.117,-4.406,8.718,1549047104447
2,-1.901,0.27,1.435,2.843,-5.139,7.959,1549047104467
2,-1.756,0.279,1.485,2.573,-5.834,7.718,1549047104487
2,-1.541,0.259,1.466,2.504,-5.988,7.544,1549047104507
2,-1.465,0.188,1.45,2.91,-5.83,6.791,1549047104527
2,-1.641,0.074,1.463,2.837,-6.376,6.278,1549047104547
2,-2.061,0.044,1.591,2.726,-8.245,6.123,1549047104567
3,-2.305,-0.088,1.684,2.523,-9.613,5.622,1549047104587
3,-1.988,-0.329,1.737,2.953,-9.364,5.059,1549047104607
3,-1.501,-0.533,1.713,3.193,-9.17,4.926,1549047104628
3,-1.133,-0.639,1.766,3.299,-8.729,4.993,1549047104647
3,-0.894,-0.699,1.83,2.881,-8.583,5.442,1549047104667
3,-0.934,-0.733,1.861,2.454,-8.97,5.592,1549047104687
3,-1.083,-0.823,1.909,2.417,-8.689,5.317,1549047104707
3,-1.191,-0.934,1.958,2.009,-8.29,5.17,1549047104727
3,-1.258,-0.981,2.05,1.686,-7.868,4.903,1549047104747
3,-1.36,-0.964,2.182,1.812,-8.007,5.026,1549047104767
4,-1.686,-0.918,2.183,1.837,-8.187,4.287,1549047104787
4,-1.925,-0.889,2.093,1.934,-7.769,3.734,1549047104807
4,-2.043,-0.836,2.028,2.88,-7.161,3.355,1549047104827
4,-2.414,-0.83,2.001,3.585,-7.768,2.1,1549047104847
4,-2.879,-0.889,1.994,4.228,-8.649,2.206,1549047104867
4,-3.052,-0.908,1.798,4.391,-8.741,1.843,1549047104887
4,-3.141,-1.007,1.495,3.667,-8.868,1.01,1549047104907
4,-3.316,-1.147,1.362,2.612,-10.8,0.698,1549047104927
4,-3.42,-1.353,1.305,2.125,-11.87,-0.316,1549047104947
4,-3.28,-1.525,1.071,2.115,-11.031,-1.643,1549047104967
4,-2.91,-1.522,0.85,2.222,-10.796,-2.867,1549047104988
4,-2.528,-1.442,0.86,2.05,-10.944,-3.39,1549047105008
4,-2.44,-1.336,0.861,1.336,-11.808,-4.181,1549047105027
4,-2.315,-1.488,0.842,0.783,-11.46,-5.795,1549047105048
5,-1.912,-1.635,0.76,0.189,-10.733,-5.897,1549047105067
5,-1.358,-1.601,0.77,0.162,-10.589,-4.526,1549047105087
5,-0.928,-1.681,0.784,0.251,-9.861,-3.313,1549047105107
5,-0.791,-1.579,0.724,-0.308,-8.806,-3.227,1549047105127
5,-0.972,-1.253,0.594,-0.6,-7.951,-3.434,1549047105147
5,-1.124,-1.043,0.485,-0.993,-8.727,-4.199,1549047105167
5,-1.297,-0.965,0.5,-1.351,-9.617,-4.031,1549047105187
5,-1.254,-0.948,0.56,-1.52,-9.388,-3.296,1549047105208
5,-1.211,-0.847,0.505,-1.724,-9.302,-3.838,1549047105228
5,-1.281,-0.713,0.488,-2.143,-9.889,-4.162,1549047105248
5,-1.253,-0.633,0.512,-2.024,-10.098,-4.756,1549047105268
5,-1.019,-0.714,0.557,-2.056,-10.127,-4.647,1549047105288
6,-0.989,-0.686,0.582,-2.868,-10.731,-5.0,1549047105308
6,-0.733,-0.661,0.507,-2.827,-8.56,-5.001,1549047105327
6,-0.187,-0.644,0.119,-3.249,-8.019,-4.37,1549047105347
6,-0.036,-0.539,0.145,-2.687,-7.177,-2.877,1549047105367
6,-0.497,-0.775,0.209,-1.967,-9.241,-4.763,1549047105388
6,-0.838,-0.956,0.2,-2.376,-8.259,-5.398,1549047105407
6,-0.549,-0.696,0.069,-3.002,-8.117,-5.401,1549047105427
6,-0.474,-0.48,0.152,-3.745,-9.303,-5.82,1549047105447
6,-0.576,-0.608,0.12,-4.241,-9.561,-7.099,1549047105467
6,-0.597,-0.779,0.162,-3.446,-8.509,-5.808,1549047105488
6,-0.322,-0.792,0.159,-2.605,-8.068,-2.861,1549047105508
6,-0.599,-0.737,0.35,-2.726,-8.172,-4.246,1549047105528
6,-0.459,-0.523,0.444,-3.153,-7.35,-5.81,1549047105548
6,0.0,-0.334,0.398,-3.068,-6.398,-6.061,1549047105568
7,0.12,-0.157,0.371,-4.197,-7.292,-5.085,1549047105588
7,-0.254,-0.172,0.283,-3.254,-8.564,-5.829,1549047105607
7,-0.409,-0.356,0.126,-3.557,-8.895,-5.642,1549047105628
7,-0.182,-0.137,0.183,-4.533,-6.836,-5.28,1549047105648
7,0.036,0.122,0.154,-3.867,-7.097,-5.107,1549047105668
7,-0.406,0.138,0.281,-3.358,-8.208,-4.734,1549047105688
7,-0.702,-0.051,0.348,-4.358,-8.884,-4.245,1549047105707
7,-0.669,-0.038,0.173,-5.241,-10.333,-4.476,1549047105727
7,-0.587,-0.003,0.145,-4.446,-10.291,-4.738,1549047105747
7,-0.168,-0.276,0.271,-4.459,-7.956,-4.97,1549047105767
7,0.242,-0.186,0.183,-4.057,-8.215,-5.579,1549047105788
7,0.193,-0.25,0.079,-4.058,-7.675,-5.89,1549047105807
7,0.182,-0.246,0.037,-3.811,-6.735,-5.662,1549047105828
8,0.204,-0.144,0.002,-4.32,-7.898,-4.964,1549047105848
8,0.069,-0.037,0.018,-4.762,-8.656,-4.654,1549047105868
8,0.203,-0.02,0.022,-4.948,-8.167,-4.729,1549047105888
8,0.215,0.035,0.033,-4.975,-7.43,-5.192,1549047105908
8,0.105,0.026,0.07,-4.636,-7.833,-5.37,1549047105928
8,0.051,-0.108,0.117,-4.366,-7.917,-4.858,1549047105948
8,0.075,-0.249,0.039,-3.961,-7.364,-4.846,1549047105968
8,0.01,-0.39,-0.101,-4.46,-7.152,-5.067,1549047105988
8,0.052,-0.3,-0.059,-5.585,-8.839,-3.661,1549047106008
8,-0.125,-0.143,-0.147,-6.245,-9.385,-3.756,1549047106028
8,-0.064,-0.215,-0.236,-5.881,-8.152,-4.767,1549047106048
8,0.141,-0.477,-0.156,-4.924,-7.993,-5.772,1549047106068
8,0.296,-0.49,-0.188,-4.321,-7.104,-4.591,1549047106088
9,0.269,-0.335,-0.134,-4.88,-5.528,-4.487,1549047106108
9,-0.19,-0.179,-0.159,-5.763,-7.856,-5.922,1549047106128
9,-0.632,-0.213,-0.08,-4.22,-9.05,-4.479,1549047106148
9,-0.374,-0.292,0.057,-4.208,-6.764,-4.044,1549047106168
9,-0.048,0.027,0.165,-3.606,-5.417,-4.671,1549047106188
9,-0.205,0.113,0.251,-3.69,-5.993,-5.508,1549047106208
9,-0.546,0.344,0.287,-4.449,-8.04,-5.576,1549047106228
9,-0.795,0.579,0.221,-5.563,-9.898,-6.537,1549047106248
9,-0.985,0.476,0.218,-4.891,-8.552,-5.683,1549047106268
9,-0.612,-0.101,0.254,-3.683,-7.001,-4.233,1549047106288
9,-0.386,-0.167,0.334,-4.247,-7.213,-6.535,1549047106308
10,-0.457,-0.082,0.429,-4.482,-7.062,-5.953,1549047106328
10,-0.514,-0.119,0.368,-4.674,-8.959,-4.528,1549047106348
10,-0.687,0.017,0.297,-5.353,-9.039,-5.165,1549047106368
10,-0.324,0.094,0.331,-5.233,-7.219,-4.319,1549047106388
10,0.047,0.045,0.276,-4.693,-8.346,-5.241,1549047106408
10,-0.107,-0.03,0.295,-4.445,-8.344,-5.973,1549047106428
10,0.119,-0.087,0.271,-4.134,-6.159,-5.474,1549047106448
10,0.414,0.049,0.169,-5.231,-7.569,-3.678,1549047106469
10,0.073,0.321,0.244,-6.044,-9.125,-6.315,1549047106488
10,0.249,0.041,0.213,-4.848,-7.097,-5.79,1549047106508
11,0.791,-0.338,0.118,-4.285,-7.101,-4.307,1549047106529
11,0.547,-0.291,0.068,-5.31,-7.18,-5.04,1549047106548
11,0.588,-0.075,0.084,-5.491,-7.177,-4.633,1549047106568
11,0.692,0.299,0.069,-5.815,-7.427,-5.467,1549047106588
11,0.657,0.065,0.047,-4.895,-7.129,-4.5,1549047106608
11,0.679,0.092,0.001,-4.842,-6.668,-3.846,1549047106628
11,0.671,0.231,-0.011,-5.79,-7.336,-4.882,1549047106649
11,0.633,0.312,0.02,-6.201,-6.863,-4.95,1549047106668
11,0.702,0.291,-0.076,-5.321,-7.089,-5.028,1549047106688
11,0.718,0.039,-0.119,-4.223,-6.968,-4.383,1549047106709
11,0.685,-0.012,-0.103,-4.916,-7.162,-4.359,1549047106729
11,0.525,0.144,-0.117,-5.862,-6.754,-4.548,1549047106748
11,0.63,0.33,-0.064,-6.068,-7.424,-4.231,1549047106768
11,0.56,0.319,-0.02,-5.35,-7.191,-4.717,1549047106789
12,0.586,0.031,-0.011,-5.199,-6.992,-4.31,1549047106809
12,0.568,-0.049,0.016,-4.964,-7.698,-4.941,1549047106829
12,0.438,-0.14,0.063,-4.933,-7.974,-4.375,1549047106849
12,0.464,0.003,0.094,-5.322,-7.84,-4.563,1549047106869
12,0.531,0.219,0.12,-5.137,-7.266,-3.771,1549047106889
12,0.441,0.168,0.129,-4.836,-7.33,-4.302,1549047106908
12,0.336,0.105,0.131,-5.394,-6.935,-5.478,1549047106929
12,0.246,0.138,0.162,-4.465,-6.668,-4.026,1549047106949
12,-0.117,-0.382,0.004,-5.321,-8.741,-4.185,1549047106969
12,-0.239,0.484,0.096,-6.175,-6.991,-3.187,1549047106988
13,0.186,0.148,-0.038,-5.094,-7.524,-2.293,1549047107009
13,0.039,0.169,-0.026,-5.51,-7.427,-4.785,1549047107028
13,-0.031,-0.082,0.029,-4.215,-7.777,-3.661,1549047107048
13,-0.126,-0.051,-0.005,-5.016,-8.042,-3.901,1549047107068
13,-0.153,0.211,0.023,-4.812,-8.139,-2.583,1549047107089
13,-0.047,0.267,-0.059,-5.238,-7.464,-4.125,1549047107109
13,0.084,0.158,-0.075,-4.747,-7.295,-4.193,1549047107128
13,-0.003,-0.084,-0.069,-4.677,-8.228,-4.033,1549047107148
13,-0.025,0.056,-0.086,-4.718,-8.318,-2.938,1549047107168
13,-0.04,0.117,-0.151,-4.602,-8.418,-3.451,1549047107189
13,-0.146,0.146,-0.132,-4.589,-7.9,-4.082,1549047107208
13,-0.12,0.14,0.025,-4.94,-8.002,-4.516,1549047107228
13,-0.203,0.286,0.061,-5.116,-8.322,-3.413,1549047107248
13,-0.325,0.346,0.074,-4.833,-8.277,-3.751,1549047107268
13,-0.211,0.026,0.057,-4.574,-7.855,-4.488,1549047107288
13,-0.128,0.045,-0.007,-5.331,-7.551,-4.544,1549047107309
14,-0.208,0.232,-0.036,-5.148,-7.937,-4.75,1549047107328
14,-0.259,0.098,-0.003,-5.008,-7.817,-4.371,1549047107348
14,-0.188,0.128,0.065,-4.948,-7.742,-4.472,1549047107369
14,-0.166,0.161,0.053,-5.098,-7.281,-4.852,1549047107388
14,-0.216,0.226,0.065,-5.255,-7.645,-5.173,1549047107409
14,-0.319,0.274,0.071,-4.9,-7.712,-4.671,1549047107428
14,-0.34,0.315,0.072,-5.058,-7.677,-4.733,1549047107448
14,-0.403,0.334,0.1,-4.895,-7.655,-4.664,1549047107468
14,-0.398,0.338,0.15,-4.461,-8.207,-4.678,1549047107488
14,-0.402,0.333,0.19,-5.121,-7.383,-5.389,1549047107509
14,-0.363,0.407,0.22,-5.611,-7.391,-5.623,1549047107529
14,-0.378,0.447,0.247,-5.408,-6.828,-6.073,1549047107549
14,-0.378,0.411,0.232,-5.363,-7.219,-5.462,1549047107569
14,-0.464,0.449,0.219,-5.128,-7.612,-5.693,1549047107589
15,-0.491,0.4,0.237,-4.849,-7.017,-6.028,1549047107608
15,-0.426,0.371,0.312,-5.538,-7.282,-5.697,1549047107629
15,-0.472,0.467,0.367,-5.125,-7.258,-5.726,1549047107649
15,-0.443,0.328,0.326,-4.846,-7.003,-6.259,1549047107669
15,-0.525,0.346,0.363,-6.189,-6.315,-6.717,1549047107689
15,-0.565,0.464,0.425,-5.105,-7.393,-5.557,1549047107709
15,-0.559,0.368,0.401,-4.715,-6.839,-5.547,1549047107729
15,-0.473,0.346,0.411,-5.379,-6.745,-6.104,1549047107749
15,-0.529,0.405,0.476,-5.086,-6.737,-6.39,1549047107769
15,-0.549,0.376,0.464,-5.21,-6.485,-6.227,1549047107789
15,-0.513,0.402,0.391,-5.315,-6.328,-6.285,1549047107809
15,-0.485,0.354,0.324,-4.977,-6.379,-6.447,1549047107829
15,-0.491,0.366,0.331,-5.084,-6.072,-6.612,1549047107849
15,-0.473,0.385,0.335,-5.235,-5.987,-6.621,1549047107869
15,-0.415,0.356,0.302,-4.959,-6.166,-6.605,1549047107889
16,-0.401,0.31,0.249,-4.917,-5.712,-6.92,1549047107909
16,-0.354,0.294,0.231,-5.099,-5.342,-7.17,1549047107929
16,-0.369,0.317,0.2,-4.904,-5.636,-7.026,1549047107949
16,-0.375,0.309,0.172,-4.76,-5.47,-7.016,1549047107970
16,-0.341,0.291,0.15,-4.991,-4.821,-7.746,1549047107989
16,-0.325,0.309,0.193,-5.135,-5.015,-7.585,1549047108010
16,-0.307,0.334,0.185,-4.848,-4.918,-7.179,1549047108030
16,-0.332,0.241,0.134,-4.852,-5.083,-7.619,1549047108050
16,-0.389,0.246,0.142,-4.839,-4.445,-7.675,1549047108070
16,-0.294,0.244,0.159,-4.78,-4.619,-7.871,1549047108090
16,-0.272,0.258,0.165,-4.31,-5.02,-7.673,1549047108109
16,-0.293,0.244,0.111,-4.886,-4.542,-7.666,1549047108129
17,-0.302,0.305,0.118,-4.772,-4.582,-7.995,1549047108149
17,-0.263,0.223,0.069,-4.745,-4.901,-7.385,1549047108169
17,-0.282,0.223,-0.011,-4.621,-4.777,-7.725,1549047108190
17,-0.257,0.147,-0.097,-4.358,-4.789,-8.383,1549047108209
17,-0.212,0.15,-0.111,-4.343,-4.651,-8.757,1549047108230
17,-0.295,0.175,-0.078,-4.737,-4.646,-8.553,1549047108250
17,-0.262,0.243,-0.059,-4.965,-4.12,-8.484,1549047108269
17,-0.306,0.145,-0.06,-4.492,-4.746,-8.295,1549047108290
17,-0.433,0.131,-0.028,-4.485,-4.636,-8.079,1549047108310
17,-0.475,0.121,-0.011,-4.781,-4.26,-9.063,1549047108330
17,-0.529,0.154,0.034,-4.959,-4.561,-8.963,1549047108350
18,-0.599,0.18,0.117,-4.507,-4.164,-8.357,1549047108370
18,-0.623,0.109,0.127,-4.286,-4.509,-8.101,1549047108389
18,-0.732,0.137,0.173,-4.559,-4.461,-6.929,1549047108410
18,-1.195,0.247,0.267,-5.619,-4.635,-7.087,1549047108430
18,-0.825,0.188,0.19,-5.108,-4.853,-7.845,1549047108450
18,-0.47,0.004,0.174,-4.981,-4.69,-8.049,1549047108470
18,-0.293,0.028,0.088,-4.492,-3.769,-8.281,1549047108490
18,-0.098,0.052,0.051,-4.411,-3.812,-8.828,1549047108510
18,-0.102,0.111,0.041,-4.304,-3.839,-8.413,1549047108530
18,-0.189,0.051,-0.003,-5.061,-3.85,-8.153,1549047108550
18,-0.225,0.161,0.0,-4.739,-4.027,-8.552,1549047108570
18,-0.174,0.004,0.033,-3.976,-3.733,-8.732,1549047108590
19,-0.181,0.019,0.056,-4.67,-3.923,-8.777,1549047108610
19,-0.141,0.06,0.023,-3.786,-3.678,-9.058,1549047108630
19,-0.156,-0.011,-0.031,-4.121,-3.85,-8.843,1549047108650
19,-0.208,0.089,-0.03,-4.527,-3.621,-8.377,1549047108670
19,-0.182,0.064,-0.021,-4.069,-3.59,-9.01,1549047108689
19,-0.134,0.022,-0.07,-3.998,-4.116,-8.944,1549047108710
19,-0.153,0.096,-0.041,-4.108,-3.939,-7.812,1549047108730
19,-0.1,0.098,0.012,-3.986,-3.737,-8.647,1549047108750
19,-0.026,0.054,-0.042,-4.342,-3.521,-8.684,1549047108770
19,-0.075,0.099,-0.078,-3.545,-3.496,-8.626,1549047108790
19,-0.185,-0.016,-0.078,-4.076,-3.684,-9.325,1549047108810
19,-0.115,0.089,-0.037,-3.858,-2.773,-9.081,1549047108830
19,-0.078,0.07,-0.107,-4.009,-3.322,-8.895,1549047108850
20,-0.16,0.133,-0.165,-4.317,-3.032,-9.009,1549047108870
20,-0.103,0.16,-0.171,-4.53,-2.521,-8.689,1549047108890
20,-0.055,0.117,-0.146,-4.267,-3.017,-8.845,1549047108910
20,-0.024,0.087,-0.178,-3.858,-3.38,-9.341,1549047108930
20,-0.073,0.146,-0.153,-4.392,-2.443,-9.586,1549047108950
20,-0.108,0.189,-0.087,-3.883,-2.8,-9.447,1549047108969
20,-0.198,0.128,-0.054,-4.608,-3.362,-9.327,1549047108990
20,-0.23,0.218,-0.065,-3.617,-2.815,-10.221,1549047109010
20,-0.225,0.067,-0.264,-4.217,-2.756,-9.045,1549047109029
20,-0.341,0.223,-0.193,-4.197,-2.839,-9.445,1549047109050
20,-0.39,0.025,-0.121,-3.354,-3.068,-10.542,1549047109070
20,-0.404,0.053,-0.082,-3.422,-2.813,-9.869,1549047109090
20,-0.478,0.145,-0.029,-3.845,-3.345,-9.175,1549047109110
21,-0.633,0.091,-0.013,-3.828,-2.808,-9.627,1549047109130
21,-0.643,0.007,-0.045,-4.19,-2.407,-9.433,1549047109150
21,-0.698,0.073,-0.074,-4.039,-2.695,-9.069,1549047109169
21,-0.674,0.024,-0.05,-3.928,-1.904,-9.407,1549047109189
21,-0.628,-0.013,-0.078,-3.95,-2.395,-9.558,1549047109210
21,-0.658,0.026,-0.099,-3.706,-2.554,-9.222,1549047109230
21,-0.573,0.015,-0.113,-3.454,-2.827,-9.177,1549047109250
21,-0.491,0.006,-0.132,-3.287,-2.532,-8.791,1549047109270
21,-0.453,0.007,-0.173,-3.423,-3.051,-9.064,1549047109289
21,-0.438,-0.008,-0.184,-3.221,-2.926,-8.427,1549047109310
21,-0.338,-0.029,-0.225,-3.489,-2.629,-8.805,1549047109330
21,-0.361,-0.093,-0.265,-3.36,-2.355,-9.109,1549047109350
21,-0.318,-0.071,-0.285,-3.554,-1.543,-10.102,1549047109370
21,-0.238,-0.072,-0.312,-3.479,-2.042,-9.41,1549047109390
22,-0.244,-0.08,-0.363,-3.362,-2.048,-10.259,1549047109410
22,-0.266,-0.109,-0.386,-3.578,-1.938,-9.421,1549047109430
22,-0.225,-0.029,-0.375,-4.226,-1.974,-8.951,1549047109451
22,-0.219,-0.079,-0.39,-4.095,-1.304,-9.833,1549047109471
22,-0.212,-0.092,-0.375,-4.261,-1.41,-9.842,1549047109491
22,-0.363,-0.02,-0.303,-4.496,-1.892,-9.36,1549047109510
22,-0.298,-0.048,-0.307,-4.322,-1.446,-9.821,1549047109530
22,-0.161,-0.078,-0.305,-4.498,-1.467,-9.966,1549047109551
22,-0.276,-0.03,-0.239,-3.903,-2.116,-9.383,1549047109571
22,-0.319,-0.085,-0.191,-3.896,-2.079,-9.501,1549047109591
22,-0.277,-0.056,-0.148,-4.413,-1.806,-10.09,1549047109610
22,-0.314,-0.01,-0.074,-3.695,-1.973,-9.757,1549047109630
23,-0.399,-0.114,-0.049,-2.831,-2.869,-9.238,1549047109650
23,-0.415,-0.13,-0.1,-3.681,-2.836,-8.835,1549047109670
23,-0.325,-0.043,-0.095,-3.52,-1.731,-9.193,1549047109691
23,-0.249,-0.104,-0.078,-3.531,-1.887,-9.234,1549047109710
23,-0.356,-0.049,-0.042,-3.87,-2.362,-9.287,1549047109730
23,-0.301,-0.027,-0.081,-3.922,-1.449,-9.794,1549047109751
23,-0.034,-0.075,-0.126,-3.597,-1.486,-9.377,1549047109771
23,-0.099,-0.053,-0.105,-4.257,-1.948,-9.561,1549047109791
23,-0.13,-0.026,-0.107,-4.111,-1.335,-9.511,1549047109811
23,0.026,0.001,-0.125,-4.057,-1.521,-9.797,1549047109830
23,-0.051,0.0,-0.048,-4.147,-1.471,-9.616,1549047109851
24,-0.04,0.01,-0.023,-4.242,-1.429,-9.191,1549047109871
24,0.082,0.0,-0.056,-4.391,-1.609,-9.634,1549047109891
24,-0.002,-0.043,-0.054,-4.109,-1.399,-9.428,1549047109910
24,0.086,-0.069,-0.029,-3.96,-1.478,-9.294,1549047109931
24,0.146,-0.051,-0.015,-4.139,-1.579,-9.572,1549047109951
24,0.126,-0.042,-0.021,-3.348,-1.556,-10.27,1549047109971
24,0.103,-0.097,-0.005,-4.113,-1.723,-9.222,1549047109991
24,0.163,0.015,0.038,-4.057,-1.676,-8.863,1549047110011
24,0.235,-0.101,-0.036,-2.953,-1.772,-8.922,1549047110031
24,0.115,-0.183,-0.048,-3.822,-2.066,-9.363,1549047110051
24,0.155,-0.032,0.008,-4.064,-1.461,-9.113,1549047110071
24,0.313,-0.017,0.002,-3.894,-1.24,-9.475,1549047110091
25,0.352,-0.1,-0.084,-3.325,-2.075,-9.24,1549047110111
25,0.357,-0.061,-0.116,-3.647,-1.615,-9.346,1549047110130
25,0.373,-0.105,-0.131,-3.789,-1.193,-9.833,1549047110151
25,0.383,-0.042,-0.117,-3.92,-1.913,-9.59,1549047110171
25,0.373,-0.03,-0.12,-3.423,-1.454,-9.34,1549047110190
25,0.361,-0.084,-0.162,-3.838,-0.84,-9.888,1549047110210
25,0.219,-0.104,-0.186,-4.301,-1.628,-10.052,1549047110230
25,0.192,-0.032,-0.17,-3.858,-1.025,-9.669,1549047110251
25,0.218,-0.097,-0.2,-4.593,-1.45,-9.125,1549047110271
25,0.142,-0.034,-0.218,-4.476,-1.767,-9.237,1549047110290
25,0.14,-0.16,-0.269,-4.335,-2.093,-8.38,1549047110311
25,0.101,-0.121,-0.269,-4.158,-2.582,-8.278,1549047110331
25,0.069,-0.126,-0.263,-4.18,-2.75,-8.532,1549047110351
25,0.091,-0.097,-0.191,-4.434,-2.788,-8.515,1549047110371
25,0.197,-0.064,-0.114,-4.502,-3.334,-8.564,1549047110391
26,0.277,-0.107,-0.158,-4.095,-2.926,-8.351,1549047110411
26,0.355,-0.171,-0.244,-4.363,-3.994,-8.515,1549047110431
26,0.262,-0.156,-0.241,-4.388,-3.374,-8.63,1549047110451
26,0.402,-0.149,-0.229,-4.47,-3.453,-8.477,1549047110471
26,0.48,-0.112,-0.223,-4.278,-3.753,-8.841,1549047110491
26,0.392,-0.136,-0.207,-4.092,-3.238,-9.462,1549047110511
26,0.465,-0.151,-0.151,-4.759,-3.411,-9.148,1549047110530
26,0.523,-0.037,-0.113,-4.56,-3.243,-9.064,1549047110550
26,0.483,-0.133,-0.147,-4.398,-2.79,-9.276,1549047110571
26,0.373,-0.114,-0.114,-5.102,-3.383,-9.094,1549047110590
26,0.311,-0.077,-0.086,-4.566,-3.387,-8.518,1549047110611
26,0.329,-0.164,-0.104,-4.527,-2.787,-8.515,1549047110630
27,0.256,-0.104,-0.082,-4.592,-3.482,-8.772,1549047110651
27,0.112,-0.134,-0.04,-4.292,-3.743,-8.807,1549047110671
27,0.274,-0.157,-0.052,-4.297,-3.63,-8.802,1549047110691
27,0.206,-0.057,-0.018,-4.489,-3.929,-8.501,1549047110711
27,0.246,-0.12,-0.054,-3.726,-3.724,-8.47,1549047110730
27,0.224,-0.176,-0.075,-4.242,-3.807,-8.106,1549047110750
27,0.116,-0.088,-0.053,-4.334,-4.146,-8.167,1549047110771
27,0.092,-0.145,-0.048,-4.03,-3.764,-8.628,1549047110791
27,0.196,-0.143,-0.037,-4.357,-3.796,-8.715,1549047110811
27,0.238,-0.082,-0.037,-3.985,-3.947,-8.732,1549047110831
27,0.263,-0.142,-0.065,-3.942,-3.656,-8.428,1549047110851
28,0.223,-0.075,-0.083,-4.397,-3.81,-8.816,1549047110871
28,0.147,-0.08,-0.08,-3.861,-4.081,-8.332,1549047110891
28,0.217,-0.075,-0.1,-4.303,-4.353,-7.843,1549047110911
28,0.251,-0.023,-0.106,-4.188,-3.765,-7.723,1549047110931
28,0.296,-0.077,-0.124,-4.501,-4.023,-8.234,1549047110951
28,0.295,-0.038,-0.098,-4.21,-3.783,-8.132,1549047110972
28,0.297,-0.05,-0.113,-4.215,-4.297,-8.151,1549047110992
28,0.303,-0.021,-0.151,-4.211,-4.564,-8.087,1549047111011
28,0.405,-0.051,-0.215,-3.963,-3.921,-8.15,1549047111032
28,0.415,-0.079,-0.265,-4.172,-4.553,-8.19,1549047111051
29,0.278,-0.009,-0.201,-4.492,-4.957,-8.09,1549047111071
29,0.304,-0.036,-0.218,-4.144,-4.12,-8.353,1549047111092
29,0.493,-0.131,-0.291,-4.666,-3.669,-8.495,1549047111112
29,0.419,-0.071,-0.272,-5.236,-4.456,-8.12,1549047111131
29,0.225,-0.028,-0.298,-4.928,-4.677,-8.352,1549047111151
29,0.364,-0.172,-0.318,-4.489,-4.351,-8.612,1549047111172
29,0.39,-0.178,-0.302,-4.755,-4.202,-8.571,1549047111192
29,0.278,-0.106,-0.234,-4.223,-5.477,-7.988,1549047111211
29,0.17,-0.137,-0.21,-4.332,-5.74,-7.688,1549047111231
29,0.269,-0.112,-0.253,-4.734,-5.176,-7.698,1549047111251
29,0.368,-0.117,-0.244,-4.393,-5.446,-7.82,1549047111272
29,0.246,-0.176,-0.206,-4.033,-6.078,-7.942,1549047111292
29,0.209,-0.162,-0.108,-4.322,-6.212,-7.663,1549047111311
29,0.346,-0.091,-0.1,-4.598,-5.803,-7.761,1549047111331
30,0.447,-0.121,-0.123,-4.927,-5.66,-7.305,1549047111351
30,0.405,-0.112,-0.087,-4.86,-6.288,-7.225,1549047111372
30,0.398,-0.169,-0.141,-4.37,-5.912,-7.363,1549047111392
30,0.358,-0.23,-0.152,-4.504,-5.877,-8.113,1549047111412
30,0.355,-0.196,-0.174,-4.654,-4.765,-9.029,1549047111432
30,0.403,-0.268,-0.2,-3.531,-5.148,-7.289,1549047111452
30,0.163,-0.363,-0.213,-3.069,-6.63,-6.175,1549047111472
30,0.11,-0.345,-0.244,-4.461,-5.568,-6.785,1549047111492
30,0.344,-0.108,-0.222,-4.407,-4.628,-6.34,1549047111512
30,0.309,-0.093,-0.25,-4.025,-5.971,-5.947,1549047111532
30,0.347,-0.101,-0.535,-4.72,-6.805,-6.761,1549047111552
31,0.242,0.14,-0.312,-4.616,-6.731,-6.837,1549047111571
31,0.452,-0.067,-0.383,-4.217,-6.399,-6.418,1549047111592
31,0.349,-0.154,-0.402,-3.779,-7.174,-6.54,1549047111612
31,0.207,-0.152,-0.436,-3.488,-8.134,-6.725,1549047111632
31,0.564,-0.149,-0.623,-3.773,-7.204,-6.083,1549047111652
31,0.897,-0.081,-0.519,-3.717,-6.938,-5.691,1549047111672
31,0.754,-0.139,-0.544,-3.976,-8.134,-5.771,1549047111692
31,0.794,-0.21,-0.55,-3.985,-8.365,-5.066,1549047111712
31,1.299,-0.246,-0.739,-3.711,-8.019,-4.584,1549047111732
31,1.467,-0.244,-0.813,-3.92,-8.263,-5.184,1549047111752
31,1.196,-0.2,-0.779,-4.12,-8.574,-6.174,1549047111772
31,1.198,-0.177,-0.789,-4.164,-8.61,-5.825,1549047111792
32,1.422,-0.317,-0.785,-3.991,-7.984,-5.77,1549047111812
32,1.389,-0.52,-0.836,-4.163,-7.356,-5.529,1549047111832
32,1.029,-0.472,-0.804,-4.438,-7.182,-5.647,1549047111852
32,0.553,-0.488,-0.761,-4.308,-8.103,-6.316,1549047111872
32,0.341,-0.576,-0.704,-3.917,-8.233,-6.148,1549047111892
32,0.488,-0.649,-0.61,-3.706,-8.42,-5.698,1549047111912
32,0.577,-0.541,-0.555,-3.828,-8.544,-5.751,1549047111932
32,0.594,-0.417,-0.507,-3.563,-8.224,-5.486,1549047111952
32,0.474,-0.349,-0.427,-3.802,-9.257,-5.267,1549047111972
32,0.343,-0.282,-0.286,-3.357,-9.092,-4.961,1549047111992
32,0.414,-0.322,-0.277,-2.85,-9.579,-4.702,1549047112013
32,0.326,-0.283,-0.216,-3.207,-9.04,-4.691,1549047112033
33,0.417,-0.176,-0.232,-3.444,-8.788,-4.452,1549047112052
33,0.462,-0.136,-0.207,-3.432,-8.464,-4.233,1549047112072
33,0.417,-0.149,-0.167,-3.051,-7.746,-3.4,1549047112093
33,0.339,-0.126,-0.158,-2.943,-9.175,-3.891,1549047112112
33,-0.033,-0.135,-0.056,-2.778,-9.106,-4.551,1549047112133
33,0.257,-0.093,-0.063,-2.621,-8.58,-3.536,1549047112153
33,0.403,0.058,-0.022,-2.815,-8.933,-3.461,1549047112173
33,0.242,0.04,0.012,-3.091,-9.264,-3.915,1549047112192
33,0.17,-0.017,-0.039,-3.072,-8.775,-3.593,1549047112212
33,0.175,-0.028,-0.083,-2.882,-8.762,-3.783,1549047112233
33,0.133,-0.036,-0.06,-2.945,-9.219,-3.596,1549047112253
34,0.164,0.022,0.006,-2.877,-9.315,-2.865,1549047112273
34,0.198,0.015,-0.009,-2.387,-9.221,-3.024,1549047112292
34,0.066,-0.031,-0.038,-2.587,-9.336,-3.847,1549047112313
34,0.013,0.05,-0.031,-2.731,-8.991,-3.675,1549047112332
34,0.132,0.103,0.009,-2.896,-8.909,-3.549,1549047112353
34,0.053,0.111,0.038,-2.865,-9.035,-3.525,1549047112373
34,-0.075,0.077,0.007,-2.788,-9.359,-3.668,1549047112393
34,-0.084,0.086,-0.016,-2.895,-9.207,-3.7,1549047112412
34,-0.027,0.102,-0.01,-2.871,-9.225,-3.52,1549047112433
34,-0.043,0.075,-0.005,-2.882,-9.423,-3.586,1549047112452
35,-0.097,0.025,-0.023,-2.932,-9.379,-3.736,1549047112473
35,-0.085,0.008,-0.034,-2.912,-9.164,-3.343,1549047112492
35,-0.04,0.05,-0.019,-2.833,-9.229,-3.281,1549047112513
35,-0.052,0.044,-0.002,-2.947,-9.383,-3.599,1549047112533
35,-0.043,0.038,-0.026,-2.889,-9.539,-3.799,1549047112553
35,-0.071,0.005,-0.014,-2.583,-9.751,-3.764,1549047112573
35,0.0,0.0,0.001,-2.762,-9.423,-3.444,1549047112593
35,0.121,0.042,-0.009,-2.868,-9.087,-3.819,1549047112613
35,0.097,0.014,-0.028,-2.946,-8.756,-3.91,1549047112633
35,0.083,0.052,0.0,-2.883,-8.897,-3.494,1549047112653
35,0.067,0.039,0.031,-2.902,-9.046,-3.769,1549047112673
35,0.008,0.01,-0.011,-2.97,-9.12,-3.564,1549047112693
36,-0.014,0.022,-0.03,-3.007,-9.229,-3.42,1549047112713
36,-0.07,0.018,-0.048,-3.051,-9.665,-3.58,1549047112733
36,-0.072,0.039,-0.018,-2.595,-9.34,-3.292,1549047112753
36,0.013,0.062,0.012,-2.505,-9.156,-3.518,1549047112773
36,0.008,0.08,0.005,-2.619,-9.217,-3.811,1549047112792
36,-0.013,0.073,-0.011,-2.607,-9.271,-3.378,1549047112813
36,-0.033,0.079,-0.009,-2.669,-9.541,-3.317,1549047112833
36,-0.065,0.083,-0.004,-2.891,-9.603,-3.666,1549047112853
36,-0.06,0.067,-0.007,-2.758,-9.309,-3.864,1549047112873
36,-0.002,0.048,0.003,-2.933,-8.865,-3.699,1549047112893
36,0.018,0.048,-0.002,-3.069,-8.977,-3.901,1549047112913
37,-0.017,0.022,-0.023,-2.84,-9.394,-3.552,1549047112932
37,-0.026,0.015,-0.013,-2.912,-9.608,-3.694,1549047112953
37,-0.01,0.041,-0.015,-3.127,-9.331,-3.786,1549047112972
37,0.029,0.064,-0.003,-2.915,-9.021,-3.721,1549047112993
37,-0.022,0.05,0.005,-2.824,-9.253,-3.984,1549047113013
37,-0.058,0.032,0.01,-2.937,-9.052,-3.865,1549047113033
37,0.004,0.039,0.0,-2.907,-9.078,-3.714,1549047113053
37,0.018,0.036,-0.002,-2.827,-9.002,-3.796,1549047113073
37,-0.017,0.021,-0.009,-2.74,-9.645,-4.109,1549047113093
37,-0.074,-0.01,-0.005,-2.926,-9.39,-4.029,1549047113113
37,0.029,0.016,0.01,-3.083,-8.938,-3.605,1549047113132
38,0.116,0.025,-0.021,-2.836,-9.076,-3.586,1549047113152
38,0.021,-0.001,-0.011,-2.524,-9.905,-4.032,1549047113173
38,-0.023,0.009,-0.001,-2.433,-10.126,-4.376,1549047113193
38,0.148,0.022,-0.006,-2.414,-9.797,-4.147,1549047113213
38,0.226,0.012,0.04,-2.553,-9.565,-3.988,1549047113233
38,0.156,-0.011,0.057,-2.593,-10.122,-4.966,1549047113253
38,0.343,0.036,0.043,-3.86,-10.559,-4.683,1549047113272
38,1.049,0.116,0.006,-2.801,-7.098,-1.99,1549047113293
38,1.376,-0.038,-0.08,-2.609,-8.083,-2.198,1549047113313
38,0.442,0.052,0.077,-2.701,-9.353,-3.03,1549047113333
38,0.36,0.225,0.106,-2.758,-9.995,-2.719,1549047113353
38,0.661,0.314,0.092,-2.964,-9.863,-2.502,1549047113373
38,0.529,0.223,0.17,-3.238,-8.979,-2.477,1549047113393
38,0.41,0.14,0.168,-3.456,-8.426,-2.388,1549047113414
39,0.121,-0.023,0.093,-3.014,-8.043,-2.6,1549047113433
39,-0.079,-0.141,-0.003,-2.862,-8.547,-2.416,1549047113453
39,-0.272,-0.103,-0.042,-2.487,-9.798,-2.655,1549047113473
39,-0.63,-0.113,-0.03,-2.668,-10.678,-2.821,1549047113493
39,-0.643,-0.023,-0.038,-3.102,-10.43,-3.198,1549047113513
39,-0.36,0.012,0.001,-2.862,-10.092,-3.3,1549047113533
39,0.045,-0.028,0.043,-2.956,-9.087,-2.46,1549047113553
39,0.17,0.026,0.044,-2.663,-9.147,-2.489,1549047113573
39,-0.208,-0.03,0.044,-2.749,-9.828,-3.246,1549047113593
39,-0.287,-0.041,0.034,-2.732,-9.721,-3.075,1549047113613
39,-0.113,-0.053,0.025,-2.83,-9.441,-2.85,1549047113633
39,-0.01,-0.035,0.008,-3.05,-9.441,-2.801,1549047113654
40,-0.053,-0.012,0.005,-3.009,-9.773,-2.892,1549047113673
40,-0.051,0.001,0.027,-3.393,-9.698,-3.453,1549047113694
40,0.043,0.02,0.023,-3.439,-8.896,-2.893,1549047113713
40,0.086,0.004,0.009,-2.859,-9.251,-3.081,1549047113733
40,-0.038,-0.031,0.011,-3.321,-9.436,-3.453,1549047113753
40,-0.036,-0.014,0.008,-2.887,-9.371,-2.961,1549047113773
40,0.011,-0.026,0.013,-3.264,-9.361,-2.85,1549047113793
40,-0.03,0.0,0.016,-2.793,-9.774,-3.69,1549047113813
40,-0.027,-0.018,0.024,-3.84,-9.62,-3.656,1549047113834
40,0.095,0.024,0.047,-2.693,-8.926,-2.964,1549047113854
40,0.0,-0.081,0.071,-2.634,-9.647,-2.788,1549047113873
41,-0.097,-0.032,0.084,-3.088,-9.851,-3.175,1549047113893
41,-0.081,0.003,0.087,-2.643,-9.435,-3.142,1549047113913
41,-0.012,-0.015,0.097,-3.184,-9.263,-3.099,1549047113933
41,0.033,0.026,0.096,-3.037,-9.322,-2.782,1549047113953
41,0.038,-0.014,0.08,-3.153,-9.651,-2.946,1549047113973
41,0.038,-0.002,0.07,-3.12,-9.553,-3.129,1549047113993
41,0.129,-0.014,0.063,-2.862,-9.057,-3.064,1549047114014
41,0.139,-0.018,0.042,-2.757,-9.162,-2.933,1549047114033
41,0.053,-0.015,0.047,-2.771,-9.083,-2.862,1549047114053
41,0.046,-0.006,0.031,-2.753,-9.401,-2.895,1549047114074
41,0.084,0.012,0.001,-3.052,-9.821,-2.937,1549047114093
41,0.098,0.01,0.0,-2.805,-10.547,-3.07,1549047114114
42,0.004,-0.065,0.053,-2.611,-10.321,-2.808,1549047114133
42,0.224,-0.038,0.114,-2.868,-9.275,-2.311,1549047114154
42,0.374,0.046,0.107,-3.694,-8.937,-1.821,1549047114174
42,0.135,0.13,0.124,-4.226,-9.93,-1.819,1549047114194
42,-0.362,0.225,0.226,-4.49,-10.227,-2.811,1549047114214
42,-0.425,0.235,0.204,-4.987,-10.299,-3.121,1549047114233
42,-0.024,0.317,0.26,-4.74,-9.137,-3.45,1549047114253
42,0.306,0.24,0.244,-4.314,-8.445,-3.365,1549047114274
42,0.036,0.151,0.269,-3.489,-7.256,-4.661,1549047114294
42,0.031,-0.058,0.123,-1.055,-5.603,-4.714,1549047114314
42,0.474,-0.525,-0.272,-2.121,-8.627,-3.715,1549047114334
42,-0.573,-0.184,-0.106,-2.15,-8.877,-4.129,1549047114354
42,-0.945,-0.304,-0.096,-2.204,-9.508,-3.461,1549047114374
43,-1.068,-0.278,-0.048,-2.827,-7.97,-2.836,1549047114394
43,-0.803,-0.067,-0.078,-3.716,-8.477,-4.09,1549047114414
43,-0.884,0.051,0.067,-3.429,-9.719,-5.479,1549047114434
43,-0.93,-0.031,0.187,-3.165,-9.492,-5.135,1549047114454
43,-0.559,0.012,0.147,-3.967,-8.501,-4.515,1549047114474
43,-0.448,0.098,0.129,-4.042,-6.907,-3.33,1549047114495
43,-0.674,0.017,0.196,-3.701,-8.247,-5.096,1549047114514
43,-1.33,-0.071,0.341,-3.425,-11.037,-5.762,1549047114534
43,-1.408,-0.002,0.436,-2.498,-10.858,-3.357,1549047114554
43,-0.731,-0.037,0.381,-2.522,-9.398,-3.98,1549047114574
43,-0.437,0.047,0.221,-4.188,-8.946,-5.365,1549047114594
43,-0.346,0.31,0.213,-4.095,-9.117,-4.639,1549047114615
44,-0.567,0.208,0.207,-3.545,-9.444,-4.667,1549047114634
44,-0.574,0.012,0.23,-3.637,-9.566,-4.91,1549047114654
44,-0.318,0.083,0.197,-4.054,-8.919,-5.482,1549047114675
44,-0.059,0.11,0.21,-3.954,-8.101,-5.586,1549047114695
44,-0.066,0.056,0.204,-4.66,-7.52,-6.281,1549047114714
44,-0.15,0.175,0.219,-3.902,-8.061,-5.686,1549047114734
44,-0.22,-0.002,0.231,-4.098,-8.865,-5.578,1549047114754
44,-0.125,0.127,0.277,-4.585,-8.351,-5.404,1549047114775
44,0.108,0.187,0.288,-4.304,-8.313,-5.144,1549047114794
44,0.088,0.103,0.286,-4.439,-8.036,-5.188,1549047114814
44,0.205,0.154,0.292,-4.274,-7.95,-5.745,1549047114835
44,0.331,0.121,0.314,-4.215,-7.311,-5.701,1549047114854
44,0.273,0.124,0.369,-4.057,-8.117,-5.553,1549047114874
44,-0.105,0.124,0.37,-3.759,-8.503,-5.151,1549047114894
44,-0.156,0.169,0.348,-4.178,-7.933,-5.509,1549047114915
45,0.191,0.307,0.389,-4.309,-7.477,-5.272,1549047114934
45,0.348,0.332,0.433,-4.527,-8.047,-4.921,1549047114954
45,0.116,0.389,0.468,-4.201,-8.328,-5.791,1549047114975
45,0.072,0.29,0.5,-3.897,-7.287,-6.472,1549047114995
45,0.203,0.298,0.505,-4.414,-7.231,-5.547,1549047115015
45,0.202,0.484,0.551,-4.965,-8.0,-4.94,1549047115035
45,0.069,0.577,0.525,-4.61,-8.011,-5.276,1549047115055
45,0.105,0.399,0.488,-4.443,-7.598,-5.755,1549047115075
45,0.304,0.449,0.47,-4.796,-7.036,-6.097,1549047115095
45,0.399,0.484,0.443,-4.796,-7.308,-5.735,1549047115114
45,0.316,0.432,0.39,-4.535,-7.855,-5.587,1549047115135
45,0.273,0.393,0.319,-4.622,-7.615,-5.464,1549047115155
46,0.462,0.455,0.307,-5.054,-7.232,-5.814,1549047115174
46,0.435,0.469,0.282,-4.906,-6.906,-5.511,1549047115195
46,0.399,0.341,0.263,-4.486,-7.942,-5.234,1549047115214
46,0.279,0.244,0.24,-4.476,-7.918,-5.573,1549047115235
46,0.321,0.258,0.218,-4.66,-6.764,-5.508,1549047115255
46,0.403,0.303,0.204,-4.589,-7.476,-5.305,1549047115275
46,0.203,0.307,0.202,-4.52,-7.46,-5.422,1549047115295
46,0.18,0.295,0.229,-4.098,-7.968,-4.537,1549047115315
46,0.218,0.274,0.248,-4.57,-7.5,-4.901,1549047115335
46,0.194,0.354,0.255,-4.69,-7.37,-5.042,1549047115355
46,0.146,0.321,0.262,-4.64,-7.542,-5.12,1549047115375
46,0.143,0.315,0.253,-4.64,-7.389,-4.995,1549047115395
46,0.102,0.292,0.245,-4.553,-7.813,-4.378,1549047115415
46,-0.007,0.247,0.221,-4.791,-7.733,-4.437,1549047115435
46,0.066,0.228,0.205,-4.416,-7.737,-4.738,1549047115455
47,0.187,0.155,0.164,-4.461,-7.665,-5.101,1549047115474
47,0.186,0.17,0.13,-4.745,-7.356,-5.111,1549047115495
47,-0.001,0.153,0.094,-4.464,-8.213,-4.706,1549047115515
47,-0.11,0.038,0.039,-4.48,-7.721,-5.024,1549047115535
47,0.073,0.013,0.017,-4.853,-7.567,-5.017,1549047115554
47,0.109,0.005,-0.001,-4.742,-8.366,-5.063,1549047115575
47,0.086,-0.115,-0.038,-4.379,-7.674,-5.389,1549047115594
47,0.185,-0.203,-0.064,-4.945,-7.475,-4.516,1549047115615
47,0.094,-0.214,-0.052,-4.493,-7.984,-5.328,1549047115634
47,0.038,-0.328,-0.032,-4.64,-7.139,-5.474,1549047115654
47,0.119,-0.25,-0.003,-5.066,-7.981,-4.439,1549047115674
47,-0.159,-0.265,-0.009,-4.786,-8.232,-4.547,1549047115695
47,-0.015,-0.408,0.026,-4.964,-6.841,-4.403,1549047115715
47,0.304,-0.395,0.079,-5.211,-7.631,-4.716,1549047115735
48,0.116,-0.425,0.11,-4.895,-8.131,-4.969,1549047115755
48,0.105,-0.41,0.096,-5.142,-7.269,-4.565,1549047115774
48,0.151,-0.403,0.1,-5.324,-7.313,-4.151,1549047115795
48,0.116,-0.487,0.133,-5.475,-7.471,-4.001,1549047115815
48,0.245,-0.492,0.182,-5.566,-7.113,-4.566,1549047115835
48,0.417,-0.422,0.214,-5.234,-6.668,-5.138,1549047115855
48,0.218,-0.306,0.205,-5.286,-6.545,-7.877,1549047115875
48,-0.073,-0.267,0.178,-6.032,-8.699,-1.985,1549047115895
48,-0.165,-0.242,0.153,-4.779,-8.39,-3.167,1549047115915
48,-0.049,-0.264,0.068,-5.209,-8.606,-3.428,1549047115935
48,0.183,-0.172,0.022,-5.568,-7.111,-4.388,1549047115955
48,0.443,-0.157,0.01,-5.748,-6.428,-4.936,1549047115975
49,0.491,-0.089,0.003,-6.216,-7.073,-3.943,1549047115995
49,0.26,-0.094,0.057,-6.012,-7.414,-3.694,1549047116015
49,0.102,-0.139,0.067,-5.391,-7.53,-3.939,1549047116035
49,0.216,-0.096,0.065,-5.338,-7.62,-4.133,1549047116055
49,0.305,0.006,0.072,-5.687,-7.213,-3.522,1549047116075
49,0.4,0.05,0.147,-5.743,-6.767,-3.474,1549047116096
49,0.399,0.076,0.159,-5.544,-6.96,-3.919,1549047116115
49,0.315,0.115,0.181,-5.634,-7.193,-3.689,1549047116135
49,0.34,0.154,0.232,-5.271,-7.33,-3.353,1549047116155
49,0.506,0.221,0.222,-5.296,-7.426,-3.126,1549047116175
49,0.449,0.267,0.195,-5.81,-7.5,-3.243,1549047116195
50,0.399,0.291,0.179,-6.129,-6.937,-3.655,1549047116215
50,0.492,0.322,0.142,-6.08,-6.767,-2.87,1549047116235
50,0.593,0.311,0.167,-5.769,-7.604,-2.961,1549047116255
50,0.531,0.339,0.141,-5.361,-8.247,-3.77,1549047116275
50,0.422,0.417,0.057,-5.36,-8.574,-2.419,1549047116296
50,0.482,0.493,-0.014,-5.488,-7.68,-2.921,1549047116316
50,0.668,0.464,-0.055,-5.649,-8.482,-2.642,1549047116336
50,0.712,0.393,-0.09,-5.111,-8.315,-2.714,1549047116355
50,0.786,0.364,-0.154,-5.421,-8.347,-2.551,1549047116375
50,0.952,0.341,-0.213,-5.135,-8.265,-2.439,1549047116396
50,0.859,0.31,-0.302,-4.949,-8.105,-2.974,1549047116415
51,0.702,0.389,-0.33,-4.762,-8.67,-2.527,1549047116435
51,0.607,0.436,-0.335,-5.05,-8.347,-1.684,1549047116456
51,0.733,0.425,-0.346,-5.143,-8.177,-1.734,1549047116476
51,0.736,0.352,-0.36,-4.758,-7.56,-1.712,1549047116496
51,0.566,0.33,-0.209,-4.82,-8.889,-1.895,1549047116515
51,0.426,0.32,-0.171,-4.776,-9.275,-1.679,1549047116536
51,0.444,0.254,-0.251,-4.764,-9.423,-1.073,1549047116556
51,0.588,0.209,-0.339,-4.792,-8.121,-2.331,1549047116576
51,0.803,0.191,-0.358,-5.148,-7.487,-2.418,1549047116596
51,0.71,0.133,-0.246,-5.19,-8.715,-1.23,1549047116616
51,0.532,0.047,-0.095,-4.476,-10.287,-1.338,1549047116635
51,0.502,-0.003,-0.151,-4.542,-9.63,-2.01,1549047116656
51,0.605,-0.051,-0.166,-4.345,-8.82,-2.314,1549047116675
51,0.526,-0.086,-0.159,-5.403,-8.202,0.07,1549047116696
52,0.35,-0.07,-0.101,-4.43,-9.297,-1.369,1549047116716
52,0.371,-0.131,-0.015,-4.485,-8.933,-0.449,1549047116736
52,0.361,-0.078,0.031,-3.275,-9.103,-1.673,1549047116756
52,0.396,-0.085,-0.009,-3.907,-9.784,-2.468,1549047116776
52,0.296,-0.078,-0.005,-3.985,-9.617,-1.074,1549047116796
52,0.094,-0.106,-0.026,-3.319,-8.758,-0.841,1549047116816
52,0.207,-0.103,0.033,-3.122,-8.812,-1.106,1549047116836
52,0.38,-0.094,0.021,-4.284,-9.125,-1.548,1549047116856
52,0.423,-0.038,0.038,-4.333,-8.456,-1.736,1549047116876
52,0.335,0.032,0.092,-3.84,-9.684,-1.155,1549047116896
52,-0.146,-0.007,0.084,-4.321,-9.321,0.085,1549047116916
52,-0.189,0.043,0.103,-3.873,-9.32,-0.094,1549047116936
53,0.007,0.1,0.12,-3.854,-9.459,-0.614,1549047116956
53,0.131,0.142,0.081,-4.542,-8.357,-0.867,1549047116976
53,0.248,0.162,0.086,-4.196,-9.527,-0.792,1549047116996
53,-0.026,0.079,-0.014,-4.047,-9.861,-1.196,1549047117016
53,-0.017,0.06,-0.073,-4.22,-9.104,-1.5,1549047117036
53,0.176,0.047,-0.079,-4.308,-8.571,-1.142,1549047117056
53,0.306,0.006,-0.091,-4.363,-9.144,-0.997,1549047117076
53,0.254,-0.031,-0.12,-4.191,-9.073,-1.517,1549047117095
53,0.117,-0.039,-0.119,-4.249,-8.658,-1.659,1549047117116
53,0.011,0.014,-0.125,-4.046,-9.818,-0.667,1549047117135
53,-0.172,0.037,-0.181,-4.055,-9.559,-0.739,1549047117156
53,-0.079,0.109,-0.215,-3.958,-8.798,-1.316,1549047117176
53,0.166,0.135,-0.219,-4.071,-8.86,-1.519,1549047117195
53,0.243,0.204,-0.216,-4.315,-9.013,-0.992,1549047117215
54,0.113,0.246,-0.238,-4.579,-9.734,-0.371,1549047117235
54,-0.017,0.191,-0.249,-4.297,-9.258,-1.031,1549047117255
54,0.067,0.124,-0.26,-4.487,-8.731,-1.221,1549047117275
54,0.088,0.102,-0.247,-4.611,-9.101,-0.646,1549047117295
54,0.076,0.12,-0.253,-4.117,-10.032,-0.449,1549047117316
54,0.145,0.09,-0.283,-4.407,-9.245,-0.736,1549047117336
54,0.144,0.036,-0.28,-4.743,-9.464,-1.184,1549047117356
54,0.139,0.037,-0.277,-4.254,-9.472,-1.271,1549047117376
54,0.068,0.086,-0.307,-4.352,-9.646,-0.859,1549047117396
54,0.065,0.094,-0.312,-3.848,-10.168,-0.661,1549047117416
54,0.073,0.094,-0.357,-3.984,-9.728,-1.034,1549047117436
55,0.1,0.108,-0.35,-3.727,-9.314,-1.448,1549047117456
55,0.101,0.129,-0.34,-3.707,-9.439,-1.479,1549047117476
55,0.08,0.118,-0.293,-3.66,-10.183,-0.708,1549047117496
55,0.108,0.106,-0.213,-3.377,-10.456,-1.099,1549047117516
55,0.016,0.09,-0.188,-3.302,-10.459,-0.955,1549047117536
55,-0.074,0.042,-0.199,-3.421,-9.918,-1.511,1549047117556
55,-0.009,0.028,-0.201,-3.529,-9.935,-1.097,1549047117576
55,-0.019,0.038,-0.205,-3.509,-9.896,-0.765,1549047117596
55,0.117,0.032,-0.189,-3.476,-9.839,-1.093,1549047117617
55,0.149,0.017,-0.167,-3.296,-9.482,-1.519,1549047117636
55,0.161,0.023,-0.117,-3.266,-10.004,-0.964,1549047117656
55,-0.003,0.028,-0.117,-3.542,-10.192,-0.537,1549047117677
55,-0.128,0.004,-0.129,-3.826,-9.636,-0.815,1549047117696
55,-0.017,-0.064,-0.085,-3.656,-9.896,-1.503,1549047117716
55,0.072,-0.073,-0.096,-3.421,-9.751,-1.128,1549047117736
56,0.068,-0.034,-0.079,-3.419,-9.996,-0.586,1549047117757
56,-0.024,-0.053,-0.084,-3.018,-10.261,-1.008,1549047117776
56,0.029,-0.067,-0.077,-3.27,-9.996,-1.018,1549047117797
56,0.08,-0.075,-0.061,-3.373,-10.096,-0.633,1549047117816
56,0.097,-0.08,-0.064,-3.588,-9.479,-0.696,1549047117836
56,0.061,-0.047,-0.042,-3.484,-9.688,-0.602,1549047117857
56,0.081,-0.004,-0.062,-2.871,-9.56,-0.755,1549047117877
56,0.141,0.028,-0.09,-3.6,-9.121,-0.817,1549047117897
56,0.067,0.039,-0.067,-3.19,-9.945,-0.723,1549047117917
56,-0.059,0.036,-0.099,-3.057,-9.448,-0.653,1549047117937
56,-0.021,0.016,-0.082,-2.801,-9.833,-0.565,1549047117957
57,0.088,-0.027,-0.092,-2.834,-9.68,-0.872,1549047117977
57,0.126,-0.015,-0.092,-3.163,-9.672,-1.308,1549047117996
57,0.069,0.004,-0.083,-3.12,-9.79,-0.791,1549047118017
57,0.05,0.016,-0.06,-2.963,-10.008,-1.043,1549047118037
57,0.092,0.013,-0.054,-2.995,-9.646,-1.055,1549047118057
57,0.023,0.015,-0.048,-3.081,-9.69,-0.831,1549047118077
57,-0.002,0.039,-0.029,-3.271,-9.778,-0.603,1549047118097
57,0.034,0.045,-0.033,-3.128,-9.752,-0.577,1549047118117
57,0.057,0.036,-0.046,-3.243,-9.469,-0.697,1549047118137
57,0.087,0.005,-0.03,-3.238,-9.574,-0.761,1549047118157
57,0.122,-0.002,-0.045,-2.981,-9.771,-0.787,1549047118176
57,0.115,0.0,-0.051,-2.903,-9.836,-0.471,1549047118197
58,0.125,-0.054,-0.059,-2.684,-9.752,-0.793,1549047118217
58,0.165,-0.114,-0.087,-2.394,-9.722,-0.622,1549047118237
58,0.171,-0.173,-0.094,-2.839,-10.266,-0.177,1549047118257
58,0.241,-0.263,-0.108,-2.664,-10.095,-0.308,1549047118277
58,0.346,-0.292,-0.127,-2.794,-9.59,-0.215,1549047118297
58,0.352,-0.372,-0.109,-2.821,-9.707,0.12,1549047118317
58,0.303,-0.478,-0.167,-2.985,-9.908,0.564,1549047118337
58,0.323,-0.55,-0.206,-3.334,-10.255,1.216,1549047118357
58,0.365,-0.527,-0.203,-2.622,-9.679,0.961,1549047118377
58,0.673,-0.68,-0.265,-3.11,-9.208,0.656,1549047118397
58,1.147,-0.529,-0.257,-3.447,-11.513,-0.546,1549047118417
58,0.878,-0.578,-0.301,-3.009,-10.258,0.203,1549047118437
59,0.614,-0.441,-0.21,-2.918,-9.989,0.415,1549047118457
59,0.284,-0.473,-0.169,-2.49,-9.523,0.587,1549047118477
59,0.347,-0.408,-0.16,-2.656,-9.779,-0.359,1549047118497
59,0.474,-0.275,-0.215,-2.821,-9.619,-0.21,1549047118517
59,0.308,-0.192,-0.138,-2.528,-10.086,-0.259,1549047118537
59,0.07,-0.161,-0.136,-2.401,-9.42,0.241,1549047118557
59,0.12,-0.094,-0.096,-2.458,-9.36,0.786,1549047118577
59,0.169,0.0,-0.057,-2.634,-9.37,0.591,1549047118597
59,0.118,0.127,-0.014,-2.531,-9.64,0.486,1549047118617
59,0.13,0.214,0.057,-2.35,-9.927,1.147,1549047118638
59,0.176,0.18,0.033,-2.032,-10.17,1.813,1549047118657
60,0.171,0.136,0.028,-2.324,-9.966,1.399,1549047118678
60,0.191,0.212,0.051,-2.546,-9.733,0.674,1549047118697
60,0.259,0.173,0.034,-2.682,-10.032,0.796,1549047118717
60,0.309,0.116,0.008,-2.195,-9.42,1.644,1549047118737
60,0.233,0.107,0.036,-2.257,-9.283,1.604,1549047118757
60,-0.064,0.03,0.016,-2.336,-10.186,1.205,1549047118777
60,-0.089,-0.002,-0.021,-2.595,-9.79,1.529,1549047118797
60,0.078,0.043,-0.02,-2.701,-9.447,1.503,1549047118817
60,0.133,0.056,-0.023,-2.305,-9.714,0.935,1549047118838
60,-0.005,-0.022,-0.041,-2.484,-9.823,1.286,1549047118858
60,-0.034,-0.004,-0.039,-2.562,-10.266,1.296,1549047118878
61,0.026,0.0,-0.022,-2.431,-9.677,1.241,1549047118898
61,0.113,-0.008,-0.015,-2.239,-9.62,1.221,1549047118917
61,0.096,-0.041,-0.02,-2.307,-10.101,1.548,1549047118937
61,-0.008,-0.021,-0.019,-2.288,-9.863,1.116,1549047118957
61,-0.049,-0.024,-0.025,-2.375,-9.961,1.405,1549047118977
61,-0.081,-0.034,-0.028,-2.338,-9.491,1.451,1549047118997
61,-0.056,-0.026,-0.033,-2.515,-9.886,1.034,1549047119018
61,-0.036,-0.006,-0.007,-2.567,-10.117,1.202,1549047119037
61,-0.008,-0.008,0.004,-2.325,-9.933,1.406,1549047119057
61,-0.06,-0.018,0.0,-2.426,-9.695,1.252,1549047119077
61,-0.031,-0.009,-0.01,-2.471,-9.717,1.113,1549047119097
61,-0.01,-0.008,-0.018,-2.452,-9.765,1.197,1549047119117
61,0.023,-0.009,-0.016,-2.403,-9.883,1.329,1549047119137
61,-0.013,-0.002,-0.017,-2.193,-9.848,1.272,1549047119157
62,-0.051,-0.016,-0.025,-2.33,-9.528,1.25,1549047119178
62,-0.028,-0.01,-0.02,-2.374,-9.647,1.331,1549047119198
62,-0.05,-0.004,-0.014,-2.314,-9.946,1.252,1549047119218
62,-0.033,-0.002,-0.014,-2.443,-9.83,1.227,1549047119237
62,0.062,0.011,-0.019,-2.388,-9.772,1.26,1549047119257
62,0.034,0.009,-0.017,-2.38,-9.817,1.199,1549047119277
62,-0.041,0.003,-0.006,-2.281,-10.046,1.41,1549047119297
62,0.011,-0.005,-0.001,-2.359,-9.744,1.597,1549047119318
62,0.079,-0.001,-0.004,-2.356,-9.821,1.202,1549047119337
62,0.088,-0.012,-0.01,-2.536,-10.018,1.169,1549047119357
62,0.041,-0.023,-0.001,-2.403,-9.866,1.35,1549047119378
63,-0.014,-0.069,-0.003,-2.206,-9.884,1.397,1549047119397
63,-0.083,-0.093,-0.012,-2.244,-9.776,1.156,1549047119418
63,-0.079,-0.077,-0.018,-2.307,-9.454,0.783,1549047119437
63,-0.066,-0.05,-0.002,-2.392,-9.666,0.919,1549047119458
63,-0.08,-0.027,0.018,-2.201,-9.998,1.205,1549047119478
63,-0.07,-0.043,0.027,-2.314,-9.984,1.293,1549047119498
63,-0.018,-0.028,0.032,-2.375,-9.747,1.317,1549047119518
63,-0.05,-0.031,0.034,-2.478,-9.828,1.382,1549047119537
63,-0.104,-0.024,0.038,-2.431,-9.659,1.167,1549047119557
63,-0.078,-0.015,0.036,-2.582,-9.976,0.935,1549047119577
63,-0.098,0.003,0.04,-2.352,-10.067,0.691,1549047119598
63,-0.105,0.005,0.012,-2.403,-9.536,1.252,1549047119618
63,-0.128,0.009,0.023,-2.551,-9.818,0.989,1549047119638
63,-0.144,0.009,0.016,-2.375,-10.322,1.16,1549047119658
64,-0.136,0.058,0.013,-2.124,-9.291,1.144,1549047119678
64,0.006,0.027,-0.023,-2.409,-10.092,0.798,1549047119698
64,-0.222,0.033,-0.03,-2.299,-9.949,0.918,1549047119718
64,-0.11,0.033,-0.042,-2.556,-9.652,1.117,1549047119738
64,-0.029,0.06,-0.038,-2.522,-9.665,0.903,1549047119758
64,-0.118,0.053,-0.013,-2.323,-9.992,0.658,1549047119778
64,-0.274,0.037,-0.024,-2.296,-10.297,0.804,1549047119798
64,-0.31,0.031,-0.068,-2.282,-10.23,1.0,1549047119819
64,-0.249,-0.002,-0.102,-2.27,-9.561,1.065,1549047119839
64,-0.133,-0.019,-0.124,-2.401,-9.691,0.889,1549047119857
64,-0.207,-0.037,-0.103,-2.406,-9.961,0.827,1549047119878
65,-0.27,-0.073,-0.09,-2.369,-10.001,0.908,1549047119898
65,-0.109,-0.094,-0.089,-2.287,-9.682,0.862,1549047119918
65,-0.078,-0.102,-0.073,-2.123,-9.757,0.505,1549047119938
65,-0.169,-0.116,-0.048,-2.271,-10.02,0.546,1549047119958
65,-0.286,-0.126,-0.03,-2.417,-9.766,0.73,1549047119978
65,-0.423,-0.165,0.047,-2.305,-9.845,0.555,1549047119998
65,-0.326,-0.187,0.121,-2.09,-9.459,0.626,1549047120018
65,0.183,-0.122,0.102,-1.931,-9.814,0.033,1549047120038
65,0.167,-0.057,0.097,-2.155,-10.295,0.016,1549047120058
65,-0.033,0.001,0.048,-2.306,-10.614,0.273,1549047120078
65,-0.201,0.043,-0.057,-2.245,-10.862,0.459,1549047120098
66,-0.17,0.063,-0.12,-2.036,-10.253,0.608,1549047120118
66,-0.004,0.101,-0.177,-1.954,-10.022,0.422,1549047120138
66,0.043,0.131,-0.237,-1.873,-10.084,0.567,1549047120158
66,0.103,0.176,-0.293,-2.058,-10.032,0.377,1549047120179
66,0.079,0.199,-0.293,-2.074,-9.689,0.069,1549047120198
66,0.189,0.202,-0.248,-2.081,-9.659,0.398,1549047120218
66,0.258,0.226,-0.214,-2.164,-10.086,0.703,1549047120239
66,0.288,0.244,-0.195,-2.207,-10.076,0.789,1549047120259
66,0.359,0.286,-0.178,-1.808,-9.659,0.661,1549047120278
66,0.35,0.294,-0.14,-1.361,-10.01,0.428,1549047120298
66,0.39,0.308,-0.167,-0.931,-10.391,0.501,1549047120318
67,0.471,0.43,-0.257,-1.248,-10.289,0.716,1549047120338
67,0.316,0.569,-0.319,-1.574,-9.967,0.589,1549047120359
67,0.122,0.587,-0.316,-1.748,-9.542,0.418,1549047120379
67,0.018,0.599,-0.294,-1.795,-9.834,0.07,1549047120399
67,0.008,0.575,-0.278,-1.712,-9.98,0.61,1549047120418
67,0.052,0.635,-0.254,-1.913,-9.996,0.866,1549047120438
67,-0.109,0.659,-0.292,-1.608,-9.924,1.15,1549047120459
67,-0.265,0.567,-0.269,-1.527,-10.556,1.177,1549047120479
67,-0.271,0.499,-0.268,-1.712,-10.648,0.852,1549047120498
67,-0.046,0.485,-0.273,-1.76,-10.158,0.911,1549047120519
67,0.23,0.477,-0.266,-1.902,-9.646,0.734,1549047120538
67,0.266,0.412,-0.263,-1.8,-9.962,0.685,1549047120559
67,0.191,0.322,-0.289,-1.645,-10.315,0.936,1549047120579
67,0.172,0.267,-0.291,-1.542,-10.306,1.056,1549047120599
67,0.173,0.21,-0.26,-1.469,-10.196,0.898,1549047120619
