pack,vx,vy,vz,ax,ay,az,time
1,0.365,-0.441,-0.003,-2.25,-9.313,-4.91,1549046435076
1,0.35,-0.583,0.067,-1.644,-8.762,-5.591,1549046435096
1,0.495,-0.753,-0.005,-1.542,-9.376,-4.902,1549046435116
1,0.435,-0.626,0.081,-2.096,-8.083,-4.124,1549046435136
1,0.206,-0.621,0.035,-1.846,-9.195,-4.609,1549046435156
1,0.002,-0.927,-0.009,-1.439,-9.791,-4.287,1549046435176
1,0.294,-0.989,-0.036,-2.726,-8.052,-3.746,1549046435196
1,0.47,-0.889,-0.002,-2.332,-8.225,-3.983,1549046435216
1,0.158,-1.136,-0.046,-1.525,-8.177,-3.768,1549046435236
1,0.045,-1.177,-0.088,-0.669,-9.735,-3.53,1549046435257
1,-0.131,-1.17,-0.038,-2.249,-8.366,-5.497,1549046435276
2,-0.115,-0.978,0.022,-2.846,-9.605,-5.526,1549046435296
2,0.031,-1.057,0.016,-2.425,-10.828,-4.439,1549046435316
2,0.584,-1.102,0.027,-2.289,-5.81,-3.75,1549046435336
2,0.155,-1.015,0.117,-3.125,-6.299,-4.284,1549046435356
2,-0.998,-1.069,0.183,-3.504,-8.444,-6.713,1549046435376
2,-1.372,-1.046,0.054,-2.596,-11.879,-6.119,1549046435396
2,-1.161,-1.183,-0.029,-1.455,-9.918,-4.184,1549046435417
2,-0.681,-1.159,0.005,-2.63,-9.434,-6.129,1549046435436
2,-0.456,-0.839,0.018,-3.425,-8.659,-6.567,1549046435457
2,0.217,-0.771,-0.088,-2.388,-8.046,-4.731,1549046435476
2,-0.217,-1.09,-0.258,-0.922,-11.34,-3.955,1549046435496
3,-0.69,-1.205,-0.282,-2.338,-10.913,-5.303,1549046435517
3,-0.317,-0.752,-0.148,-3.114,-9.072,-7.074,1549046435537
3,0.196,-0.725,-0.1,-2.448,-7.172,-6.772,1549046435557
3,-0.13,-1.069,-0.214,-1.358,-10.243,-4.175,1549046435577
3,-0.573,-1.408,-0.353,-3.216,-10.445,-5.158,1549046435596
3,-0.264,-0.949,-0.093,-3.838,-6.732,-6.185,1549046435616
3,0.116,-0.808,0.084,-4.214,-6.759,-5.975,1549046435637
3,-0.31,-0.94,0.062,-3.865,-9.697,-3.651,1549046435657
3,-0.867,-1.307,-0.206,-3.966,-10.079,-5.83,1549046435677
3,-0.614,-1.085,0.027,-2.882,-8.732,-4.639,1549046435696
3,-0.27,-1.22,-0.026,-3.153,-8.149,-4.636,1549046435716
4,-0.436,-1.065,0.092,-3.883,-9.221,-4.164,1549046435737
4,-0.612,-1.06,0.028,-4.129,-8.822,-3.855,1549046435757
4,-0.587,-1.049,0.015,-3.622,-8.959,-3.883,1549046435777
4,-0.386,-1.039,0.029,-3.64,-9.635,-4.221,1549046435797
4,-0.305,-0.939,0.063,-4.307,-8.336,-7.1,1549046435817
4,-0.195,-0.672,0.197,-4.474,-7.51,-3.755,1549046435837
4,-0.34,-0.966,0.091,-4.497,-8.147,-4.275,1549046435857
4,-0.75,-0.934,0.139,-4.758,-8.973,-4.22,1549046435877
4,-0.369,-1.001,0.058,-5.046,-8.549,-4.801,1549046435897
4,0.094,-0.86,0.133,-3.589,-8.776,-4.815,1549046435917
4,0.101,-1.072,0.095,-4.313,-7.742,-5.364,1549046435937
4,-0.026,-0.882,0.191,-5.189,-7.367,-4.921,1549046435957
4,-0.222,-0.91,0.139,-5.198,-7.581,-4.189,1549046435977
4,-0.185,-1.107,0.036,-5.066,-8.662,-3.237,1549046435997
4,-0.11,-1.141,-0.048,-4.623,-8.96,-3.526,1549046436017
5,-0.036,-1.058,-0.031,-4.692,-7.374,-5.009,1549046436037
5,0.21,-0.735,0.097,-5.316,-6.228,-4.12,1549046436057
5,0.17,-0.753,0.039,-5.488,-7.62,-3.137,1549046436077
5,0.024,-0.953,-0.014,-5.18,-9.075,-2.493,1549046436098
5,0.068,-0.87,-0.052,-5.769,-7.133,-4.348,1549046436117
5,0.342,-0.501,0.11,-5.479,-6.818,-4.335,1549046436137
5,0.143,-0.646,0.119,-5.006,-8.005,-2.48,1549046436157
5,-0.195,-0.789,0.072,-5.509,-7.698,-2.964,1549046436177
5,-0.167,-0.604,0.106,-5.552,-7.213,-2.611,1549046436197
5,-0.036,-0.533,0.1,-5.767,-7.376,-3.031,1549046436217
5,-0.064,-0.422,0.087,-5.05,-8.307,-2.397,1549046436237
5,-0.256,-0.441,0.007,-4.9,-8.231,-2.827,1549046436257
5,-0.214,-0.41,0.041,-5.26,-7.899,-3.151,1549046436277
5,-0.025,-0.376,0.02,-5.527,-7.4,-3.018,1549046436298
5,0.038,-0.344,-0.006,-5.333,-8.207,-2.923,1549046436318
5,-0.056,-0.312,-0.005,-4.991,-7.98,-3.597,1549046436337
6,-0.138,-0.346,-0.117,-5.189,-8.555,-2.408,1549046436358
6,-0.01,-0.327,-0.029,-5.43,-7.154,-3.476,1549046436378
6,0.055,-0.292,-0.038,-5.529,-7.254,-3.023,1549046436398
6,0.027,-0.289,-0.026,-5.206,-8.109,-2.704,1549046436418
6,-0.187,-0.261,-0.067,-5.238,-7.999,-2.505,1549046436437
6,-0.147,-0.189,-0.116,-5.362,-7.64,-3.032,1549046436458
6,-0.073,-0.109,-0.037,-5.513,-7.413,-2.142,1549046436478
6,-0.136,-0.043,-0.002,-5.524,-8.052,-2.444,1549046436497
6,-0.257,-0.006,-0.105,-5.575,-8.084,-2.236,1549046436517
6,-0.159,0.106,0.021,-5.369,-7.844,-2.27,1549046436538
6,-0.183,0.15,0.028,-5.217,-8.137,-1.831,1549046436557
6,-0.131,0.208,-0.043,-5.436,-8.113,-2.16,1549046436578
6,-0.003,0.326,-0.041,-5.49,-7.345,-2.982,1549046436598
7,-0.012,0.388,-0.043,-5.366,-7.594,-2.606,1549046436617
7,-0.223,0.388,-0.095,-5.036,-8.916,-2.124,1549046436637
7,-0.401,0.322,-0.222,-5.417,-8.868,-2.686,1549046436657
7,-0.096,0.424,-0.21,-5.173,-8.358,-3.415,1549046436677
7,0.221,0.51,-0.162,-5.166,-8.106,-3.074,1549046436698
7,0.18,0.464,-0.228,-5.192,-8.91,-2.915,1549046436717
7,-0.01,0.35,-0.325,-5.024,-9.266,-2.861,1549046436738
7,0.162,0.322,-0.321,-4.705,-8.393,-3.24,1549046436758
7,0.256,0.359,-0.27,-4.946,-8.452,-3.665,1549046436778
7,0.032,0.356,-0.273,-5.093,-9.214,-3.193,1549046436798
7,-0.179,0.217,-0.313,-4.93,-9.17,-2.999,1549046436817
8,-0.098,0.141,-0.248,-4.89,-8.491,-2.856,1549046436837
8,-0.027,0.119,-0.188,-4.804,-8.783,-2.561,1549046436857
8,-0.126,0.068,-0.204,-4.804,-9.484,-4.471,1549046436878
8,-0.15,0.054,-0.16,-4.856,-8.027,-2.865,1549046436897
8,-0.064,-0.01,-0.151,-4.672,-8.49,-3.167,1549046436918
8,-0.275,-0.059,-0.134,-4.799,-8.749,-2.623,1549046436937
8,-0.334,-0.088,-0.12,-5.353,-8.676,-2.379,1549046436958
8,-0.243,-0.106,-0.161,-4.565,-8.944,-2.606,1549046436978
8,-0.134,-0.166,-0.155,-4.533,-8.44,-3.042,1549046436998
8,-0.149,-0.125,-0.152,-5.147,-8.484,-4.506,1549046437018
8,-0.209,-0.145,-0.145,-4.885,-7.951,-0.958,1549046437038
9,-0.194,-0.37,-0.166,-4.141,-8.918,-5.145,1549046437058
9,-0.328,-0.294,-0.117,-4.747,-9.04,-2.77,1549046437078
9,-0.269,-0.463,-0.156,-5.168,-8.067,-2.886,1549046437098
9,-0.294,-0.384,-0.076,-4.959,-8.331,-3.109,1549046437118
9,-0.355,-0.439,-0.067,-4.554,-8.665,-3.399,1549046437138
9,-0.371,-0.439,-0.018,-4.921,-8.13,-3.721,1549046437158
9,-0.337,-0.397,0.022,-4.879,-8.69,-3.195,1549046437179
9,-0.361,-0.495,-0.006,-4.393,-8.624,-3.323,1549046437198
9,-0.264,-0.52,0.017,-4.939,-7.851,-3.989,1549046437218
9,-0.177,-0.421,0.056,-4.587,-8.221,-3.653,1549046437238
9,-0.333,-0.55,0.022,-4.548,-8.426,-3.421,1549046437258
10,-0.365,-0.556,0.028,-4.511,-8.25,-3.492,1549046437278
10,-0.229,-0.52,0.051,-4.529,-7.896,-3.239,1549046437298
10,-0.269,-0.455,0.073,-4.699,-8.362,-3.522,1549046437318
10,-0.362,-0.435,0.021,-4.608,-8.472,-3.601,1549046437338
10,-0.25,-0.374,-0.023,-4.82,-8.15,-3.497,1549046437358
10,-0.167,-0.323,-0.053,-4.536,-8.425,-3.477,1549046437378
10,-0.183,-0.36,-0.107,-4.673,-8.251,-3.137,1549046437399
10,-0.168,-0.302,-0.121,-5.137,-7.694,-3.665,1549046437418
10,-0.09,-0.204,-0.099,-4.587,-8.159,-3.352,1549046437438
10,-0.134,-0.248,-0.129,-4.87,-8.23,-3.346,1549046437458
11,-0.126,-0.15,-0.111,-4.765,-8.481,-2.904,1549046437478
11,-0.156,-0.178,-0.134,-4.94,-7.899,-3.192,1549046437499
11,-0.02,-0.147,-0.122,-4.681,-8.164,-3.037,1549046437519
11,-0.036,-0.164,-0.13,-4.967,-8.349,-2.96,1549046437538
11,0.0,-0.111,-0.117,-4.499,-8.782,-3.007,1549046437558
11,-0.031,-0.094,-0.119,-4.753,-8.026,-3.293,1549046437579
11,0.076,-0.008,-0.125,-4.841,-7.975,-3.951,1549046437599
11,0.0,0.04,-0.161,-4.705,-8.877,-3.726,1549046437618
11,-0.072,0.035,-0.234,-4.46,-8.564,-3.333,1549046437638
11,-0.297,0.014,-0.249,-5.118,-8.377,-3.224,1549046437658
11,-0.326,0.041,-0.303,-4.81,-8.827,-2.82,1549046437678
11,-0.067,-0.053,-0.302,-4.723,-9.516,-2.589,1549046437699
11,0.035,-0.04,-0.319,-4.935,-8.431,-4.045,1549046437718
12,0.089,0.062,-0.246,-4.806,-8.161,-3.605,1549046437738
12,0.098,-0.03,-0.26,-4.616,-9.413,-3.264,1549046437758
12,-0.133,-0.079,-0.309,-4.93,-8.765,-4.208,1549046437779
12,-0.112,0.051,-0.245,-4.523,-8.468,-3.751,1549046437799
12,0.025,-0.014,-0.272,-4.183,-9.472,-3.618,1549046437819
12,-0.104,-0.033,-0.314,-4.509,-8.902,-3.713,1549046437839
12,-0.162,0.014,-0.266,-4.495,-8.463,-3.764,1549046437860
12,-0.192,-0.064,-0.304,-4.476,-8.481,-4.1,1549046437879
12,-0.008,-0.085,-0.324,-4.336,-9.19,-3.582,1549046437899
12,-0.022,-0.19,-0.374,-3.785,-8.827,-3.514,1549046437919
13,0.083,-0.168,-0.327,-3.81,-9.121,-2.711,1549046437940
13,-0.015,-0.164,-0.342,-4.178,-8.852,-3.631,1549046437959
13,0.046,-0.039,-0.314,-4.33,-8.133,-4.124,1549046437979
13,0.102,-0.023,-0.309,-4.473,-9.081,-2.586,1549046438000
13,-0.007,-0.12,-0.395,-3.75,-9.509,-2.886,1549046438020
13,-0.13,-0.09,-0.341,-4.128,-8.406,-3.052,1549046438040
13,0.163,0.014,-0.351,-3.821,-9.019,-3.528,1549046438060
13,0.209,0.002,-0.395,-4.102,-8.84,-3.352,1549046438079
13,0.167,0.019,-0.408,-3.669,-9.608,-2.436,1549046438099
13,-0.102,-0.045,-0.419,-4.06,-8.575,-3.799,1549046438120
13,0.145,0.087,-0.378,-3.55,-8.825,-3.599,1549046438140
14,0.294,-0.002,-0.425,-3.72,-8.984,-3.472,1549046438159
14,0.288,0.008,-0.424,-3.538,-9.565,-1.903,1549046438180
14,0.094,-0.04,-0.407,-3.597,-9.667,-4.404,1549046438200
14,0.089,0.016,-0.353,-3.521,-8.731,-3.38,1549046438220
14,0.344,-0.065,-0.346,-3.728,-9.057,-3.514,1549046438240
14,0.23,-0.058,-0.356,-3.522,-9.701,-3.434,1549046438260
14,0.005,-0.103,-0.321,-3.36,-9.527,-3.383,1549046438280
14,0.002,-0.104,-0.28,-3.383,-9.082,-3.877,1549046438300
14,-0.009,-0.127,-0.27,-3.14,-9.588,-4.478,1549046438320
14,0.004,-0.183,-0.277,-3.531,-9.377,-1.308,1549046438340
14,-0.06,-0.225,-0.257,-3.329,-9.967,-3.985,1549046438360
15,-0.187,-0.179,-0.203,-2.869,-10.151,-3.144,1549046438380
15,-0.1,-0.23,-0.143,-3.19,-8.921,-3.957,1549046438400
15,-0.122,-0.192,-0.092,-3.347,-8.918,-3.993,1549046438420
15,-0.149,-0.245,-0.1,-3.046,-9.838,-3.231,1549046438440
15,-0.195,-0.26,-0.082,-2.824,-9.727,-3.455,1549046438460
15,-0.246,-0.229,-0.006,-2.971,-8.809,-3.964,1549046438480
15,-0.271,-0.181,0.035,-3.008,-8.973,-3.336,1549046438500
15,-0.337,-0.247,-0.004,-3.338,-8.857,-3.014,1549046438520
15,-0.241,-0.194,-0.037,-2.935,-10.301,-2.269,1549046438540
15,-0.168,-0.171,-0.039,-2.999,-8.774,-3.289,1549046438560
15,-0.071,-0.022,0.01,-2.787,-8.814,-3.099,1549046438580
16,-0.221,-0.088,-0.024,-2.398,-9.692,-2.324,1549046438600
16,-0.162,-0.084,-0.076,-2.402,-9.05,-2.316,1549046438620
16,-0.021,0.008,-0.12,-2.67,-8.618,-3.276,1549046438640
16,0.151,0.108,-0.181,-2.232,-9.101,-3.883,1549046438660
16,0.122,0.105,-0.202,-2.503,-8.494,-4.372,1549046438680
16,0.117,0.092,-0.197,-2.183,-8.925,-3.445,1549046438700
16,-0.18,-0.014,-0.255,-2.32,-9.59,-2.833,1549046438720
16,-0.153,0.022,-0.27,-2.499,-9.432,-2.792,1549046438740
16,0.018,0.083,-0.255,-2.669,-8.906,-3.689,1549046438760
16,0.123,0.139,-0.244,-2.83,-8.856,-4.281,1549046438780
17,0.132,0.143,-0.258,-2.037,-9.204,-3.702,1549046438800
17,0.009,0.102,-0.241,-2.332,-9.421,-3.355,1549046438820
17,-0.154,0.134,-0.238,-2.894,-9.285,-3.7,1549046438841
17,-0.08,0.129,-0.255,-2.818,-9.06,-3.765,1549046438860
17,0.027,0.097,-0.261,-2.542,-9.614,-3.445,1549046438881
17,-0.038,0.068,-0.27,-2.373,-9.828,-3.608,1549046438901
17,-0.033,0.093,-0.252,-2.583,-9.007,-4.043,1549046438921
17,-0.053,0.126,-0.226,-2.546,-9.547,-3.706,1549046438941
17,-0.26,0.089,-0.247,-2.713,-9.331,-3.939,1549046438960
17,-0.257,0.082,-0.237,-2.852,-9.817,-3.226,1549046438980
17,-0.082,0.071,-0.261,-2.131,-9.727,-3.789,1549046439001
18,-0.024,0.101,-0.207,-2.714,-8.959,-4.226,1549046439020
18,-0.027,0.16,-0.211,-2.057,-10.04,-3.793,1549046439041
18,-0.134,0.069,-0.244,-2.239,-9.67,-3.518,1549046439062
18,-0.108,0.083,-0.224,-2.211,-9.973,-3.271,1549046439082
18,-0.057,0.063,-0.231,-2.265,-9.865,-3.538,1549046439101
18,0.067,0.089,-0.218,-2.35,-9.596,-3.768,1549046439121
18,0.101,0.082,-0.211,-1.929,-9.131,-3.869,1549046439141
18,0.035,0.07,-0.2,-1.768,-9.221,-3.697,1549046439160
18,0.058,0.117,-0.207,-1.592,-10.146,-3.621,1549046439181
18,0.015,0.151,-0.207,-1.699,-9.489,-3.865,1549046439201
19,0.033,0.16,-0.161,-1.567,-9.914,-3.252,1549046439220
19,-0.09,0.078,-0.167,-1.391,-10.149,-3.319,1549046439240
19,-0.116,0.067,-0.139,-1.278,-9.051,-4.685,1549046439261
19,0.061,0.086,-0.171,-1.005,-9.301,-4.448,1549046439281
19,0.093,0.058,-0.227,-1.247,-9.382,-4.254,1549046439301
19,0.025,0.052,-0.231,-1.22,-9.514,-4.222,1549046439320
19,0.029,0.013,-0.233,-0.923,-9.842,-3.806,1549046439340
19,-0.011,-0.056,-0.236,-1.135,-10.067,-3.438,1549046439361
19,-0.098,-0.047,-0.207,-0.987,-9.529,-3.72,1549046439381
19,-0.054,-0.031,-0.166,-1.286,-9.05,-3.916,1549046439401
19,0.127,0.057,-0.183,-1.166,-9.447,-3.789,1549046439420
20,0.013,0.093,-0.15,-1.135,-9.264,-4.482,1549046439441
20,-0.198,0.142,-0.07,-1.199,-9.184,-3.789,1549046439461
20,-0.268,0.086,-0.072,-0.987,-10.155,-3.184,1549046439481
20,-0.239,0.055,-0.105,-1.109,-9.755,-3.32,1549046439500
20,-0.079,0.059,-0.13,-1.019,-9.861,-3.64,1549046439521
20,-0.009,0.043,-0.161,-1.05,-9.298,-4.007,1549046439540
20,0.041,0.047,-0.178,-1.098,-9.388,-3.69,1549046439560
20,-0.009,0.04,-0.194,-0.788,-9.342,-3.83,1549046439581
20,-0.019,0.064,-0.171,-0.998,-9.398,-3.903,1549046439601
20,-0.009,0.115,-0.157,-1.23,-9.444,-4.096,1549046439621
21,-0.006,0.134,-0.138,-0.892,-9.547,-4.183,1549046439641
21,-0.103,0.096,-0.111,-1.074,-9.276,-3.557,1549046439661
21,-0.149,0.097,-0.108,-0.938,-9.926,-3.93,1549046439681
21,-0.148,0.115,-0.12,-0.871,-9.34,-4.395,1549046439701
21,-0.093,0.144,-0.107,-1.179,-9.405,-4.343,1549046439721
21,-0.142,0.115,-0.16,-0.91,-9.813,-3.985,1549046439741
21,-0.09,0.067,-0.176,-0.703,-9.358,-4.209,1549046439761
21,-0.056,0.024,-0.18,-0.849,-9.528,-3.671,1549046439782
21,-0.044,0.009,-0.212,-0.846,-9.453,-4.041,1549046439801
21,0.031,0.053,-0.208,-0.612,-9.077,-4.508,1549046439821
21,0.041,0.09,-0.175,-0.428,-9.06,-4.715,1549046439842
21,-0.146,0.116,-0.148,-0.46,-9.559,-4.318,1549046439861
22,-0.302,0.094,-0.143,-0.618,-10.134,-3.614,1549046439881
22,-0.227,0.046,-0.158,-0.805,-10.128,-3.608,1549046439901
22,-0.11,0.032,-0.155,-0.881,-9.478,-4.289,1549046439921
22,0.038,0.054,-0.153,-0.643,-9.505,-4.632,1549046439941
22,0.038,0.028,-0.172,-0.218,-9.602,-4.275,1549046439961
22,-0.091,0.009,-0.156,-0.344,-9.54,-4.281,1549046439982
22,-0.111,0.032,-0.129,-0.234,-9.78,-3.991,1549046440002
22,-0.044,0.035,-0.131,-0.599,-9.816,-4.156,1549046440021
22,0.0,0.07,-0.13,-0.319,-9.708,-4.35,1549046440042
22,-0.033,0.046,-0.128,-0.054,-9.91,-3.943,1549046440061
23,-0.092,0.022,-0.131,-0.479,-9.953,-3.987,1549046440081
23,-0.061,0.052,-0.118,-0.279,-9.672,-4.658,1549046440101
23,0.095,0.077,-0.117,-0.366,-9.164,-4.479,1549046440121
23,0.031,0.097,-0.093,-0.036,-9.621,-4.556,1549046440141
23,-0.087,0.082,-0.06,-0.047,-9.703,-4.277,1549046440161
23,-0.055,0.047,-0.042,-0.104,-9.53,-4.038,1549046440182
23,-0.045,0.035,-0.053,-0.623,-9.396,-4.334,1549046440201
23,0.031,0.078,-0.09,-0.211,-9.44,-4.385,1549046440221
23,0.071,0.062,-0.1,0.069,-9.632,-4.466,1549046440241
23,0.031,0.044,-0.078,0.239,-9.771,-4.393,1549046440261
23,-0.05,0.009,-0.073,0.42,-9.892,-4.262,1549046440282
24,-0.021,0.009,-0.08,0.252,-9.759,-4.414,1549046440302
24,0.052,0.053,-0.05,0.128,-9.345,-4.735,1549046440322
24,0.145,0.056,-0.05,-0.005,-9.532,-4.591,1549046440342
24,0.244,0.007,-0.078,0.071,-10.858,-3.796,1549046440362
24,0.053,-0.026,-0.044,0.262,-10.765,-4.128,1549046440382
24,-0.06,0.013,0.051,-0.229,-9.346,-4.583,1549046440401
24,0.147,0.063,0.09,-0.35,-8.412,-5.051,1549046440421
24,0.186,0.015,0.076,0.04,-8.134,-4.921,1549046440442
24,0.245,-0.027,0.008,-0.398,-9.761,-4.408,1549046440462
24,0.073,-0.039,-0.013,0.156,-10.051,-4.631,1549046440481
25,-0.021,0.009,-0.08,0.159,-10.174,-4.326,1549046440502
25,0.208,-0.079,-0.022,-0.622,-8.466,-4.376,1549046440522
25,0.019,-0.039,0.053,-1.263,-8.383,-5.229,1549046440541
25,-0.024,0.028,0.106,-0.555,-9.164,-4.425,1549046440562
25,-0.217,0.005,0.074,0.04,-10.52,-3.162,1549046440582
25,-0.11,-0.144,-0.071,0.048,-10.591,-3.713,1549046440602
25,-0.006,-0.169,-0.114,0.039,-9.022,-4.273,1549046440622
25,-0.164,-0.086,0.024,0.098,-9.015,-4.102,1549046440642
25,-0.256,-0.074,0.086,0.1,-8.926,-4.278,1549046440662
25,-0.244,-0.072,0.035,0.401,-8.881,-5.578,1549046440682
25,-0.138,-0.029,-0.013,0.441,-8.946,-3.669,1549046440702
25,0.11,0.021,-0.064,0.273,-9.05,-4.189,1549046440722
25,0.374,0.038,-0.026,-0.203,-9.704,-4.695,1549046440742
25,-0.039,0.072,-0.035,-0.597,-9.377,-4.237,1549046440762
26,-0.158,0.084,-0.004,-0.644,-9.973,-4.263,1549046440782
26,-0.045,0.077,0.008,-1.026,-10.171,-3.148,1549046440803
26,0.018,0.091,0.002,-1.297,-10.846,-3.113,1549046440823
26,-0.103,0.151,0.003,-0.339,-9.333,-3.54,1549046440842
26,-0.437,0.162,0.136,0.388,-8.213,-4.182,1549046440862
26,0.0,0.161,0.168,-0.13,-9.366,-4.685,1549046440883
26,0.261,0.163,0.087,-0.143,-9.863,-3.87,1549046440902
26,0.135,0.145,0.036,-0.234,-9.608,-3.647,1549046440923
26,-0.042,0.064,0.03,0.048,-10.002,-4.232,1549046440943
26,0.201,0.075,0.052,0.138,-10.252,-4.243,1549046440962
27,0.538,0.116,0.035,-0.162,-9.435,-3.856,1549046440982
27,0.545,0.121,0.028,0.209,-9.208,-4.234,1549046441002
27,0.231,0.099,0.103,0.258,-9.415,-4.051,1549046441023
27,0.057,0.017,0.056,0.0,-9.795,-3.062,1549046441042
27,0.065,-0.025,-0.008,-0.092,-9.636,-4.007,1549046441063
27,0.068,0.038,-0.011,-0.206,-9.001,-3.975,1549046441083
27,0.153,0.087,0.005,0.053,-9.823,-3.84,1549046441102
27,0.284,0.088,0.01,-0.173,-10.012,-3.506,1549046441122
27,0.222,0.049,-0.006,0.108,-9.977,-3.532,1549046441142
27,0.276,0.041,-0.011,0.038,-9.716,-3.765,1549046441162
27,0.124,0.028,-0.022,-0.46,-9.373,-4.143,1549046441183
27,0.026,0.073,0.003,-0.459,-9.197,-3.484,1549046441202
27,0.033,0.085,0.008,-0.341,-9.457,-3.632,1549046441223
27,0.061,0.062,-0.02,-0.191,-9.664,-3.832,1549046441243
28,0.013,0.072,-0.028,-0.111,-9.79,-3.542,1549046441262
28,0.02,0.066,-0.025,-0.189,-9.962,-3.705,1549046441283
28,0.053,0.064,-0.027,0.114,-9.622,-4.031,1549046441303
28,0.029,0.074,-0.011,-0.023,-9.371,-3.821,1549046441323
28,0.044,0.062,-0.016,-0.124,-9.525,-4.115,1549046441343
28,0.015,0.05,-0.018,-0.096,-10.045,-3.446,1549046441364
28,-0.03,0.036,-0.027,0.215,-9.902,-3.396,1549046441383
28,0.015,-0.006,-0.035,-0.171,-9.68,-3.82,1549046441402
28,-0.007,0.026,-0.004,-0.266,-9.682,-4.159,1549046441423
28,0.031,0.044,0.01,0.141,-9.62,-3.906,1549046441442
29,0.045,0.022,0.0,0.032,-9.563,-3.659,1549046441463
29,0.069,-0.001,0.0,0.347,-9.863,-3.537,1549046441483
29,-0.047,0.0,-0.001,0.264,-9.663,-3.509,1549046441504
29,-0.075,-0.003,-0.005,-0.18,-9.413,-3.568,1549046441523
29,-0.061,0.028,0.0,-0.164,-10.022,-3.244,1549046441542
29,-0.026,0.046,0.009,0.045,-9.774,-3.436,1549046441563
29,-0.093,0.009,0.002,0.085,-9.796,-3.636,1549046441583
29,-0.083,0.005,0.023,0.106,-9.876,-4.01,1549046441603
29,-0.145,0.026,0.053,-0.227,-10.092,-3.611,1549046441623
29,-0.207,0.053,0.098,-0.087,-10.049,-3.989,1549046441643
29,-0.307,0.064,0.167,-0.335,-9.233,-3.652,1549046441663
29,-0.62,0.075,0.243,-0.591,-10.241,-3.701,1549046441683
30,-0.454,0.118,0.271,-1.06,-9.973,-3.582,1549046441703
30,-0.666,0.134,0.283,-0.986,-9.97,-3.858,1549046441724
30,-0.873,0.216,0.35,-0.277,-9.003,-4.057,1549046441743
30,-0.459,0.25,0.381,-0.246,-8.59,-4.814,1549046441763
30,-0.035,0.27,0.326,-0.333,-8.971,-4.758,1549046441783
30,0.183,0.243,0.235,-0.104,-8.547,-5.31,1549046441803
30,-0.06,0.176,0.155,-0.127,-9.398,-4.92,1549046441823
30,-0.255,0.154,0.158,-0.133,-9.263,-4.473,1549046441843
30,-0.114,0.131,0.151,-0.114,-8.854,-4.223,1549046441863
30,-0.094,0.072,0.147,-0.328,-9.159,-5.332,1549046441884
30,-0.099,0.068,0.125,-1.022,-9.603,-5.934,1549046441904
31,-0.267,0.122,0.124,-0.502,-8.927,-4.562,1549046441924
31,0.002,0.15,0.128,-0.934,-8.572,-5.132,1549046441943
31,0.096,0.051,0.123,-0.323,-9.414,-5.318,1549046441964
31,-0.249,0.027,0.142,-0.718,-9.665,-5.616,1549046441983
31,-0.652,-0.058,0.167,-0.612,-10.061,-4.806,1549046442003
31,-0.479,-0.055,0.176,-0.516,-9.88,-3.536,1549046442023
31,-0.042,-0.061,0.233,-1.517,-8.889,-4.923,1549046442043
31,-0.066,-0.028,0.334,-2.462,-8.531,-6.612,1549046442063
31,-0.386,0.06,0.353,-0.846,-7.754,-5.68,1549046442084
31,-0.469,0.038,0.299,0.024,-10.099,-5.253,1549046442103
31,-0.368,-0.144,0.225,-0.065,-9.877,-5.923,1549046442124
31,-0.813,-0.105,0.292,-0.905,-9.031,-6.555,1549046442143
32,-0.732,-0.113,0.334,-0.792,-9.203,-6.372,1549046442163
32,-0.468,-0.103,0.304,-0.915,-9.916,-5.371,1549046442184
32,-0.261,-0.187,0.288,-2.312,-10.185,-5.029,1549046442204
32,-0.316,-0.227,0.287,-1.896,-10.447,-5.83,1549046442223
32,-0.225,-0.214,0.232,-0.894,-9.501,-6.225,1549046442244
32,0.023,-0.304,0.299,-0.963,-9.29,-5.756,1549046442263
32,0.167,-0.384,0.384,-2.211,-8.895,-5.709,1549046442284
32,0.007,-0.386,0.403,-2.186,-9.126,-5.52,1549046442304
32,-0.088,-0.285,0.421,-1.625,-9.801,-4.954,1549046442324
32,-0.144,-0.335,0.428,-1.858,-9.884,-5.086,1549046442344
32,-0.091,-0.379,0.449,-1.845,-9.188,-5.272,1549046442365
32,0.068,-0.288,0.481,-2.57,-8.072,-5.786,1549046442385
32,0.088,-0.247,0.539,-2.295,-8.057,-5.389,1549046442405
32,-0.019,-0.18,0.531,-1.864,-9.874,-4.554,1549046442424
33,-0.087,-0.324,0.467,-2.188,-10.773,-4.641,1549046442445
33,-0.181,-0.31,0.47,-2.377,-9.014,-5.186,1549046442465
33,0.047,-0.172,0.507,-2.906,-8.213,-5.355,1549046442484
33,0.266,-0.116,0.556,-3.133,-8.524,-4.92,1549046442505
33,0.236,-0.097,0.547,-3.121,-9.285,-4.871,1549046442525
33,0.277,-0.204,0.486,-2.816,-9.646,-5.241,1549046442545
33,0.368,-0.194,0.49,-2.914,-9.196,-4.9,1549046442565
33,0.452,-0.176,0.527,-3.376,-8.18,-5.248,1549046442585
33,0.47,-0.182,0.53,-3.548,-7.342,-5.26,1549046442604
33,0.313,-0.151,0.5,-3.188,-9.375,-4.162,1549046442624
33,0.449,-0.225,0.474,-3.57,-9.454,-4.339,1549046442645
34,0.376,-0.218,0.37,-2.988,-8.652,-4.446,1549046442665
34,0.427,-0.151,0.383,-3.795,-7.912,-5.204,1549046442684
34,0.341,-0.139,0.38,-3.62,-7.582,-5.603,1549046442705
34,0.414,-0.107,0.359,-3.463,-8.268,-4.154,1549046442724
34,0.419,-0.162,0.345,-3.387,-9.029,-3.788,1549046442744
34,0.328,-0.168,0.289,-3.781,-8.334,-4.627,1549046442764
34,0.12,-0.128,0.31,-4.114,-6.844,-4.761,1549046442784
34,0.255,-0.126,0.319,-3.841,-8.053,-4.209,1549046442805
34,0.408,-0.188,0.294,-3.948,-8.976,-4.043,1549046442825
34,0.216,-0.194,0.233,-3.932,-8.394,-3.799,1549046442845
35,0.005,-0.16,0.239,-3.978,-7.737,-4.296,1549046442865
35,0.067,-0.188,0.217,-4.373,-7.188,-4.304,1549046442884
35,0.063,-0.182,0.181,-4.313,-8.087,-3.177,1549046442905
35,0.152,-0.171,0.206,-4.53,-8.587,-3.587,1549046442925
35,0.04,-0.169,0.138,-4.157,-8.087,-3.205,1549046442945
35,0.03,-0.179,0.155,-3.905,-8.422,-3.718,1549046442965
35,0.16,-0.18,0.165,-4.296,-8.028,-4.309,1549046442985
35,0.069,-0.152,0.178,-4.479,-7.945,-3.188,1549046443005
35,0.085,-0.128,0.217,-3.604,-8.833,-3.641,1549046443025
35,0.098,-0.107,0.227,-3.89,-8.407,-3.549,1549046443045
35,0.075,-0.081,0.239,-3.91,-8.194,-3.417,1549046443065
36,0.242,0.022,0.296,-4.034,-8.753,-3.325,1549046443085
36,0.272,0.07,0.323,-3.885,-8.58,-2.902,1549046443105
36,0.215,0.082,0.348,-4.174,-8.009,-3.327,1549046443125
36,0.164,0.071,0.326,-3.875,-8.764,-3.588,1549046443145
36,0.188,0.165,0.342,-3.704,-8.22,-3.403,1549046443165
36,0.302,0.183,0.356,-4.251,-7.796,-4.212,1549046443185
36,0.282,0.233,0.371,-3.922,-8.898,-2.96,1549046443205
36,0.11,0.312,0.363,-4.311,-8.754,-3.277,1549046443225
36,0.049,0.142,0.279,-4.452,-8.024,-3.079,1549046443245
36,0.231,0.219,0.244,-4.645,-7.658,-4.759,1549046443265
37,0.499,0.254,0.268,-4.549,-8.814,-3.27,1549046443285
37,0.425,0.298,0.238,-4.52,-8.658,-3.962,1549046443305
37,0.376,0.116,0.131,-4.83,-7.592,-3.284,1549046443325
37,0.36,0.206,0.183,-4.993,-8.17,-3.001,1549046443345
37,0.519,0.235,0.206,-5.643,-7.582,-4.157,1549046443365
37,0.451,0.235,0.142,-5.091,-8.172,-2.97,1549046443385
37,0.585,0.358,0.216,-5.271,-8.53,-2.763,1549046443406
37,0.537,0.117,0.094,-5.28,-8.352,-2.698,1549046443426
37,0.556,0.18,0.06,-5.225,-7.952,-2.635,1549046443445
37,0.759,0.236,0.104,-5.215,-8.286,-2.02,1549046443465
37,0.787,0.297,0.137,-4.968,-8.531,-2.869,1549046443485
38,0.583,0.29,0.08,-5.129,-8.236,-2.204,1549046443506
38,0.547,0.345,0.108,-5.004,-8.838,-2.114,1549046443525
38,0.62,0.35,0.154,-5.144,-8.413,-2.686,1549046443546
38,0.511,0.276,0.094,-4.943,-7.701,-2.973,1549046443565
38,0.603,0.317,0.158,-4.879,-8.702,-2.303,1549046443586
38,0.538,0.317,0.237,-4.772,-9.655,-2.069,1549046443605
38,0.203,0.203,0.158,-3.821,-9.67,-14.49,1549046443625
38,0.305,0.152,0.135,-4.17,-4.878,1.723,1549046443645
38,1.028,-0.023,0.25,-7.58,-7.886,-3.012,1549046443666
38,0.731,-0.584,0.194,-5.066,-9.671,-2.523,1549046443685
39,-0.594,-0.188,-0.172,-5.206,-8.23,-2.291,1549046443706
39,-0.113,-0.349,0.33,-5.474,-6.638,-3.094,1549046443725
39,0.468,-0.158,0.346,-5.578,-7.995,-2.708,1549046443745
39,0.25,-0.089,0.511,-5.735,-8.844,-2.162,1549046443765
39,-0.346,-0.07,0.448,-5.404,-8.724,-1.274,1549046443786
39,-0.399,-0.108,0.444,-5.5,-8.246,-1.846,1549046443806
39,-0.216,-0.174,0.405,-5.237,-8.879,-2.358,1549046443826
39,-0.019,-0.169,0.33,-5.2,-8.101,-3.571,1549046443846
39,-0.087,-0.204,0.283,-5.256,-8.167,-1.261,1549046443866
39,-0.089,-0.199,0.259,-4.991,-9.801,-1.659,1549046443886
39,-0.165,-0.22,0.23,-4.562,-8.668,-2.318,1549046443906
39,-0.303,-0.19,0.212,-5.105,-8.497,-2.03,1549046443926
40,0.005,-0.14,0.26,-5.144,-8.706,-1.767,1549046443945
40,0.045,-0.064,0.274,-5.228,-9.457,-1.61,1549046443966
40,0.026,-0.076,0.296,-6.01,-7.774,-3.002,1549046443986
40,-0.137,-0.111,0.26,-6.13,-7.932,-2.414,1549046444006
40,-0.068,-0.103,0.184,-5.932,-8.964,-2.048,1549046444026
40,-0.024,-0.136,0.145,-5.403,-8.031,-2.337,1549046444046
40,-0.04,-0.141,0.124,-5.585,-8.164,-1.925,1549046444066
40,0.121,-0.132,0.117,-5.73,-7.823,-3.026,1549046444086
40,0.14,-0.058,0.125,-5.893,-7.94,-2.332,1549046444106
40,-0.062,-0.004,0.153,-5.999,-8.253,-2.001,1549046444126
40,-0.091,0.019,0.143,-5.841,-7.877,-2.044,1549046444146
41,-0.093,0.057,0.145,-6.151,-7.942,-1.879,1549046444165
41,0.048,0.071,0.16,-5.915,-7.719,-2.455,1549046444185
41,0.141,0.101,0.138,-5.884,-7.594,-2.448,1549046444206
41,0.223,0.167,0.159,-5.815,-8.118,-2.231,1549046444226
41,-0.022,0.205,0.192,-6.175,-7.851,-1.895,1549046444246
41,-0.167,0.249,0.183,-6.001,-8.306,-1.569,1549046444266
41,-0.011,0.317,0.199,-6.128,-7.465,-1.895,1549046444286
41,0.169,0.374,0.2,-6.009,-7.412,-1.917,1549046444306
41,0.337,0.417,0.202,-6.085,-7.846,-1.935,1549046444326
41,0.201,0.416,0.201,-6.062,-7.813,-1.486,1549046444346
41,0.08,0.411,0.143,-6.201,-7.55,-2.462,1549046444366
42,0.139,0.392,0.083,-6.326,-7.158,-2.445,1549046444386
42,0.27,0.421,0.04,-6.273,-7.859,-2.257,1549046444406
42,0.258,0.441,0.017,-6.159,-8.058,-2.024,1549046444426
42,0.182,0.424,-0.04,-6.191,-7.226,-2.307,1549046444447
42,0.268,0.407,-0.07,-6.038,-7.779,-2.745,1549046444466
42,0.414,0.431,-0.084,-6.238,-7.675,-2.789,1549046444486
42,0.353,0.465,-0.09,-6.205,-7.489,-2.668,1549046444507
42,0.396,0.497,-0.077,-5.999,-7.363,-2.517,1549046444527
42,0.374,0.517,-0.066,-5.89,-7.586,-2.497,1549046444547
42,0.353,0.538,-0.048,-5.944,-7.809,-2.493,1549046444567
42,0.276,0.584,-0.029,-5.897,-7.332,-2.492,1549046444587
42,0.337,0.629,-0.03,-5.923,-7.427,-2.75,1549046444607
42,0.412,0.653,-0.036,-6.403,-6.725,-2.573,1549046444626
42,0.431,0.676,-0.061,-6.469,-7.113,-2.501,1549046444647
43,0.414,0.656,-0.089,-5.928,-6.939,-2.576,1549046444667
43,0.389,0.639,-0.123,-6.004,-7.141,-2.081,1549046444687
43,0.489,0.665,-0.159,-5.991,-7.068,-2.644,1549046444707
43,0.449,0.687,-0.216,-6.101,-7.4,-2.673,1549046444727
43,0.379,0.665,-0.245,-6.13,-7.424,-2.569,1549046444746
43,0.429,0.614,-0.281,-6.241,-7.677,-3.063,1549046444767
43,0.594,0.59,-0.341,-6.134,-7.468,-2.713,1549046444787
43,0.541,0.549,-0.41,-6.014,-8.295,-2.843,1549046444807
43,0.381,0.443,-0.445,-5.726,-8.444,-3.362,1549046444827
43,0.349,0.377,-0.463,-5.663,-7.856,-3.725,1549046444847
43,0.539,0.348,-0.468,-5.346,-8.843,-2.88,1549046444867
43,0.264,0.298,-0.465,-5.523,-8.758,-3.48,1549046444887
43,-0.047,0.234,-0.423,-5.485,-8.721,-2.766,1549046444907
43,0.158,0.204,-0.398,-5.436,-8.708,-2.923,1549046444927
44,0.283,0.15,-0.383,-5.602,-8.803,-3.261,1549046444947
44,0.327,0.137,-0.35,-4.83,-8.703,-2.614,1549046444966
44,0.419,0.089,-0.353,-4.992,-8.434,-3.186,1549046444987
44,0.383,0.037,-0.378,-4.329,-8.216,-3.696,1549046445007
44,0.441,0.059,-0.348,-4.254,-9.115,-2.529,1549046445027
44,0.345,0.018,-0.341,-4.236,-9.421,-2.558,1549046445047
44,0.127,-0.012,-0.339,-4.16,-8.846,-2.724,1549046445067
44,0.3,-0.033,-0.353,-4.365,-8.608,-2.114,1549046445087
44,0.283,-0.067,-0.354,-4.284,-9.265,-2.789,1549046445107
44,0.113,-0.061,-0.331,-4.124,-9.396,-2.313,1549046445127
44,0.156,-0.024,-0.314,-4.305,-8.938,-2.818,1549046445146
44,0.262,-0.016,-0.272,-4.692,-8.977,-2.31,1549046445167
45,0.255,-0.025,-0.261,-4.146,-9.291,-2.332,1549046445187
45,0.198,-0.012,-0.249,-4.134,-9.455,-1.425,1549046445207
45,0.01,-0.052,-0.245,-4.096,-9.213,-1.801,1549046445227
45,0.114,-0.031,-0.216,-3.969,-9.251,-2.428,1549046445247
45,0.505,0.039,-0.204,-3.982,-9.423,-2.194,1549046445267
45,0.361,0.027,-0.184,-4.041,-8.944,-2.16,1549046445287
45,0.075,0.013,-0.215,-3.72,-9.235,-1.955,1549046445307
45,-0.048,-0.016,-0.22,-3.551,-10.356,-0.939,1549046445327
45,0.003,-0.051,-0.229,-3.471,-9.729,-1.606,1549046445347
45,0.051,-0.024,-0.225,-3.803,-9.296,-2.389,1549046445367
45,0.153,0.03,-0.211,-4.261,-8.351,-2.212,1549046445387
46,-0.002,0.029,-0.217,-4.113,-9.309,-1.944,1549046445407
46,0.029,0.045,-0.226,-3.326,-9.882,-1.285,1549046445428
46,-0.075,0.028,-0.205,-3.239,-10.067,-1.535,1549046445447
46,-0.002,0.017,-0.206,-3.072,-9.353,-2.225,1549046445468
46,-0.041,0.011,-0.203,-3.497,-9.257,-2.139,1549046445487
46,0.022,0.024,-0.235,-3.662,-8.802,-2.347,1549046445507
46,-0.012,0.029,-0.229,-3.507,-9.582,-1.953,1549046445528
46,-0.061,0.023,-0.232,-3.055,-10.366,-1.297,1549046445548
46,-0.32,-0.041,-0.263,-2.949,-10.015,-1.592,1549046445568
46,-0.258,-0.098,-0.251,-3.078,-9.364,-1.662,1549046445587
46,-0.044,-0.092,-0.224,-3.16,-9.636,-1.994,1549046445607
46,-0.052,-0.065,-0.232,-3.512,-9.254,-2.132,1549046445628
47,-0.137,-0.038,-0.266,-3.582,-9.146,-2.06,1549046445647
47,-0.095,-0.012,-0.271,-3.492,-10.014,-1.494,1549046445667
47,-0.185,-0.069,-0.262,-2.938,-10.233,-1.986,1549046445688
47,-0.256,-0.101,-0.256,-2.642,-9.735,-1.999,1549046445708
47,-0.078,-0.027,-0.255,-2.789,-10.014,-1.732,1549046445727
47,0.029,-0.014,-0.244,-3.344,-9.591,-1.628,1549046445747
47,-0.091,-0.03,-0.245,-3.788,-9.395,-1.656,1549046445768
47,-0.275,-0.016,-0.223,-3.369,-10.112,-1.215,1549046445788
47,-0.198,-0.033,-0.203,-2.731,-10.646,-1.528,1549046445808
47,0.006,-0.081,-0.194,-2.877,-9.746,-1.84,1549046445828
47,0.185,-0.039,-0.195,-2.741,-9.414,-2.082,1549046445848
48,0.164,0.005,-0.167,-2.924,-10.033,-1.853,1549046445868
48,0.035,0.0,-0.147,-3.02,-9.951,-1.016,1549046445888
48,0.009,-0.019,-0.158,-2.63,-10.425,-1.431,1549046445908
48,0.149,-0.053,-0.157,-2.195,-10.117,-1.79,1549046445928
48,0.229,-0.04,-0.154,-2.087,-10.276,-1.809,1549046445947
48,0.239,-0.021,-0.145,-2.213,-9.815,-2.232,1549046445968
48,0.185,-0.048,-0.157,-2.236,-10.151,-1.935,1549046445988
48,0.131,-0.088,-0.132,-2.317,-9.776,-1.778,1549046446008
48,-0.024,-0.126,-0.155,-2.273,-10.261,-1.422,1549046446028
48,-0.105,-0.074,-0.156,-1.989,-9.658,-1.698,1549046446048
48,0.116,-0.053,-0.152,-1.826,-10.022,-2.335,1549046446068
48,0.312,-0.051,-0.142,-1.85,-10.048,-2.155,1549046446088
48,0.154,-0.088,-0.129,-2.121,-9.942,-2.138,1549046446108
49,-0.113,-0.133,-0.127,-2.597,-9.48,-2.079,1549046446128
49,-0.149,-0.136,-0.111,-2.795,-9.942,-1.405,1549046446148
49,-0.054,-0.118,-0.087,-2.408,-10.177,-1.648,1549046446168
49,0.008,-0.112,-0.028,-2.146,-10.26,-1.782,1549046446188
49,0.061,-0.072,-0.017,-1.912,-9.415,-1.846,1549046446208
49,-0.026,-0.039,-0.026,-2.468,-9.829,-1.553,1549046446228
49,-0.068,-0.033,-0.038,-2.636,-9.667,-1.004,1549046446248
49,-0.087,-0.05,-0.078,-2.653,-9.935,-1.278,1549046446268
49,0.059,-0.048,-0.095,-2.245,-10.16,-2.049,1549046446288
49,0.055,-0.046,-0.107,-2.208,-9.955,-1.744,1549046446308
49,0.01,-0.015,-0.117,-2.193,-9.924,-1.999,1549046446328
50,-0.096,-0.039,-0.128,-2.302,-9.955,-1.75,1549046446348
50,-0.102,-0.074,-0.103,-2.457,-9.991,-1.555,1549046446368
50,-0.06,-0.076,-0.087,-2.494,-10.245,-1.149,1549046446388
50,-0.05,-0.029,-0.085,-2.148,-9.603,-1.598,1549046446408
50,-0.039,0.043,-0.077,-1.877,-9.877,-1.566,1549046446428
50,0.0,0.062,-0.072,-1.826,-9.811,-1.66,1549046446448
50,0.073,0.048,-0.098,-1.799,-10.072,-1.843,1549046446468
50,0.206,0.045,-0.106,-1.961,-9.979,-1.846,1549046446488
50,0.17,0.015,-0.128,-1.892,-9.714,-1.479,1549046446508
50,-0.027,-0.006,-0.135,-1.871,-9.632,-1.387,1549046446528
50,-0.085,-0.026,-0.146,-1.95,-9.666,-1.149,1549046446548
50,0.014,-0.032,-0.153,-1.739,-9.926,-1.588,1549046446568
51,0.13,0.001,-0.158,-1.722,-9.891,-1.559,1549046446588
51,0.149,0.03,-0.159,-1.755,-9.86,-1.624,1549046446608
51,0.142,0.054,-0.179,-1.708,-10.012,-1.438,1549046446629
51,0.073,0.051,-0.192,-1.714,-9.489,-1.411,1549046446648
51,0.015,0.034,-0.207,-1.769,-9.77,-2.053,1549046446669
51,0.052,0.03,-0.227,-1.767,-9.778,-1.891,1549046446688
51,0.069,0.027,-0.237,-1.629,-9.955,-1.442,1549046446709
51,-0.01,-0.043,-0.222,-1.65,-10.156,-1.716,1549046446728
51,-0.065,-0.095,-0.218,-1.638,-9.895,-2.043,1549046446748
51,0.033,-0.07,-0.226,-1.675,-10.454,-2.129,1549046446768
51,0.037,-0.044,-0.235,-1.962,-10.045,-2.487,1549046446789
51,-0.02,-0.028,-0.244,-1.932,-10.264,-1.477,1549046446809
51,-0.061,-0.067,-0.22,-1.583,-10.291,-1.427,1549046446829
52,-0.204,-0.153,-0.182,-1.383,-10.033,-1.894,1549046446849
52,-0.108,-0.145,-0.176,-1.523,-10.455,-2.047,1549046446869
52,-0.035,-0.096,-0.172,-1.313,-10.362,-2.11,1549046446889
52,0.014,-0.07,-0.158,-1.344,-10.306,-1.444,1549046446909
52,-0.08,-0.034,-0.12,-1.583,-10.524,-0.647,1549046446929
52,-0.262,-0.079,-0.083,-1.708,-10.691,-0.828,1549046446949
52,-0.269,-0.084,-0.066,-1.61,-10.32,-1.519,1549046446969
52,0.07,-0.019,-0.038,-1.331,-10.328,-1.805,1549046446989
52,0.171,0.023,-0.023,-1.025,-10.195,-2.085,1549046447009
52,0.029,0.045,-0.018,-1.099,-10.265,-1.978,1549046447028
52,0.004,0.017,-0.009,-1.162,-10.224,-1.493,1549046447049
52,-0.03,-0.074,0.0,-1.432,-9.855,-1.709,1549046447069
53,-0.093,-0.116,-0.018,-1.779,-9.641,-1.9,1549046447089
53,-0.064,-0.087,-0.032,-1.77,-10.052,-1.541,1549046447109
53,0.012,-0.091,-0.019,-1.41,-10.355,-1.53,1549046447129
53,0.107,-0.066,-0.017,-1.225,-10.809,-1.237,1549046447149
53,0.116,-0.046,-0.028,-1.206,-10.036,-1.703,1549046447169
53,0.106,-0.064,-0.032,-1.487,-9.942,-1.312,1549046447188
53,0.09,-0.087,-0.067,-1.051,-10.486,-1.3,1549046447209
53,0.051,-0.111,-0.07,-0.785,-10.23,-0.952,1549046447229
53,0.094,-0.166,-0.096,-0.656,-9.992,-0.959,1549046447249
53,0.158,-0.2,-0.13,-0.898,-10.32,-1.246,1549046447268
53,0.18,-0.197,-0.158,-0.241,-10.154,-0.36,1549046447289
53,0.103,-0.18,-0.107,-1.388,-10.911,-0.873,1549046447309
53,0.254,-0.197,-0.216,-1.588,-10.198,-1.721,1549046447329
53,0.604,-0.126,-0.21,-1.545,-9.61,-1.704,1549046447349
53,0.573,-0.187,-0.13,-1.38,-10.467,-1.822,1549046447369
54,0.036,-0.249,-0.147,-1.706,-10.378,-1.302,1549046447388
54,-0.143,-0.295,-0.189,-1.598,-8.978,-1.066,1549046447409
54,0.211,-0.16,-0.201,-1.388,-10.146,-1.424,1549046447428
54,0.366,-0.067,-0.182,-1.21,-11.098,-2.0,1549046447449
54,0.172,-0.053,-0.132,-1.344,-9.679,-2.305,1549046447470
54,0.107,-0.017,-0.116,-1.331,-9.275,-1.731,1549046447489
54,0.086,0.034,-0.058,-1.433,-10.443,-1.338,1549046447508
54,-0.075,-0.029,-0.026,-1.223,-10.212,-0.934,1549046447529
54,-0.033,-0.025,-0.052,-0.86,-10.233,-0.734,1549046447548
54,0.02,0.005,-0.001,-0.9,-10.191,-0.62,1549046447569
54,0.081,0.011,0.01,-1.247,-10.126,-1.205,1549046447588
54,0.241,0.058,0.003,-1.238,-9.841,-0.959,1549046447609
54,0.27,0.077,-0.034,-0.969,-9.644,-0.646,1549046447628
55,0.403,0.058,-0.077,-0.948,-11.096,-0.868,1549046447649
55,0.378,0.027,-0.022,-0.861,-10.433,-1.185,1549046447668
55,0.231,-0.002,-0.023,-0.982,-9.817,-0.873,1549046447689
55,0.115,0.017,0.026,-1.098,-10.103,-0.796,1549046447709
55,0.028,0.027,0.023,-0.999,-10.015,-0.718,1549046447729
55,0.007,0.029,0.011,-0.97,-10.134,-0.646,1549046447749
55,0.123,0.055,0.046,-0.855,-10.58,-0.246,1549046447769
55,0.127,0.054,0.039,-0.744,-10.421,0.064,1549046447789
55,0.124,0.04,0.038,-0.823,-10.218,-0.517,1549046447809
55,0.163,0.039,0.034,-1.059,-10.003,-0.86,1549046447829
55,0.145,0.05,0.02,-1.326,-10.305,-0.623,1549046447849
55,0.163,0.045,0.01,-1.078,-10.656,-0.167,1549046447869
55,0.091,0.014,0.011,-0.674,-10.036,-0.319,1549046447890
55,0.078,-0.012,0.028,-0.943,-10.399,-0.373,1549046447910
55,0.156,-0.004,0.033,-1.447,-9.954,-0.808,1549046447929
56,0.203,0.021,0.012,-0.999,-10.185,-0.811,1549046447949
56,0.121,0.047,0.026,-0.7,-10.268,-0.294,1549046447969
56,-0.029,-0.015,0.016,-0.786,-9.986,-0.028,1549046447989
56,0.008,-0.019,0.02,-1.179,-9.949,-0.424,1549046448010
56,0.081,0.014,0.009,-1.11,-10.189,-0.584,1549046448029
56,0.113,0.05,0.0,-1.026,-10.373,-0.095,1549046448049
56,0.039,0.011,-0.004,-1.054,-10.137,-0.259,1549046448069
56,0.068,-0.019,-0.011,-1.081,-9.88,-0.52,1549046448089
56,0.116,0.004,-0.011,-1.016,-10.337,-0.409,1549046448109
56,0.076,0.004,-0.033,-0.96,-10.467,-0.148,1549046448129
56,-0.06,-0.022,0.0,-1.239,-10.048,-0.578,1549046448149
57,-0.011,-0.006,0.0,-1.199,-10.135,-0.535,1549046448170
57,0.062,0.03,0.0,-0.847,-10.499,-0.247,1549046448190
57,0.02,0.0,-0.003,-0.829,-10.241,-0.454,1549046448209
57,-0.017,-0.02,0.005,-1.117,-9.997,-0.496,1549046448229
57,-0.009,-0.002,0.021,-0.951,-10.248,-0.19,1549046448250
57,-0.026,-0.009,0.017,-0.886,-10.283,-0.11,1549046448269
57,-0.003,-0.014,0.003,-1.155,-10.041,-0.21,1549046448289
57,0.048,-0.003,0.002,-1.068,-10.126,-0.409,1549046448309
57,0.043,0.011,-0.003,-0.999,-10.216,-0.334,1549046448330
57,-0.013,-0.002,-0.012,-0.879,-10.298,-0.172,1549046448350
57,0.002,-0.004,-0.011,-0.991,-10.277,-0.408,1549046448370
57,-0.001,-0.01,-0.008,-1.029,-10.152,-0.438,1549046448389
58,0.035,0.014,-0.008,-1.194,-10.102,-0.382,1549046448409
58,0.02,0.018,-0.005,-0.955,-10.337,-0.355,1549046448429
58,-0.007,0.009,-0.006,-0.978,-10.187,-0.307,1549046448450
58,-0.013,0.001,-0.003,-1.065,-10.09,-0.376,1549046448469
58,0.009,0.021,0.001,-0.98,-10.202,-0.219,1549046448490
58,-0.013,0.024,-0.001,-1.006,-10.28,-0.129,1549046448509
58,-0.023,0.01,-0.002,-1.08,-10.234,-0.333,1549046448529
58,0.038,0.032,-0.011,-1.13,-10.291,-0.316,1549046448549
58,0.077,0.04,-0.016,-1.131,-10.092,-0.467,1549046448570
58,0.051,0.012,-0.021,-0.885,-10.521,-0.461,1549046448589
58,0.07,-0.009,-0.019,-0.936,-10.037,-0.326,1549046448610
59,0.054,-0.02,-0.022,-1.082,-10.036,-0.103,1549046448629
59,0.058,-0.011,-0.013,-1.004,-10.304,-0.069,1549046448650
59,0.029,-0.011,-0.018,-0.944,-10.536,-0.204,1549046448669
59,0.047,0.003,-0.014,-0.953,-9.897,-0.324,1549046448690
59,0.025,0.008,-0.003,-1.009,-10.116,-0.342,1549046448710
59,-0.043,-0.004,-0.001,-0.885,-10.06,-0.283,1549046448730
59,-0.088,-0.008,-0.017,-0.979,-10.179,-0.274,1549046448750
59,-0.032,-0.005,-0.012,-1.128,-10.161,-0.261,1549046448770
59,0.01,0.012,-0.022,-1.129,-10.186,-0.269,1549046448789
59,0.033,0.022,-0.019,-0.955,-10.264,-0.255,1549046448810
59,-0.023,0.015,-0.012,-0.981,-10.271,-0.329,1549046448830
60,-0.03,0.014,-0.013,-1.147,-10.095,-0.507,1549046448850
60,-0.017,0.003,-0.009,-0.938,-10.197,-0.177,1549046448870
60,-0.116,-0.018,-0.002,-0.93,-10.21,-0.347,1549046448890
60,-0.168,-0.035,-0.005,-1.045,-9.955,-0.478,1549046448910
60,-0.114,-0.011,-0.005,-1.15,-10.07,-0.621,1549046448930
60,-0.031,-0.003,0.001,-1.149,-10.248,-0.542,1549046448950
60,-0.159,-0.012,0.016,-1.042,-10.406,-0.587,1549046448970
60,-0.294,-0.019,0.019,-1.004,-10.096,-0.466,1549046448990
60,-0.285,-0.023,0.02,-1.04,-9.902,-0.37,1549046449010
60,-0.1,0.006,0.013,-1.037,-10.217,-0.781,1549046449030
60,-0.06,0.023,0.023,-0.972,-10.584,-0.735,1549046449050
60,-0.193,0.021,0.037,-1.235,-10.145,-0.711,1549046449070
61,-0.298,0.026,0.083,-1.412,-9.793,-0.968,1549046449090
61,-0.52,0.045,0.104,-1.309,-10.008,-1.11,1549046449110
61,-0.491,0.061,0.131,-1.453,-9.801,-1.218,1549046449131
61,-0.502,0.056,0.131,-1.881,-10.147,-1.385,1549046449150
61,-0.49,0.068,0.144,-1.713,-9.98,-1.355,1549046449170
61,-0.528,0.061,0.162,-0.976,-10.039,-1.184,1549046449191
61,-0.465,0.039,0.152,-0.424,-10.556,-1.066,1549046449210
61,-0.403,0.031,0.112,-0.484,-10.515,-1.015,1549046449230
61,-0.196,0.045,0.089,-0.629,-10.356,-1.316,1549046449250
61,-0.15,0.071,0.059,-1.03,-10.361,-1.568,1549046449270
61,-0.242,0.059,0.07,-1.2,-10.048,-1.36,1549046449291
62,-0.23,0.022,0.072,-1.278,-10.06,-1.15,1549046449311
62,-0.102,0.003,0.102,-1.393,-10.117,-1.18,1549046449330
62,-0.115,-0.026,0.13,-1.317,-10.027,-1.503,1549046449350
62,-0.158,-0.039,0.111,-1.304,-10.015,-1.831,1549046449371
62,-0.144,-0.025,0.099,-1.488,-9.938,-1.786,1549046449391
62,-0.043,-0.006,0.084,-1.526,-10.099,-1.517,1549046449410
62,-0.012,-0.016,0.087,-1.504,-10.053,-1.48,1549046449430
62,-0.153,-0.09,0.084,-1.453,-10.058,-1.505,1549046449451
62,-0.183,-0.128,0.067,-1.433,-10.297,-1.721,1549046449470
62,-0.13,-0.121,0.042,-1.357,-10.414,-1.84,1549046449491
62,-0.077,-0.093,0.048,-1.368,-10.422,-1.532,1549046449511
62,-0.105,-0.097,0.075,-1.399,-10.229,-1.568,1549046449531
62,-0.083,-0.121,0.079,-1.501,-9.763,-1.334,1549046449551
62,-0.059,-0.142,0.057,-1.42,-9.992,-1.408,1549046449570
62,-0.024,-0.144,0.084,-1.213,-9.935,-1.724,1549046449591
62,0.016,-0.131,0.092,-1.256,-10.133,-1.742,1549046449611
63,0.128,-0.097,0.071,-1.582,-10.116,-1.913,1549046449631
63,0.098,-0.054,0.053,-1.514,-10.162,-1.899,1549046449651
63,-0.023,-0.025,0.032,-1.349,-10.258,-1.832,1549046449671
63,0.021,0.02,0.004,-1.424,-10.21,-1.932,1549046449691
63,0.034,0.052,-0.028,-1.454,-10.366,-1.706,1549046449711
63,0.051,0.115,-0.045,-1.507,-10.164,-1.607,1549046449731
63,0.041,0.163,-0.056,-1.309,-10.17,-1.273,1549046449750
63,0.055,0.176,-0.073,-1.291,-10.281,-1.467,1549046449770
63,0.049,0.177,-0.102,-1.282,-10.299,-1.55,1549046449791
63,0.178,0.23,-0.088,-1.179,-10.03,-1.669,1549046449810
63,0.24,0.263,-0.084,-1.066,-9.921,-1.214,1549046449831
63,0.207,0.263,-0.105,-1.198,-10.189,-1.381,1549046449851
63,0.044,0.235,-0.173,-1.323,-10.164,-1.697,1549046449871
64,-0.106,0.228,-0.233,-1.203,-10.183,-1.596,1549046449891
64,-0.015,0.278,-0.249,-1.153,-10.353,-1.458,1549046449911
64,0.181,0.342,-0.253,-1.367,-10.117,-1.193,1549046449931
64,0.241,0.397,-0.266,-1.405,-9.86,-1.55,1549046449951
64,0.128,0.399,-0.276,-1.323,-9.826,-2.041,1549046449971
64,-0.025,0.371,-0.266,-1.242,-10.007,-1.763,1549046449991
64,0.008,0.4,-0.232,-1.193,-9.98,-1.214,1549046450011
64,0.271,0.407,-0.171,-1.093,-10.076,-1.308,1549046450032
64,0.346,0.409,-0.15,-0.888,-10.153,-1.675,1549046450051
64,0.175,0.367,-0.137,-0.829,-9.91,-1.634,1549046450072
64,0.06,0.312,-0.077,-0.947,-9.82,-1.458,1549046450091
64,0.119,0.303,-0.015,-0.88,-10.259,-1.193,1549046450111
