pack,vx,vy,vz,ax,ay,az,time
1,-0.039,-0.043,-0.001,-0.286,-9.776,-3.987,1549047232761
1,-0.009,-0.06,-0.005,-0.252,-9.865,-4.031,1549047232781
1,-0.019,-0.058,0.014,-0.486,-9.714,-4.07,1549047232801
1,0.014,-0.049,0.01,-0.543,-9.186,-4.015,1549047232821
1,0.022,-0.082,-0.006,-0.328,-9.4,-4.126,1549047232841
1,-0.057,-0.148,0.008,-0.3,-9.322,-4.222,1549047232861
1,-0.089,-0.198,0.014,-0.275,-9.252,-4.216,1549047232881
1,-0.082,-0.222,0.02,-0.297,-9.484,-3.828,1549047232901
1,-0.112,-0.259,0.032,-0.308,-9.886,-3.833,1549047232920
1,-0.148,-0.269,0.036,-0.717,-9.356,-3.868,1549047232941
1,-0.076,-0.254,0.009,-0.961,-9.886,-3.981,1549047232961
1,-0.076,-0.307,0.027,-0.849,-9.638,-4.294,1549047232981
2,-0.068,-0.371,0.013,-0.631,-9.632,-4.814,1549047233000
2,0.01,-0.398,0.061,-0.69,-9.422,-3.905,1549047233021
2,0.011,-0.382,0.09,-0.606,-10.115,-3.781,1549047233041
2,-0.124,-0.496,0.006,-0.552,-9.359,-3.828,1549047233061
2,0.002,-0.52,-0.101,-0.648,-9.314,-4.385,1549047233081
2,0.046,-0.512,-0.027,-0.422,-9.098,-4.709,1549047233101
2,0.084,-0.572,-0.065,-0.516,-9.522,-4.231,1549047233121
2,0.091,-0.583,0.036,-1.0,-9.673,-3.889,1549047233141
2,0.173,-0.587,-0.035,-1.164,-8.155,-3.814,1549047233161
2,0.128,-0.684,-0.069,-0.134,-9.585,-4.564,1549047233181
2,-0.082,-0.811,-0.025,-0.61,-8.607,-4.169,1549047233201
2,0.054,-0.685,0.037,-0.616,-7.581,-4.118,1549047233221
2,-0.144,-0.752,0.045,-1.499,-8.828,-4.627,1549047233241
2,-0.494,-0.746,0.029,-1.631,-10.478,-5.733,1549047233262
2,-0.409,-0.908,-0.146,-0.649,-10.643,-5.624,1549047233281
3,0.129,-1.092,-0.019,-0.547,-7.917,-3.962,1549047233301
3,-0.17,-1.078,0.148,-1.525,-8.145,-4.852,1549047233321
3,-0.776,-1.014,0.215,-1.569,-8.945,-4.208,1549047233341
3,-0.877,-0.943,0.02,-2.094,-10.336,-4.316,1549047233362
3,-0.584,-0.829,-0.01,-1.512,-9.704,-5.737,1549047233382
3,-0.698,-0.87,0.028,-1.585,-8.241,-6.071,1549047233401
3,-0.675,-0.804,0.154,-1.475,-8.872,-4.889,1549047233422
3,-0.833,-0.822,0.002,-1.33,-10.754,-3.887,1549047233441
3,-0.535,-0.762,-0.037,-1.938,-10.492,-4.089,1549047233462
3,0.226,-0.552,0.036,-1.593,-5.998,-6.231,1549047233482
3,-0.025,-0.549,0.042,-1.73,-5.994,-6.866,1549047233502
4,-0.86,-0.622,-0.021,-1.478,-8.441,-4.976,1549047233522
4,-1.234,-0.695,-0.185,-0.782,-9.285,-5.904,1549047233541
4,-1.423,-0.787,-0.089,-0.592,-8.395,-6.44,1549047233562
4,-1.223,-0.645,0.008,-1.494,-7.933,-5.765,1549047233582
4,-1.141,-0.387,0.013,-2.106,-9.097,-5.189,1549047233601
4,-1.365,-0.24,0.006,-0.765,-10.165,-5.528,1549047233622
4,-1.362,-0.42,0.15,-0.265,-9.085,-6.238,1549047233641
4,-1.06,-0.364,0.249,-1.479,-8.585,-6.134,1549047233662
4,-0.85,-0.112,0.242,-1.637,-9.283,-6.066,1549047233681
4,-0.863,-0.157,0.226,-1.587,-9.491,-5.889,1549047233702
4,-0.7,-0.168,0.277,-1.99,-8.724,-6.569,1549047233721
4,-0.405,-0.142,0.239,-2.102,-8.105,-6.744,1549047233741
5,-0.306,-0.142,0.221,-2.132,-8.262,-6.917,1549047233762
5,-0.319,-0.194,0.15,-2.595,-8.086,-7.104,1549047233781
5,-0.213,-0.082,0.098,-2.617,-7.882,-6.632,1549047233802
5,-0.176,-0.222,0.035,-2.776,-8.02,-7.163,1549047233822
5,-0.155,-0.195,0.039,-3.224,-7.4,-6.855,1549047233842
5,-0.058,-0.145,0.031,-2.73,-7.069,-7.039,1549047233862
5,-0.008,-0.195,0.078,-2.013,-8.202,-6.348,1549047233882
5,-0.239,-0.362,0.04,-3.026,-7.784,-7.292,1549047233902
5,-0.051,-0.074,0.107,-3.115,-7.089,-7.663,1549047233922
5,0.021,-0.147,0.095,-3.133,-7.474,-7.026,1549047233942
6,-0.118,-0.249,0.088,-3.494,-7.145,-7.492,1549047233961
6,-0.094,-0.186,0.132,-2.972,-7.183,-7.566,1549047233981
6,-0.18,-0.348,0.129,-3.44,-7.448,-6.974,1549047234001
6,-0.174,-0.314,0.138,-4.149,-7.934,-7.357,1549047234021
6,0.077,-0.256,0.141,-3.54,-6.754,-7.189,1549047234042
6,0.294,-0.387,0.164,-3.252,-6.555,-7.51,1549047234061
6,-0.059,-0.388,0.161,-3.833,-7.625,-7.33,1549047234081
6,-0.283,-0.36,0.172,-4.127,-7.236,-7.343,1549047234101
6,-0.134,-0.353,0.212,-3.45,-6.72,-6.959,1549047234121
6,0.016,-0.467,0.216,-3.613,-7.745,-6.404,1549047234141
6,0.038,-0.396,0.209,-4.11,-6.666,-7.151,1549047234162
7,0.202,-0.297,0.291,-3.616,-7.289,-6.566,1549047234182
7,0.089,-0.408,0.266,-3.76,-7.342,-6.855,1549047234202
7,0.204,-0.316,0.32,-3.722,-6.988,-6.437,1549047234221
7,0.259,-0.322,0.35,-3.692,-6.85,-6.298,1549047234242
7,0.153,-0.31,0.354,-3.953,-7.35,-6.368,1549047234261
7,0.176,-0.262,0.354,-4.06,-6.605,-6.941,1549047234281
7,0.296,-0.211,0.387,-4.208,-6.782,-5.949,1549047234302
7,0.237,-0.238,0.339,-3.646,-7.08,-6.286,1549047234322
7,0.191,-0.29,0.332,-3.889,-6.85,-6.346,1549047234342
7,0.139,-0.226,0.313,-4.383,-7.083,-5.577,1549047234361
7,0.167,-0.216,0.291,-4.073,-6.54,-6.548,1549047234381
7,0.401,-0.192,0.285,-4.409,-5.916,-6.668,1549047234401
7,0.56,-0.112,0.244,-4.493,-6.803,-6.125,1549047234422
7,0.289,-0.195,0.16,-4.038,-6.511,-6.237,1549047234442
7,0.277,-0.221,0.175,-4.509,-6.914,-5.509,1549047234461
8,0.2,-0.212,0.121,-4.149,-6.889,-6.267,1549047234482
8,0.343,-0.181,0.162,-5.13,-6.703,-5.003,1549047234501
8,0.423,-0.064,0.155,-4.81,-6.559,-6.156,1549047234522
8,0.294,-0.067,0.158,-5.203,-5.602,-6.379,1549047234542
8,0.284,-0.052,0.092,-5.878,-6.378,-5.32,1549047234561
8,0.209,-0.125,0.0,-4.785,-6.939,-5.614,1549047234582
8,0.191,-0.244,-0.036,-5.079,-6.549,-5.052,1549047234602
8,0.2,-0.156,0.017,-5.372,-6.657,-5.557,1549047234622
8,0.271,-0.114,0.012,-5.255,-6.77,-5.153,1549047234642
8,0.237,-0.121,-0.001,-5.24,-6.236,-5.64,1549047234662
8,0.202,-0.083,0.035,-5.729,-6.551,-5.019,1549047234682
8,0.082,-0.1,-0.009,-5.569,-7.194,-4.696,1549047234702
8,0.02,-0.204,-0.08,-5.15,-7.64,-4.378,1549047234722
8,0.104,-0.13,-0.046,-4.866,-7.257,-5.578,1549047234742
8,0.231,-0.005,0.035,-4.72,-6.61,-5.186,1549047234762
9,0.261,-0.04,-0.007,-5.122,-7.267,-4.761,1549047234782
9,0.053,-0.094,-0.06,-5.486,-7.95,-4.388,1549047234803
9,0.084,-0.132,-0.082,-5.231,-7.734,-4.504,1549047234822
9,0.402,-0.135,-0.074,-4.728,-7.304,-5.078,1549047234842
9,0.627,-0.019,-0.031,-4.904,-6.548,-5.278,1549047234863
9,0.54,0.015,-0.072,-5.524,-7.069,-4.523,1549047234883
9,0.22,-0.074,-0.119,-4.66,-8.295,-4.576,1549047234903
9,0.065,-0.266,-0.164,-4.654,-8.225,-4.114,1549047234922
9,0.259,-0.188,-0.129,-4.933,-7.686,-4.997,1549047234942
9,0.35,-0.023,-0.055,-4.91,-7.202,-4.035,1549047234962
9,0.381,-0.082,-0.081,-5.164,-8.311,-4.053,1549047234982
10,0.114,-0.147,-0.179,-5.061,-8.047,-3.926,1549047235003
10,0.179,-0.204,-0.201,-4.608,-8.067,-4.028,1549047235022
10,0.287,-0.225,-0.206,-4.462,-8.18,-3.631,1549047235043
10,0.347,-0.232,-0.221,-4.992,-8.274,-4.383,1549047235063
10,0.268,-0.184,-0.231,-4.997,-7.994,-4.062,1549047235083
10,0.406,-0.249,-0.222,-4.299,-8.021,-3.877,1549047235103
10,0.322,-0.332,-0.244,-4.596,-8.155,-3.894,1549047235123
10,0.271,-0.265,-0.238,-5.127,-7.673,-4.45,1549047235143
10,0.267,-0.195,-0.229,-4.893,-8.139,-3.582,1549047235163
10,0.177,-0.304,-0.204,-4.626,-8.38,-3.158,1549047235183
10,-0.019,-0.415,-0.244,-4.959,-8.828,-2.801,1549047235203
11,-0.06,-0.336,-0.241,-4.571,-8.403,-3.999,1549047235223
11,0.198,-0.161,-0.131,-4.866,-7.869,-3.815,1549047235242
11,0.247,-0.097,-0.122,-4.783,-8.361,-3.74,1549047235263
11,0.02,-0.179,-0.14,-4.726,-8.932,-2.383,1549047235283
11,-0.07,-0.237,-0.162,-4.454,-9.321,-2.738,1549047235303
11,-0.077,-0.196,-0.17,-4.582,-8.336,-3.574,1549047235323
11,0.046,-0.074,-0.123,-4.598,-8.226,-3.524,1549047235343
11,0.031,-0.127,-0.159,-4.43,-9.126,-2.234,1549047235363
11,-0.015,-0.218,-0.191,-4.311,-9.128,-3.194,1549047235383
11,0.076,-0.116,-0.162,-4.41,-8.186,-4.003,1549047235403
11,0.183,-0.106,-0.156,-4.74,-8.319,-3.265,1549047235422
11,0.161,-0.134,-0.197,-4.013,-9.748,-2.775,1549047235443
11,-0.008,-0.2,-0.225,-3.897,-8.829,-3.468,1549047235463
11,0.073,-0.079,-0.157,-4.257,-7.724,-3.955,1549047235483
12,0.11,-0.02,-0.164,-4.389,-8.122,-3.85,1549047235503
12,-0.01,-0.056,-0.19,-3.909,-9.434,-2.841,1549047235523
12,-0.18,-0.144,-0.219,-3.884,-9.103,-3.226,1549047235543
12,-0.067,-0.075,-0.182,-4.121,-8.726,-3.168,1549047235562
12,-0.042,-0.068,-0.184,-4.226,-8.145,-3.964,1549047235583
12,-0.015,-0.047,-0.193,-4.145,-8.344,-3.38,1549047235603
12,-0.131,-0.118,-0.239,-4.364,-9.148,-2.806,1549047235623
12,-0.207,-0.16,-0.266,-3.861,-9.373,-3.011,1549047235643
12,-0.143,-0.149,-0.25,-4.11,-8.169,-3.955,1549047235663
12,0.024,-0.033,-0.213,-3.701,-8.103,-3.413,1549047235682
12,-0.047,-0.08,-0.232,-4.167,-8.604,-3.156,1549047235703
12,-0.174,-0.04,-0.246,-3.955,-9.513,-2.597,1549047235723
13,-0.315,-0.025,-0.221,-4.161,-9.07,-3.088,1549047235742
13,-0.248,0.058,-0.187,-4.349,-8.369,-3.97,1549047235763
13,-0.159,0.087,-0.19,-4.291,-8.226,-3.947,1549047235782
13,-0.151,0.023,-0.216,-3.432,-9.596,-3.098,1549047235802
13,-0.264,-0.058,-0.271,-3.571,-9.791,-3.196,1549047235822
13,-0.217,0.079,-0.245,-3.783,-8.562,-4.322,1549047235843
13,-0.118,0.143,-0.207,-4.05,-7.769,-4.279,1549047235862
13,-0.062,0.078,-0.227,-3.683,-9.978,-3.196,1549047235882
13,-0.226,-0.028,-0.277,-3.677,-9.836,-3.564,1549047235903
13,-0.021,0.029,-0.186,-3.508,-8.965,-3.935,1549047235923
14,0.047,0.037,-0.169,-3.75,-8.444,-4.437,1549047235943
14,0.014,0.035,-0.157,-3.383,-8.66,-4.122,1549047235962
14,-0.101,-0.019,-0.192,-3.482,-9.265,-4.207,1549047235983
14,-0.12,-0.023,-0.195,-3.559,-9.302,-3.761,1549047236002
14,-0.104,-0.035,-0.176,-3.917,-8.727,-4.166,1549047236022
14,-0.139,0.03,-0.121,-3.59,-8.418,-4.404,1549047236043
14,-0.205,-0.01,-0.121,-3.265,-9.444,-3.896,1549047236062
14,-0.225,-0.089,-0.142,-3.472,-9.215,-4.169,1549047236083
14,-0.217,-0.054,-0.093,-3.207,-8.664,-3.83,1549047236103
14,-0.112,-0.049,-0.1,-3.134,-8.992,-4.616,1549047236123
14,-0.06,0.006,-0.12,-3.419,-8.319,-4.602,1549047236143
14,-0.065,0.0,-0.129,-3.61,-9.331,-4.197,1549047236163
14,-0.195,-0.121,-0.173,-3.545,-10.024,-3.771,1549047236183
14,-0.105,-0.199,-0.171,-3.34,-8.53,-4.919,1549047236203
14,0.067,-0.172,-0.124,-3.579,-8.013,-5.201,1549047236223
15,-0.042,-0.134,-0.144,-3.274,-8.937,-4.573,1549047236243
15,-0.148,-0.158,-0.123,-3.379,-8.946,-4.427,1549047236263
15,-0.074,-0.131,-0.079,-3.525,-8.997,-3.856,1549047236283
15,0.036,-0.132,-0.054,-3.635,-9.559,-3.563,1549047236303
15,0.052,-0.092,-0.024,-3.666,-8.381,-4.362,1549047236323
15,0.061,-0.055,0.018,-3.457,-8.926,-3.551,1549047236344
15,-0.028,-0.073,-0.016,-3.344,-9.342,-4.135,1549047236363
15,0.039,-0.043,-0.048,-2.181,-8.946,-4.502,1549047236383
15,0.098,-0.123,-0.121,-3.072,-8.618,-4.497,1549047236403
15,0.145,-0.101,-0.14,-3.589,-8.526,-4.064,1549047236424
15,0.145,-0.156,-0.183,-2.689,-9.785,-3.079,1549047236443
16,0.17,-0.184,-0.21,-2.459,-9.135,-3.557,1549047236463
16,0.327,-0.155,-0.183,-3.463,-8.585,-3.19,1549047236483
16,0.331,-0.076,-0.154,-2.799,-8.363,-4.331,1549047236504
16,0.319,-0.015,-0.132,-2.755,-8.216,-4.263,1549047236523
16,0.24,0.064,-0.12,-2.844,-9.085,-3.307,1549047236543
16,-0.013,0.072,-0.104,-2.796,-9.749,-3.198,1549047236564
16,-0.052,0.08,-0.099,-2.608,-9.013,-3.714,1549047236583
16,0.144,0.044,-0.113,-2.663,-9.38,-3.288,1549047236603
16,0.266,0.015,-0.156,-2.383,-8.803,-4.364,1549047236623
16,0.254,0.016,-0.192,-2.476,-9.422,-2.968,1549047236643
16,0.121,0.005,-0.242,-2.826,-9.486,-3.774,1549047236664
17,0.171,0.036,-0.215,-2.927,-8.927,-3.7,1549047236683
17,0.246,0.016,-0.225,-3.343,-9.716,-2.995,1549047236704
17,0.305,-0.003,-0.226,-2.768,-9.594,-3.561,1549047236724
17,0.363,0.006,-0.192,-2.692,-8.984,-3.763,1549047236744
17,0.189,0.015,-0.17,-2.395,-8.72,-4.588,1549047236764
17,0.148,-0.007,-0.19,-3.034,-9.088,-3.878,1549047236784
17,0.029,0.001,-0.195,-2.863,-10.381,-2.467,1549047236804
17,0.012,-0.018,-0.168,-2.633,-9.818,-3.73,1549047236824
17,0.183,-0.006,-0.123,-3.262,-9.073,-3.056,1549047236843
17,0.204,-0.016,-0.128,-3.151,-9.577,-2.952,1549047236864
17,0.167,0.029,-0.133,-3.006,-9.429,-3.286,1549047236884
18,0.143,0.081,-0.131,-2.412,-10.099,-3.658,1549047236903
18,0.064,0.086,-0.139,-1.842,-9.278,-4.066,1549047236924
18,0.182,-0.046,-0.174,-2.894,-10.549,-2.887,1549047236944
18,0.062,-0.02,-0.161,-2.029,-9.144,-3.474,1549047236964
18,0.366,-0.077,-0.14,-2.274,-9.646,-2.982,1549047236983
18,0.356,-0.086,-0.167,-2.367,-8.838,-3.438,1549047237004
18,0.143,-0.083,-0.167,-2.776,-9.408,-2.761,1549047237024
18,0.03,-0.031,-0.181,-2.72,-9.482,-2.685,1549047237044
18,0.148,-0.007,-0.15,-2.759,-10.001,-2.508,1549047237064
18,0.091,0.014,-0.145,-2.202,-9.928,-2.507,1549047237084
19,0.11,0.003,-0.12,-2.219,-9.359,-3.486,1549047237103
19,0.125,0.036,-0.137,-2.205,-9.458,-2.712,1549047237124
19,0.117,0.018,-0.172,-2.184,-10.771,-2.55,1549047237144
19,0.116,0.037,-0.183,-1.727,-9.465,-3.65,1549047237164
19,0.221,-0.007,-0.188,-1.949,-9.167,-3.183,1549047237184
19,0.147,-0.062,-0.214,-1.994,-9.958,-2.995,1549047237204
19,0.136,-0.083,-0.183,-1.642,-9.721,-2.739,1549047237224
19,0.178,-0.1,-0.161,-2.055,-9.58,-2.555,1549047237244
19,0.162,-0.069,-0.127,-2.143,-9.36,-2.938,1549047237263
19,0.078,0.004,-0.112,-2.239,-9.284,-2.635,1549047237284
19,0.08,0.066,-0.123,-2.373,-10.122,-2.154,1549047237303
20,-0.001,0.094,-0.127,-2.202,-10.395,-1.925,1549047237323
20,0.081,0.093,-0.111,-1.792,-9.511,-2.813,1549047237344
20,0.261,0.079,-0.122,-2.089,-9.62,-2.429,1549047237365
20,0.282,0.08,-0.17,-1.808,-9.711,-2.682,1549047237385
20,0.222,0.066,-0.201,-1.824,-9.763,-2.372,1549047237403
20,0.026,0.021,-0.239,-1.599,-10.518,-2.335,1549047237423
20,0.0,0.0,-0.239,-1.758,-9.877,-2.986,1549047237444
20,0.18,0.002,-0.223,-1.731,-10.273,-2.209,1549047237463
20,0.225,0.009,-0.199,-1.237,-9.998,-3.19,1549047237483
20,0.223,0.012,-0.168,-1.413,-9.281,-3.229,1549047237503
20,0.108,-0.003,-0.192,-2.01,-10.27,-1.794,1549047237524
20,0.0,0.0,-0.155,-1.868,-9.91,-2.164,1549047237543
21,0.078,0.078,-0.139,-1.96,-9.805,-2.6,1549047237564
21,0.102,0.098,-0.142,-1.633,-10.461,-2.305,1549047237585
21,0.0,0.055,-0.159,-1.731,-10.066,-2.397,1549047237604
21,0.035,0.036,-0.153,-1.754,-10.151,-1.824,1549047237623
21,0.045,0.018,-0.169,-1.397,-10.27,-2.524,1549047237644
21,0.128,0.026,-0.181,-1.237,-9.914,-2.616,1549047237663
21,0.117,0.009,-0.183,-0.987,-10.315,-2.312,1549047237684
21,-0.017,-0.008,-0.169,-1.172,-9.978,-2.65,1549047237704
21,0.027,-0.019,-0.166,-1.539,-9.914,-2.249,1549047237724
21,0.167,-0.009,-0.145,-1.173,-9.809,-2.378,1549047237744
21,0.212,-0.015,-0.185,-0.855,-10.262,-2.399,1549047237764
22,0.057,-0.039,-0.241,-0.926,-9.86,-2.038,1549047237784
22,0.034,-0.053,-0.238,-1.26,-10.535,-1.898,1549047237804
22,0.053,-0.058,-0.232,-1.205,-10.441,-1.725,1549047237825
22,0.168,-0.044,-0.209,-1.448,-9.897,-2.082,1549047237844
22,0.178,-0.013,-0.222,-0.662,-10.226,-2.514,1549047237865
22,0.141,-0.022,-0.216,-0.76,-9.739,-2.408,1549047237885
22,0.162,-0.015,-0.209,-0.91,-10.664,-1.311,1549047237904
22,0.019,-0.009,-0.213,-1.144,-10.523,-1.621,1549047237924
22,0.135,0.062,-0.192,-0.936,-10.831,-2.417,1549047237944
22,0.201,0.054,-0.195,-0.747,-10.224,-2.631,1549047237965
22,0.394,0.001,-0.237,-0.926,-9.959,-1.663,1549047237984
22,0.488,-0.055,-0.233,-0.943,-10.581,-1.155,1549047238004
23,0.443,-0.124,-0.201,-0.681,-11.186,-1.912,1549047238024
23,0.465,-0.124,-0.246,-0.71,-10.81,-2.494,1549047238045
23,0.652,-0.058,-0.178,-0.634,-9.745,-1.969,1549047238065
23,0.791,-0.074,-0.131,-0.602,-9.427,-1.611,1549047238084
23,0.57,-0.102,-0.101,-0.499,-9.999,-1.655,1549047238104
23,0.483,-0.135,-0.104,-0.409,-10.196,-1.1,1549047238125
23,0.407,-0.066,-0.05,-0.653,-9.386,-1.136,1549047238145
23,0.383,0.052,0.012,-0.672,-9.866,-1.834,1549047238165
23,0.207,0.094,0.037,-0.853,-10.115,-1.981,1549047238184
23,0.342,0.121,0.062,-1.351,-9.128,-1.392,1549047238205
23,0.791,0.13,0.025,-1.157,-10.117,-0.598,1549047238225
24,0.096,-0.006,-0.051,-0.696,-10.966,-0.186,1549047238245
24,-0.298,-0.028,0.019,-0.173,-11.563,-0.567,1549047238264
24,-0.396,0.053,0.147,-0.186,-9.895,-0.595,1549047238284
24,0.041,0.114,0.17,-0.703,-9.829,-0.746,1549047238305
24,0.218,0.143,0.138,-0.788,-9.405,-0.881,1549047238325
24,0.356,0.124,0.049,-0.506,-10.281,-1.303,1549047238344
24,0.424,0.099,0.0,-0.552,-9.795,-1.046,1549047238365
24,0.337,0.061,-0.04,-0.353,-10.026,-1.322,1549047238385
24,0.194,0.028,-0.011,-0.637,-9.441,-1.628,1549047238405
24,0.392,-0.008,-0.051,-0.948,-9.901,-0.314,1549047238425
24,0.23,-0.087,-0.092,-0.921,-10.877,0.274,1549047238445
24,-0.084,-0.067,-0.101,-1.264,-11.299,0.023,1549047238465
25,-0.262,0.006,-0.03,-1.407,-10.868,-0.279,1549047238485
25,-0.206,0.04,0.027,-1.223,-9.951,-0.576,1549047238505
25,-0.014,0.014,0.025,-1.006,-9.63,-0.646,1549047238525
25,-0.089,-0.055,-0.044,-0.674,-10.19,-0.43,1549047238545
25,-0.294,-0.102,-0.085,-0.346,-10.792,-0.289,1549047238565
25,-0.326,-0.106,-0.065,-0.403,-10.141,0.415,1549047238585
25,0.065,-0.019,-0.019,-0.843,-10.014,-0.549,1549047238605
25,0.061,0.052,-0.035,-0.763,-10.183,-0.808,1549047238625
25,-0.012,0.034,-0.037,-0.459,-10.166,-0.604,1549047238645
25,-0.129,0.011,-0.059,-0.483,-10.43,-0.991,1549047238665
25,-0.133,0.026,-0.061,-0.715,-10.045,-0.834,1549047238685
26,0.043,0.058,-0.051,-0.803,-10.001,-0.618,1549047238704
26,0.069,0.061,-0.075,-0.522,-10.512,-0.557,1549047238724
26,-0.045,0.05,-0.067,-0.622,-10.331,-0.777,1549047238745
26,-0.111,0.058,-0.055,-0.681,-10.161,-0.589,1549047238765
26,0.062,0.07,-0.044,-0.868,-9.816,-0.633,1549047238784
26,0.096,0.069,-0.064,-0.699,-10.147,-0.66,1549047238804
26,-0.098,0.055,-0.082,-0.391,-10.921,-1.042,1549047238825
26,-0.456,0.028,-0.05,-0.34,-10.297,-0.858,1549047238845
26,-0.222,0.064,0.012,-0.672,-9.597,-0.764,1549047238864
26,0.029,0.108,-0.029,-0.598,-9.964,-1.006,1549047238884
26,0.049,0.101,-0.067,-0.383,-10.587,-1.086,1549047238905
26,-0.054,0.069,-0.048,-0.398,-10.177,-0.841,1549047238925
27,-0.045,0.067,-0.034,-0.358,-9.997,-1.011,1549047238945
27,-0.007,0.068,-0.035,-0.294,-10.295,-0.64,1549047238964
27,0.008,0.037,-0.048,-0.346,-10.349,-0.697,1549047238985
27,-0.051,0.048,-0.044,-0.531,-10.204,-0.892,1549047239005
27,-0.049,0.056,-0.037,-0.342,-10.121,-1.064,1549047239025
27,0.0,0.049,-0.04,-0.498,-10.302,-0.866,1549047239045
27,0.023,0.047,-0.052,-0.371,-10.495,-0.741,1549047239064
27,0.011,0.047,-0.046,-0.336,-10.266,-1.104,1549047239084
27,-0.032,0.04,-0.035,-0.454,-9.97,-1.234,1549047239104
27,-0.014,0.011,-0.035,-0.085,-10.205,-0.985,1549047239125
27,0.019,-0.019,-0.045,-0.277,-10.206,-0.776,1549047239145
27,-0.047,-0.015,-0.05,-0.225,-10.306,-0.899,1549047239165
27,-0.067,-0.01,-0.046,-0.324,-10.13,-1.322,1549047239185
27,-0.002,-0.008,-0.042,-0.291,-9.982,-1.209,1549047239205
28,0.037,-0.029,-0.046,-0.187,-10.058,-0.685,1549047239225
28,-0.021,-0.055,-0.07,-0.117,-10.161,-0.395,1549047239245
28,-0.092,-0.024,-0.071,0.021,-10.74,-0.34,1549047239265
28,-0.196,0.015,-0.056,-0.465,-11.137,-0.332,1549047239285
28,-0.198,0.093,-0.018,-1.013,-10.297,-0.899,1549047239306
28,-0.015,0.132,0.018,-0.624,-9.464,-1.298,1549047239325
28,0.16,0.053,0.02,-0.285,-9.636,-1.143,1549047239345
28,0.062,-0.01,0.01,-0.131,-10.077,-1.119,1549047239365
28,-0.375,-0.059,0.037,-0.127,-10.79,-1.293,1549047239385
28,-1.099,-0.071,0.123,-0.316,-11.027,-2.519,1549047239405
28,-0.938,0.013,0.207,-0.631,-10.064,-2.011,1549047239425
29,-0.231,0.138,0.226,-0.778,-9.489,-1.199,1549047239446
29,-0.055,0.191,0.245,-0.7,-9.083,-1.759,1549047239465
29,-0.38,0.196,0.23,-0.781,-9.204,-2.116,1549047239485
29,-0.82,0.209,0.236,-1.172,-9.698,-1.409,1549047239506
29,-1.028,0.224,0.252,-1.087,-10.58,-1.832,1549047239526
29,-0.685,0.239,0.235,-1.198,-10.032,-2.099,1549047239546
29,-0.208,0.215,0.22,-1.084,-9.786,-2.829,1549047239566
29,-0.282,0.116,0.2,-0.896,-10.268,-3.109,1549047239585
29,-0.232,0.007,0.204,-0.748,-10.666,-2.386,1549047239605
29,-0.264,-0.043,0.268,-0.731,-10.598,-2.37,1549047239625
29,-0.357,-0.031,0.33,-0.712,-10.114,-2.056,1549047239645
30,-0.391,0.013,0.35,-0.945,-10.346,-2.726,1549047239665
30,-0.521,0.061,0.377,-1.023,-10.45,-2.474,1549047239686
30,-0.55,0.04,0.424,-1.261,-8.092,-1.741,1549047239706
30,-0.717,0.091,0.373,-1.682,-8.971,-2.342,1549047239726
30,-1.069,0.225,0.251,-3.158,-11.606,-2.752,1549047239746
30,-1.314,0.391,0.271,-1.5,-10.378,-4.01,1549047239766
30,-0.954,0.231,0.341,0.904,-9.799,-6.071,1549047239786
30,-0.802,0.025,0.36,0.144,-9.446,-5.534,1549047239806
30,-0.583,0.115,0.314,-1.295,-9.602,-4.154,1549047239826
30,-0.488,0.049,0.264,-1.073,-10.668,-3.163,1549047239845
30,-0.4,-0.111,0.221,-2.071,-10.65,-3.418,1549047239865
31,-0.096,-0.048,0.204,-1.614,-9.888,-4.139,1549047239886
31,0.161,-0.153,0.194,-1.433,-8.415,-4.298,1549047239905
31,0.055,-0.197,0.134,-2.107,-9.29,-4.012,1549047239926
31,-0.353,-0.181,0.122,-1.205,-10.466,-3.96,1549047239946
31,-0.493,-0.301,0.119,-1.757,-10.102,-3.835,1549047239966
31,-0.21,-0.165,0.171,-1.744,-9.616,-3.906,1549047239985
31,-0.072,-0.133,0.166,-1.437,-9.389,-4.59,1549047240006
31,-0.236,-0.139,0.161,-1.304,-8.687,-5.021,1549047240026
31,-0.36,-0.252,0.169,-2.158,-9.438,-4.145,1549047240046
31,-0.595,-0.186,0.08,-1.813,-10.435,-4.888,1549047240066
32,-0.494,-0.293,0.136,-1.924,-9.738,-3.847,1549047240086
32,-0.257,-0.298,0.17,-2.06,-9.492,-3.768,1549047240106
32,-0.143,-0.221,0.128,-1.939,-9.485,-4.327,1549047240126
32,-0.039,-0.198,0.181,-2.217,-9.309,-4.179,1549047240146
32,-0.075,-0.105,0.193,-2.293,-9.322,-4.3,1549047240166
32,-0.263,-0.101,0.193,-2.561,-9.35,-3.775,1549047240186
32,-0.271,-0.064,0.207,-2.281,-9.604,-3.851,1549047240206
32,-0.119,-0.05,0.183,-1.811,-9.667,-4.208,1549047240226
32,0.026,-0.026,0.25,-2.243,-9.35,-3.786,1549047240246
32,-0.004,0.017,0.218,-2.326,-9.548,-4.188,1549047240266
32,-0.073,0.028,0.202,-1.907,-9.19,-4.64,1549047240286
32,-0.057,0.005,0.234,-1.867,-9.24,-3.52,1549047240306
32,-0.072,-0.02,0.222,-1.932,-9.604,-3.937,1549047240326
33,-0.013,0.034,0.188,-1.908,-8.791,-4.667,1549047240346
33,0.234,0.141,0.25,-2.2,-8.609,-4.464,1549047240366
33,0.166,0.122,0.239,-2.265,-9.528,-3.808,1549047240386
33,-0.015,0.001,0.18,-2.052,-9.194,-4.877,1549047240406
33,0.01,-0.025,0.192,-2.458,-8.386,-4.558,1549047240426
33,0.166,-0.022,0.191,-2.766,-8.839,-4.41,1549047240446
33,0.195,-0.052,0.135,-2.412,-9.486,-4.559,1549047240465
33,0.231,-0.098,0.125,-2.771,-9.26,-4.289,1549047240486
33,0.13,-0.081,0.124,-2.98,-8.626,-5.307,1549047240506
33,0.168,-0.029,0.154,-2.757,-8.747,-4.606,1549047240526
33,0.135,-0.143,0.155,-2.668,-9.062,-4.563,1549047240546
34,-0.008,-0.18,0.149,-2.672,-8.927,-4.594,1549047240566
34,-0.013,-0.183,0.175,-2.937,-9.0,-4.487,1549047240586
34,-0.028,-0.165,0.158,-2.959,-8.746,-4.632,1549047240605
34,-0.019,-0.143,0.208,-2.924,-8.65,-4.485,1549047240626
34,-0.126,-0.129,0.222,-2.662,-8.954,-4.318,1549047240646
34,-0.19,-0.158,0.229,-3.175,-8.689,-4.278,1549047240666
34,-0.087,-0.088,0.256,-3.454,-8.443,-4.216,1549047240686
34,-0.144,-0.109,0.246,-3.059,-9.191,-4.143,1549047240706
34,-0.204,-0.153,0.223,-2.847,-9.253,-3.924,1549047240726
34,-0.142,-0.189,0.245,-3.113,-8.549,-4.363,1549047240746
34,0.06,-0.126,0.264,-3.268,-8.117,-4.447,1549047240767
35,0.037,-0.076,0.235,-2.838,-8.57,-4.083,1549047240786
35,-0.108,-0.187,0.198,-3.237,-8.851,-3.852,1549047240806
35,-0.105,-0.096,0.166,-3.688,-8.739,-4.69,1549047240826
35,0.022,-0.051,0.171,-3.227,-8.358,-4.313,1549047240846
35,0.05,-0.216,0.167,-3.16,-8.846,-4.12,1549047240866
35,-0.113,-0.286,0.097,-3.057,-8.845,-4.232,1549047240886
35,-0.082,-0.266,0.087,-3.234,-8.487,-4.432,1549047240906
35,-0.102,-0.25,0.057,-3.579,-8.149,-4.154,1549047240926
35,-0.063,-0.226,0.051,-3.362,-8.359,-4.625,1549047240946
35,-0.197,-0.26,0.023,-3.609,-9.119,-3.718,1549047240966
35,-0.3,-0.29,-0.003,-3.761,-9.02,-4.325,1549047240986
35,-0.102,-0.229,0.04,-4.0,-7.617,-5.21,1549047241006
36,0.119,-0.159,0.094,-3.782,-8.13,-3.841,1549047241026
36,-0.103,-0.31,0.058,-3.443,-9.507,-3.977,1549047241047
36,-0.278,-0.32,0.034,-3.834,-8.852,-4.156,1549047241067
36,-0.157,-0.186,0.091,-4.383,-8.105,-4.406,1549047241087
36,-0.122,-0.178,0.08,-4.067,-8.539,-3.581,1549047241106
36,-0.111,-0.286,0.061,-3.591,-9.067,-3.536,1549047241127
36,-0.142,-0.269,0.027,-3.944,-8.716,-3.739,1549047241147
36,-0.025,-0.181,0.04,-4.428,-8.493,-3.786,1549047241167
36,-0.06,-0.157,0.013,-4.24,-8.032,-3.965,1549047241186
36,-0.058,-0.183,0.014,-4.354,-8.064,-3.3,1549047241207
36,0.042,-0.199,-0.027,-3.798,-8.94,-3.105,1549047241227
36,0.025,-0.187,-0.058,-3.626,-8.845,-3.446,1549047241247
37,0.018,-0.088,-0.057,-3.961,-7.843,-3.849,1549047241267
37,0.065,-0.031,-0.09,-3.742,-8.441,-3.4,1549047241286
37,0.064,-0.085,-0.132,-3.623,-8.784,-3.281,1549047241307
37,0.031,-0.059,-0.134,-3.609,-8.519,-4.126,1549047241326
37,0.152,0.019,-0.12,-3.628,-8.456,-3.603,1549047241347
37,0.082,-0.017,-0.146,-3.591,-7.959,-2.852,1549047241367
37,0.06,0.028,-0.158,-3.382,-8.585,-4.088,1549047241387
37,0.137,0.079,-0.209,-3.246,-8.833,-4.458,1549047241407
37,0.176,0.05,-0.229,-3.344,-8.745,-3.977,1549047241427
37,0.106,0.026,-0.246,-3.444,-8.528,-4.153,1549047241447
37,-0.018,-0.029,-0.262,-3.877,-9.085,-3.452,1549047241467
37,-0.073,-0.075,-0.294,-4.238,-8.947,-3.474,1549047241487
38,0.158,0.021,-0.266,-3.581,-8.466,-3.909,1549047241506
38,0.373,0.034,-0.261,-3.471,-8.829,-3.651,1549047241527
38,0.246,0.02,-0.294,-3.422,-9.006,-3.663,1549047241547
38,0.049,-0.028,-0.304,-3.296,-8.651,-4.308,1549047241567
38,0.246,0.049,-0.289,-3.503,-8.985,-3.581,1549047241586
38,0.401,0.051,-0.307,-3.391,-8.948,-3.114,1549047241607
38,0.245,0.032,-0.29,-3.523,-8.234,-2.91,1549047241627
38,0.223,0.112,-0.316,-3.258,-8.94,-5.015,1549047241647
38,0.332,0.193,-0.342,-3.122,-8.941,-4.112,1549047241667
38,0.294,0.027,-0.347,-2.987,-8.746,-4.158,1549047241687
38,0.259,0.065,-0.313,-2.932,-9.716,-3.675,1549047241707
38,0.102,-0.042,-0.339,-2.753,-9.315,-4.183,1549047241727
38,0.153,0.003,-0.291,-3.607,-8.42,-3.311,1549047241747
38,0.257,0.035,-0.264,-3.253,-9.807,-3.574,1549047241767
39,0.207,-0.079,-0.324,-2.55,-10.024,-3.824,1549047241787
39,0.279,-0.117,-0.265,-2.914,-9.221,-4.689,1549047241807
39,0.332,-0.034,-0.236,-2.831,-9.115,-3.668,1549047241827
39,0.166,-0.191,-0.248,-3.047,-9.113,-3.67,1549047241847
39,0.227,-0.143,-0.21,-2.999,-9.596,-3.526,1549047241867
39,0.195,-0.171,-0.207,-2.425,-10.29,-3.18,1549047241887
39,0.082,-0.196,-0.171,-2.603,-9.42,-3.69,1549047241907
39,0.209,-0.065,-0.103,-3.116,-8.931,-3.434,1549047241927
39,0.155,-0.067,-0.084,-2.851,-9.903,-2.905,1549047241947
39,-0.018,-0.145,-0.113,-2.899,-9.629,-3.706,1549047241967
39,0.127,-0.052,-0.047,-2.575,-9.717,-3.225,1549047241987
40,0.126,-0.116,-0.029,-2.456,-9.972,-2.126,1549047242007
40,0.067,-0.12,-0.074,-2.676,-9.688,-3.099,1549047242027
40,0.137,-0.033,-0.079,-2.939,-9.267,-3.124,1549047242047
40,0.132,-0.052,-0.082,-2.728,-9.567,-2.543,1549047242067
40,0.076,-0.108,-0.05,-2.498,-9.962,-2.638,1549047242087
40,0.089,-0.094,-0.069,-2.577,-9.666,-2.713,1549047242108
40,0.152,-0.041,-0.062,-2.8,-9.36,-2.648,1549047242127
40,0.025,-0.015,-0.068,-2.344,-9.826,-2.993,1549047242147
40,0.052,0.0,-0.06,-2.612,-9.69,-2.363,1549047242167
40,0.17,0.017,-0.068,-2.618,-9.697,-2.216,1549047242187
40,0.044,0.006,-0.087,-2.296,-9.93,-2.954,1549047242207
41,-0.015,0.014,-0.096,-2.239,-9.572,-2.618,1549047242227
41,0.077,0.039,-0.081,-2.293,-9.783,-2.518,1549047242247
41,0.078,0.062,-0.093,-2.276,-9.845,-2.031,1549047242267
41,0.09,0.069,-0.103,-2.204,-9.62,-2.938,1549047242287
41,0.074,0.086,-0.12,-2.223,-9.46,-2.675,1549047242307
41,0.016,0.072,-0.128,-2.2,-10.209,-2.186,1549047242327
41,-0.002,0.087,-0.15,-2.199,-9.94,-2.519,1549047242348
41,0.143,0.136,-0.153,-2.076,-9.571,-2.963,1549047242367
41,0.232,0.144,-0.146,-2.364,-9.463,-3.157,1549047242387
41,0.159,0.1,-0.137,-2.35,-10.281,-2.283,1549047242408
41,0.091,0.009,-0.151,-1.992,-9.797,-3.348,1549047242427
42,0.125,0.027,-0.16,-2.518,-9.789,-2.251,1549047242447
42,0.088,0.04,-0.146,-2.168,-9.615,-3.58,1549047242467
42,0.062,0.115,-0.108,-2.283,-9.521,-3.026,1549047242487
42,0.027,0.079,-0.114,-2.045,-10.165,-2.263,1549047242507
42,-0.014,0.084,-0.093,-2.483,-9.62,-2.776,1549047242527
42,0.08,0.134,-0.075,-1.744,-9.691,-3.219,1549047242547
42,0.015,0.116,-0.036,-2.412,-9.547,-3.032,1549047242568
42,-0.01,0.138,-0.03,-2.076,-10.247,-2.134,1549047242587
42,-0.044,0.068,-0.025,-2.339,-9.71,-2.863,1549047242607
42,0.083,0.125,-0.025,-1.82,-9.726,-2.795,1549047242627
42,0.065,0.074,-0.026,-1.907,-9.922,-2.744,1549047242648
43,0.011,0.046,-0.053,-1.929,-10.215,-2.062,1549047242667
43,0.018,0.027,-0.068,-2.263,-9.592,-2.6,1549047242687
43,0.163,0.081,-0.074,-1.987,-9.761,-2.641,1549047242707
43,0.193,0.053,-0.085,-2.037,-9.622,-2.33,1549047242727
43,0.109,0.066,-0.107,-1.695,-9.967,-2.319,1549047242748
43,0.06,0.045,-0.136,-1.605,-9.983,-2.564,1549047242767
43,0.099,0.052,-0.136,-1.913,-9.588,-2.37,1549047242787
43,0.108,0.034,-0.138,-1.708,-9.659,-2.576,1549047242807
43,0.109,0.045,-0.145,-1.607,-10.141,-2.353,1549047242827
43,0.11,0.058,-0.146,-1.863,-9.91,-1.907,1549047242848
43,0.137,0.103,-0.14,-1.837,-9.382,-2.851,1549047242868
44,0.189,0.136,-0.147,-1.682,-9.804,-2.419,1549047242887
44,0.182,0.115,-0.155,-1.649,-10.437,-1.981,1549047242908
44,0.121,0.123,-0.145,-1.503,-9.834,-2.917,1549047242927
44,0.133,0.124,-0.125,-1.488,-9.858,-2.52,1549047242948
44,0.049,0.063,-0.121,-1.67,-10.074,-2.592,1549047242967
44,0.096,0.023,-0.117,-1.805,-10.133,-1.945,1549047242987
44,0.157,-0.004,-0.115,-1.6,-10.164,-2.293,1549047243007
44,0.171,0.048,-0.096,-1.761,-9.586,-2.888,1549047243027
44,0.083,0.064,-0.071,-1.577,-9.924,-2.705,1549047243047
44,-0.011,0.022,-0.061,-1.381,-10.355,-2.268,1549047243067
44,-0.032,0.019,-0.048,-1.726,-9.802,-2.82,1549047243088
45,0.053,0.044,-0.031,-1.508,-9.935,-2.474,1549047243107
45,-0.017,0.009,-0.034,-1.362,-10.399,-2.207,1549047243128
45,-0.062,0.0,-0.043,-1.939,-9.734,-1.925,1549047243148
45,0.066,0.02,-0.062,-1.588,-9.623,-2.029,1549047243167
45,0.135,0.0,-0.076,-1.055,-10.02,-2.386,1549047243188
45,0.189,0.007,-0.087,-1.185,-9.752,-2.161,1549047243208
45,0.309,0.019,-0.111,-1.516,-10.246,-1.275,1549047243228
45,0.246,0.024,-0.131,-1.262,-10.359,-1.228,1549047243248
45,0.23,0.059,-0.115,-1.159,-10.007,-2.036,1549047243268
45,0.421,0.106,-0.119,-1.18,-9.928,-2.131,1549047243288
45,0.526,0.076,-0.122,-0.79,-9.696,-1.678,1549047243308
45,0.429,0.034,-0.135,-0.881,-9.932,-1.354,1549047243328
45,0.256,0.036,-0.16,-1.162,-10.057,-2.076,1549047243348
45,0.191,0.042,-0.19,-1.239,-10.353,-1.568,1549047243369
46,0.399,0.07,-0.165,-0.954,-10.242,-0.992,1549047243388
46,0.497,0.096,-0.14,-1.156,-10.572,-0.68,1549047243408
46,0.402,0.137,-0.124,-1.781,-10.374,-1.549,1549047243428
46,0.132,0.105,-0.099,-1.374,-9.733,-2.131,1549047243448
46,0.038,0.008,-0.115,-1.161,-11.643,-1.885,1549047243469
46,0.105,-0.018,-0.047,-0.786,-10.581,-0.855,1549047243488
46,0.43,-0.044,-0.101,-1.024,-11.061,-0.703,1549047243509
46,0.429,0.022,-0.059,-1.27,-10.533,-0.658,1549047243529
46,0.422,0.074,-0.024,-1.135,-9.611,-2.243,1549047243548
46,0.373,0.02,-0.077,-1.375,-9.38,-2.627,1549047243568
46,0.494,-0.051,-0.089,-0.89,-9.655,-1.165,1549047243589
47,0.331,-0.164,-0.1,-0.428,-10.512,-1.149,1549047243608
47,0.053,-0.154,-0.111,-0.737,-10.813,-0.815,1549047243629
47,0.078,-0.049,-0.036,-0.906,-10.171,-1.444,1549047243648
47,0.255,0.012,-0.009,-1.248,-9.325,-1.916,1549047243669
47,0.317,0.04,-0.019,-1.368,-9.152,-1.387,1549047243688
47,0.075,-0.026,-0.019,-0.972,-10.009,-1.098,1549047243708
47,-0.226,-0.094,-0.036,-0.779,-10.65,-0.658,1549047243729
47,-0.142,-0.037,-0.014,-0.744,-10.449,-0.915,1549047243749
47,0.111,0.04,0.015,-1.084,-9.704,-1.177,1549047243769
47,0.246,0.093,0.035,-1.18,-9.852,-0.721,1549047243788
47,0.148,0.042,0.025,-0.826,-10.572,-0.499,1549047243808
48,-0.078,-0.033,0.008,-0.672,-10.483,-0.73,1549047243828
48,-0.146,-0.03,0.017,-0.903,-10.053,-0.916,1549047243848
48,-0.055,0.008,0.036,-0.923,-10.279,-0.76,1549047243869
48,0.085,0.033,0.022,-1.015,-10.221,-0.43,1549047243889
48,0.085,0.043,0.019,-1.106,-10.404,-0.831,1549047243909
48,-0.061,0.035,0.014,-0.982,-10.104,-0.922,1549047243929
48,-0.042,0.019,0.023,-0.857,-10.177,-0.948,1549047243949
48,-0.012,0.015,0.014,-0.891,-10.065,-0.736,1549047243969
48,0.017,0.011,0.002,-1.029,-10.054,-0.518,1549047243989
48,-0.023,0.004,-0.005,-0.799,-10.618,-0.635,1549047244009
48,-0.047,0.007,-0.005,-1.044,-10.352,-0.954,1549047244029
48,0.026,0.039,0.005,-1.072,-9.809,-0.955,1549047244049
49,0.021,0.03,0.006,-0.974,-10.199,-0.897,1549047244068
49,-0.036,0.008,-0.001,-0.972,-10.536,-0.742,1549047244089
49,-0.036,0.024,0.001,-0.974,-10.129,-0.823,1549047244109
49,0.008,0.027,0.014,-1.025,-10.03,-0.828,1549047244129
49,0.014,0.017,0.002,-0.863,-10.202,-0.615,1549047244149
49,-0.005,0.008,-0.002,-0.942,-10.14,-0.867,1549047244169
49,-0.034,0.017,-0.002,-1.03,-10.218,-1.04,1549047244189
49,0.0,0.008,0.001,-0.935,-10.292,-0.916,1549047244209
49,0.022,-0.001,0.003,-1.018,-10.086,-0.652,1549047244229
49,0.004,0.002,0.0,-0.98,-10.203,-0.751,1549047244249
49,-0.021,0.006,-0.001,-0.912,-10.203,-0.893,1549047244269
49,-0.008,0.009,0.004,-1.038,-10.109,-0.714,1549047244289
50,0.002,0.016,0.004,-1.019,-10.33,-0.821,1549047244309
50,-0.019,0.019,0.0,-1.066,-10.197,-0.898,1549047244329
50,-0.012,0.02,0.006,-0.987,-10.135,-0.84,1549047244349
50,-0.004,0.007,0.015,-0.982,-10.356,-0.842,1549047244369
50,-0.02,0.007,0.016,-0.937,-9.94,-0.909,1549047244389
50,0.029,0.0,0.001,-0.859,-9.915,-0.791,1549047244409
50,-0.02,-0.018,-0.012,-0.938,-10.102,-0.845,1549047244429
50,-0.094,-0.017,-0.006,-0.932,-10.104,-0.928,1549047244449
50,0.033,0.013,-0.01,-1.125,-10.374,-0.48,1549047244469
50,0.058,0.021,-0.006,-0.897,-10.552,-0.778,1549047244489
50,-0.07,0.019,0.0,-1.074,-10.343,-0.971,1549047244509
50,-0.053,0.036,0.012,-1.168,-9.578,-1.772,1549047244529
50,-0.014,-0.001,0.0,-1.035,-9.991,-0.747,1549047244550
50,0.021,-0.038,0.004,-0.834,-10.796,-0.34,1549047244569
50,-0.036,-0.042,-0.001,-0.978,-10.474,-0.485,1549047244590
51,-0.039,-0.002,0.016,-0.916,-9.961,-0.768,1549047244610
51,0.015,0.027,0.016,-0.801,-10.192,-0.939,1549047244629
51,0.047,0.039,0.003,-1.001,-10.371,-1.061,1549047244649
51,0.03,0.04,0.003,-1.032,-10.153,-0.76,1549047244670
51,-0.073,0.0,0.008,-0.969,-9.997,-1.139,1549047244689
51,-0.065,-0.003,0.003,-1.104,-9.91,-1.11,1549047244710
51,0.033,0.0,-0.012,-0.8,-10.359,-0.517,1549047244730
51,0.034,-0.016,-0.015,-1.069,-10.402,-0.791,1549047244749
51,-0.058,0.009,-0.003,-1.047,-10.098,-1.122,1549047244770
51,-0.036,-0.001,0.001,-1.139,-10.034,-1.258,1549047244790
51,0.017,-0.01,0.005,-0.892,-10.284,-0.768,1549047244810
51,0.033,-0.023,0.001,-0.896,-10.333,-0.565,1549047244829
52,-0.013,-0.009,0.005,-0.988,-10.015,-1.033,1549047244850
52,-0.021,0.022,0.009,-1.001,-10.087,-1.146,1549047244869
52,0.004,0.018,0.001,-0.935,-10.198,-0.798,1549047244890
52,0.009,0.015,0.001,-1.12,-10.264,-0.635,1549047244909
52,-0.064,0.027,0.006,-0.982,-10.078,-0.94,1549047244929
52,-0.105,0.036,0.013,-1.056,-10.043,-1.081,1549047244949
52,-0.057,0.05,0.016,-0.869,-10.164,-1.127,1549047244970
52,-0.021,0.025,0.014,-0.969,-10.185,-0.695,1549047244989
52,-0.017,0.038,0.019,-1.082,-9.849,-0.742,1549047245009
52,-0.171,0.046,0.023,-1.331,-9.821,-1.498,1549047245029
52,-0.348,0.056,0.035,-1.122,-10.101,-1.519,1549047245049
52,-0.219,0.025,0.041,-1.001,-9.939,-1.155,1549047245069
52,-0.126,0.016,0.027,-0.942,-10.274,-1.16,1549047245089
53,-0.252,0.017,0.047,-1.007,-10.18,-1.449,1549047245109
53,-0.364,0.03,0.076,-1.08,-9.935,-1.3,1549047245129
53,-0.281,0.05,0.099,-1.067,-10.008,-1.172,1549047245150
53,-0.262,0.042,0.097,-0.96,-10.071,-1.371,1549047245169
53,-0.283,0.05,0.087,-1.149,-10.398,-1.353,1549047245190
53,-0.302,0.082,0.088,-1.323,-10.754,-1.94,1549047245209
53,-0.259,0.076,0.095,-1.155,-9.859,-1.59,1549047245229
53,-0.138,0.059,0.088,-1.287,-9.91,-1.56,1549047245249
53,-0.21,0.057,0.086,-1.179,-10.235,-1.947,1549047245269
53,-0.316,0.036,0.099,-1.115,-10.179,-1.98,1549047245289
53,-0.203,0.049,0.075,-1.231,-10.176,-1.848,1549047245310
54,-0.126,0.071,0.057,-1.149,-10.373,-1.48,1549047245330
54,-0.13,0.066,0.067,-1.264,-10.267,-1.723,1549047245349
54,-0.141,0.084,0.05,-1.257,-10.051,-2.169,1549047245369
54,-0.068,0.081,0.043,-1.272,-9.795,-1.982,1549047245389
54,0.014,0.072,0.039,-1.355,-9.813,-1.766,1549047245409
54,-0.078,0.046,-0.004,-1.266,-10.467,-1.299,1549047245429
54,-0.157,0.034,-0.013,-1.018,-10.763,-1.793,1549047245450
54,-0.116,0.064,-0.008,-1.037,-10.467,-1.965,1549047245469
54,0.11,0.106,0.01,-1.22,-9.676,-1.682,1549047245490
54,0.146,0.14,0.029,-1.309,-9.827,-1.784,1549047245510
54,-0.061,0.135,0.004,-1.353,-10.222,-1.85,1549047245529
54,-0.095,0.151,-0.006,-1.25,-10.08,-2.073,1549047245550
55,-0.016,0.166,-0.014,-1.249,-9.996,-1.934,1549047245570
55,-0.001,0.178,0.001,-1.318,-10.067,-1.728,1549047245590
55,-0.033,0.178,0.018,-1.17,-10.054,-1.574,1549047245609
55,-0.047,0.176,0.008,-1.104,-10.091,-1.854,1549047245629
55,-0.049,0.19,0.003,-1.187,-10.261,-1.681,1549047245650
55,-0.043,0.199,0.019,-1.264,-10.153,-1.622,1549047245669
55,-0.024,0.194,0.019,-1.113,-10.13,-1.712,1549047245690
55,-0.015,0.163,0.008,-1.12,-10.352,-1.836,1549047245709
55,0.05,0.142,-0.003,-1.267,-10.214,-1.798,1549047245729
55,0.091,0.12,-0.013,-1.213,-10.204,-1.979,1549047245750
55,0.07,0.076,-0.027,-1.09,-9.914,-1.688,1549047245770
55,0.022,0.024,-0.037,-0.737,-10.084,-1.404,1549047245790
55,0.025,-0.017,-0.051,-1.144,-10.237,-1.828,1549047245810
55,0.067,0.0,-0.054,-1.116,-10.027,-1.913,1549047245830
55,0.165,-0.032,-0.064,-1.015,-10.036,-1.9,1549047245850
56,0.139,-0.066,-0.066,-0.934,-10.343,-1.756,1549047245870
56,0.121,-0.093,-0.056,-0.98,-10.422,-1.737,1549047245890
56,0.154,-0.098,-0.039,-1.145,-9.996,-1.448,1549047245911
56,0.203,-0.082,-0.017,-1.311,-9.685,-1.504,1549047245931
56,0.198,-0.065,0.0,-1.338,-10.167,-1.805,1549047245950
56,0.168,-0.069,-0.003,-1.343,-10.004,-1.849,1549047245971
56,0.181,-0.082,0.006,-1.238,-9.953,-1.455,1549047245991
56,0.155,-0.091,0.022,-1.326,-9.889,-1.461,1549047246011
56,0.113,-0.089,0.047,-1.267,-10.129,-1.436,1549047246031
56,0.124,-0.087,0.082,-1.249,-10.221,-1.479,1549047246050
56,0.198,-0.069,0.091,-1.223,-9.941,-1.554,1549047246071
57,0.247,-0.051,0.113,-1.347,-9.604,-1.565,1549047246090
57,0.179,-0.039,0.126,-1.372,-10.127,-1.561,1549047246110
57,0.069,-0.046,0.134,-1.374,-10.333,-1.627,1549047246131
57,0.06,-0.042,0.137,-1.407,-9.962,-1.362,1549047246150
57,0.049,-0.039,0.143,-1.332,-10.218,-1.563,1549047246170
57,-0.019,-0.043,0.151,-1.22,-10.055,-1.362,1549047246190
57,0.041,-0.053,0.149,-1.254,-9.815,-1.265,1549047246211
57,0.0,-0.03,0.135,-1.433,-10.001,-1.529,1549047246231
57,-0.104,-0.034,0.123,-1.379,-10.177,-1.377,1549047246251
57,-0.089,-0.05,0.103,-1.379,-10.292,-1.247,1549047246271
57,-0.008,-0.029,0.089,-1.443,-10.445,-1.428,1549047246290
57,0.003,0.005,0.087,-1.563,-10.086,-1.619,1549047246311
57,-0.024,0.009,0.095,-1.46,-10.051,-1.528,1549047246331
57,-0.096,-0.009,0.082,-1.482,-10.128,-1.428,1549047246351
58,-0.097,-0.015,0.07,-1.463,-10.18,-1.356,1549047246371
58,-0.051,-0.012,0.056,-1.545,-10.107,-1.264,1549047246390
58,-0.004,0.003,0.047,-1.549,-10.21,-1.481,1549047246411
58,-0.029,0.013,0.052,-1.687,-9.982,-1.512,1549047246431
58,-0.064,0.004,0.044,-1.592,-10.028,-1.291,1549047246450
58,-0.046,-0.007,0.031,-1.507,-10.072,-1.338,1549047246471
58,-0.009,0.004,0.017,-1.501,-10.121,-1.408,1549047246491
58,0.01,0.01,0.011,-1.523,-10.167,-1.537,1549047246510
58,0.035,0.008,0.002,-1.531,-10.076,-1.419,1549047246530
58,0.039,0.003,0.005,-1.606,-10.178,-1.488,1549047246551
58,0.011,0.0,0.01,-1.618,-9.929,-1.475,1549047246571
