pack,vx,vy,vz,ax,ay,az,time
1,-0.004,-0.005,-0.003,-2.326,-8.89,-4.826,1549046936629
1,0.011,-0.014,-0.018,-2.414,-8.769,-4.77,1549046936650
1,0.02,-0.008,-0.027,-2.464,-8.863,-4.752,1549046936670
1,0.002,-0.022,-0.028,-2.383,-8.921,-4.783,1549046936690
1,-0.009,-0.031,-0.02,-2.399,-8.844,-4.794,1549046936710
1,-0.002,-0.024,-0.009,-2.292,-8.75,-4.865,1549046936730
1,0.003,-0.01,0.011,-2.254,-8.703,-4.904,1549046936750
1,-0.033,-0.003,0.039,-2.296,-8.589,-4.989,1549046936770
1,-0.072,-0.002,0.06,-2.296,-8.656,-4.966,1549046936789
1,-0.085,-0.012,0.067,-2.219,-8.759,-4.994,1549046936809
1,-0.105,-0.012,0.072,-2.381,-8.688,-5.21,1549046936830
1,-0.126,-0.006,0.095,-2.531,-8.891,-4.94,1549046936850
1,-0.094,-0.005,0.106,-2.8,-9.422,-4.494,1549046936870
2,-0.074,-0.015,0.099,-2.799,-9.423,-4.323,1549046936890
2,-0.012,-0.054,0.077,-2.678,-8.933,-4.556,1549046936909
2,0.002,-0.071,0.067,-2.552,-8.696,-5.033,1549046936930
2,0.049,-0.079,0.054,-2.402,-9.179,-4.752,1549046936950
2,0.16,-0.047,0.041,-2.401,-9.47,-4.429,1549046936970
2,0.263,-0.021,0.017,-2.361,-8.962,-4.592,1549046936990
2,0.316,-0.023,-0.013,-2.464,-8.261,-4.871,1549046937010
2,0.351,-0.062,-0.069,-2.357,-8.6,-4.836,1549046937030
2,0.328,-0.111,-0.111,-2.365,-8.474,-4.791,1549046937050
2,0.223,-0.153,-0.122,-2.711,-8.732,-4.84,1549046937070
2,-0.029,-0.256,-0.106,-2.661,-8.957,-4.782,1549046937090
3,-0.138,-0.366,-0.104,-2.486,-8.946,-4.617,1549046937110
3,-0.128,-0.383,-0.128,-2.299,-9.092,-4.469,1549046937130
3,-0.073,-0.31,-0.091,-2.321,-9.414,-4.563,1549046937149
3,-0.039,-0.221,-0.031,-2.352,-8.622,-4.909,1549046937170
3,-0.107,-0.227,-0.034,-2.344,-8.412,-5.49,1549046937189
3,-0.311,-0.316,-0.099,-2.03,-10.047,-5.264,1549046937210
3,-0.294,-0.338,-0.116,-2.037,-9.555,-4.898,1549046937229
3,0.137,-0.192,-0.185,-2.734,-8.295,-5.097,1549046937250
3,0.074,-0.116,-0.236,-2.55,-8.694,-5.446,1549046937272
3,-0.28,-0.262,-0.234,-2.663,-8.757,-5.022,1549046937298
4,-0.451,-0.31,-0.235,-2.563,-9.467,-5.203,1549046937354
4,-0.527,-0.431,-0.27,-2.406,-8.803,-5.039,1549046937364
4,-0.494,-0.485,-0.265,-1.668,-9.91,-5.462,1549046937395
4,-0.673,-0.583,-0.255,-1.987,-7.903,-5.839,1549046937421
4,-0.462,-0.533,-0.307,-1.856,-9.458,-5.476,1549046937456
4,-0.521,-0.596,-0.33,-1.219,-9.483,-5.827,1549046937480
4,-0.549,-0.733,-0.332,-2.105,-8.534,-5.668,1549046937500
4,-0.494,-0.705,-0.288,-2.432,-8.857,-5.997,1549046937520
4,-0.358,-0.622,-0.248,-2.215,-8.2,-6.503,1549046937540
4,-0.421,-0.713,-0.234,-2.753,-7.515,-5.993,1549046937560
4,-0.294,-0.764,-0.194,-2.299,-9.037,-5.929,1549046937580
4,-0.383,-0.769,-0.164,-2.462,-8.919,-6.052,1549046937600
4,-0.489,-0.876,-0.172,-2.515,-8.438,-5.831,1549046937620
4,-0.385,-0.795,-0.135,-3.109,-8.359,-5.379,1549046937640
5,-0.27,-0.76,-0.098,-2.768,-8.657,-6.382,1549046937661
5,-0.302,-0.668,-0.08,-2.474,-8.214,-6.419,1549046937681
5,-0.307,-0.699,-0.052,-3.143,-7.767,-5.845,1549046937700
5,-0.222,-0.657,0.009,-3.528,-8.302,-5.796,1549046937720
5,-0.281,-0.535,0.079,-2.618,-8.596,-6.072,1549046937740
5,-0.4,-0.543,0.098,-3.022,-8.132,-5.592,1549046937760
5,-0.314,-0.597,0.119,-3.751,-7.836,-5.648,1549046937780
5,-0.316,-0.437,0.19,-3.469,-8.013,-5.859,1549046937800
5,-0.42,-0.392,0.278,-3.194,-8.503,-5.596,1549046937820
5,-0.519,-0.448,0.313,-3.409,-8.23,-4.736,1549046937840
5,-0.427,-0.448,0.346,-3.922,-8.355,-4.273,1549046937859
5,-0.284,-0.419,0.326,-3.907,-8.099,-5.443,1549046937879
5,-0.281,-0.415,0.296,-3.808,-7.316,-5.678,1549046937900
6,-0.236,-0.433,0.277,-4.634,-8.059,-5.636,1549046937920
6,-0.179,-0.383,0.296,-4.49,-8.502,-4.364,1549046937939
6,-0.333,-0.371,0.245,-4.635,-6.324,-2.795,1549046937959
6,-0.145,-0.365,0.212,-4.401,-6.005,-2.668,1549046937980
6,-0.29,-0.106,0.145,-4.712,-7.562,-3.389,1549046938000
6,-0.818,0.147,0.198,-3.904,-8.626,-4.389,1549046938020
6,-1.14,0.43,0.182,-2.994,-7.243,-5.246,1549046938040
6,-0.754,0.498,0.095,-4.144,-7.987,-5.942,1549046938060
6,-0.517,0.524,0.004,-4.746,-7.18,-7.613,1549046938080
6,-0.673,0.367,-0.087,-3.587,-7.199,-6.105,1549046938100
7,-0.217,0.285,-0.153,-4.341,-7.912,-5.955,1549046938121
7,0.224,0.116,-0.204,-4.517,-7.166,-8.186,1549046938140
7,0.46,0.138,-0.166,-3.108,-6.636,-9.926,1549046938160
7,0.762,0.051,-0.077,-4.299,-6.293,-8.321,1549046938180
7,0.727,-0.293,-0.046,-4.524,-7.141,-7.001,1549046938200
7,0.402,-0.27,0.087,-3.685,-7.982,-7.162,1549046938220
7,-0.025,-0.293,0.28,-3.257,-7.3,-7.857,1549046938240
7,-0.321,-0.276,0.419,-3.917,-7.294,-7.988,1549046938260
7,-0.457,-0.309,0.468,-4.239,-7.223,-6.022,1549046938280
7,-0.504,-0.257,0.528,-4.255,-8.101,-6.284,1549046938300
7,-0.565,-0.163,0.574,-3.947,-8.162,-6.659,1549046938320
8,-0.918,-0.25,0.573,-4.846,-6.72,-6.862,1549046938341
8,-0.703,-0.341,0.546,-4.704,-7.783,-6.648,1549046938360
8,-0.224,-0.293,0.525,-4.038,-6.919,-7.27,1549046938381
8,-0.215,-0.322,0.538,-4.487,-7.179,-6.91,1549046938401
8,-0.454,-0.322,0.509,-4.942,-6.559,-6.607,1549046938420
8,-0.674,-0.349,0.47,-4.917,-6.181,-6.442,1549046938441
8,-0.413,-0.253,0.487,-4.801,-6.46,-6.776,1549046938461
8,-0.418,-0.215,0.472,-5.031,-6.059,-6.793,1549046938481
8,-0.536,-0.188,0.488,-5.446,-6.548,-5.83,1549046938501
8,-0.605,-0.149,0.491,-5.329,-6.835,-5.937,1549046938521
8,-0.646,-0.175,0.44,-5.531,-6.08,-6.321,1549046938540
9,-0.501,-0.193,0.387,-5.425,-5.893,-6.455,1549046938560
9,-0.283,-0.182,0.34,-5.365,-5.794,-6.362,1549046938581
9,-0.168,-0.208,0.268,-5.097,-6.305,-6.122,1549046938601
9,-0.25,-0.168,0.207,-5.223,-6.01,-6.356,1549046938621
9,-0.314,-0.205,0.169,-5.856,-5.072,-6.567,1549046938641
9,-0.128,-0.228,0.126,-5.719,-5.466,-6.615,1549046938661
9,-0.052,-0.188,0.13,-5.585,-5.937,-5.745,1549046938681
9,-0.255,-0.19,0.057,-5.692,-5.658,-5.714,1549046938701
9,-0.263,-0.19,0.056,-5.905,-4.761,-6.795,1549046938721
9,-0.027,-0.22,0.036,-5.456,-5.067,-7.06,1549046938741
9,0.049,-0.187,0.019,-5.618,-6.593,-6.586,1549046938761
9,-0.269,-0.138,0.039,-5.942,-4.916,-6.471,1549046938781
10,-0.47,-0.189,0.049,-5.604,-5.694,-6.274,1549046938801
10,-0.166,-0.175,0.053,-6.06,-4.991,-6.44,1549046938821
10,-0.152,-0.246,0.07,-5.976,-5.648,-7.08,1549046938841
10,-0.158,-0.256,0.153,-5.968,-5.066,-6.403,1549046938861
10,-0.183,-0.301,0.113,-6.113,-5.278,-6.447,1549046938881
10,-0.163,-0.266,0.137,-6.344,-5.261,-6.892,1549046938901
10,-0.291,-0.302,0.147,-6.343,-4.532,-6.942,1549046938921
10,-0.16,-0.294,0.154,-6.393,-5.205,-6.102,1549046938941
10,-0.056,-0.247,0.157,-5.994,-5.159,-5.833,1549046938961
10,-0.222,-0.254,0.178,-6.091,-4.663,-6.843,1549046938981
10,-0.261,-0.253,0.164,-5.997,-5.04,-6.59,1549046939001
10,-0.274,-0.238,0.178,-6.014,-5.17,-5.973,1549046939021
10,-0.156,-0.189,0.187,-6.097,-4.636,-5.705,1549046939041
10,-0.219,-0.168,0.225,-5.984,-4.597,-7.091,1549046939061
11,-0.334,-0.147,0.151,-5.979,-4.409,-5.761,1549046939081
11,-0.311,-0.141,0.198,-6.155,-4.888,-5.288,1549046939101
11,-0.121,-0.101,0.246,-6.179,-4.685,-6.4,1549046939121
11,-0.142,-0.101,0.276,-6.524,-4.398,-5.891,1549046939141
11,-0.282,-0.086,0.269,-5.799,-4.344,-6.271,1549046939161
11,-0.285,-0.101,0.233,-6.366,-3.97,-5.964,1549046939181
11,-0.286,-0.073,0.184,-6.186,-4.125,-6.478,1549046939201
11,-0.308,-0.032,0.226,-6.551,-4.308,-5.965,1549046939221
11,-0.153,-0.027,0.165,-5.907,-4.529,-6.021,1549046939241
11,-0.07,-0.018,0.17,-6.156,-4.505,-6.542,1549046939261
11,-0.115,-0.025,0.149,-5.917,-4.373,-6.51,1549046939282
11,-0.041,0.035,0.179,-6.818,-3.527,-4.722,1549046939301
11,-0.248,0.109,0.158,-5.629,-5.052,-6.841,1549046939322
11,-0.36,0.066,0.149,-5.762,-3.689,-7.043,1549046939342
12,-0.358,0.032,0.108,-6.101,-4.431,-5.889,1549046939362
12,-0.315,0.104,0.155,-5.304,-3.508,-6.859,1549046939381
12,-0.134,0.147,0.223,-6.313,-4.908,-7.336,1549046939401
12,-0.158,0.055,0.184,-6.965,-3.752,-6.037,1549046939421
12,-0.22,0.068,0.264,-6.322,-4.179,-7.827,1549046939441
12,-0.325,0.099,0.228,-6.435,-3.502,-6.895,1549046939462
12,-0.173,0.116,0.154,-6.097,-4.854,-6.815,1549046939482
12,-0.089,0.163,0.167,-6.33,-3.895,-6.992,1549046939501
12,-0.187,0.138,0.186,-6.151,-4.201,-6.886,1549046939522
12,-0.351,0.169,0.202,-6.708,-3.422,-7.269,1549046939541
12,-0.495,0.148,0.164,-6.032,-3.484,-7.063,1549046939560
13,-0.409,0.176,0.141,-6.178,-3.132,-7.063,1549046939580
13,-0.397,0.235,0.092,-6.726,-3.286,-6.042,1549046939601
13,-0.25,0.304,0.17,-6.538,-3.376,-6.528,1549046939621
13,-0.055,0.345,0.219,-6.464,-3.745,-7.344,1549046939642
13,0.026,0.282,0.125,-6.688,-3.024,-6.488,1549046939661
13,-0.107,0.227,0.031,-6.511,-3.208,-6.722,1549046939681
13,-0.219,0.21,-0.091,-6.372,-2.821,-6.656,1549046939701
13,-0.193,0.185,-0.165,-6.756,-1.816,-7.222,1549046939721
13,-0.144,0.175,-0.218,-6.513,-2.976,-7.433,1549046939741
13,-0.031,0.247,-0.209,-6.497,-2.989,-6.948,1549046939761
13,-0.101,0.257,-0.182,-6.71,-2.725,-7.176,1549046939781
14,0.021,0.247,-0.143,-6.751,-2.143,-7.795,1549046939801
14,-0.032,0.21,-0.107,-6.47,-3.66,-7.341,1549046939821
14,-0.152,0.187,-0.077,-6.32,-2.895,-7.255,1549046939841
14,-0.121,0.198,-0.072,-6.186,-3.374,-7.466,1549046939861
14,-0.035,0.242,-0.09,-6.082,-2.74,-7.895,1549046939882
14,-0.007,0.246,-0.09,-6.254,-2.961,-7.579,1549046939902
14,0.024,0.267,-0.069,-6.186,-3.332,-7.014,1549046939922
14,0.149,0.324,-0.034,-5.581,-3.788,-7.164,1549046939942
14,0.193,0.357,-0.031,-5.502,-3.726,-7.18,1549046939962
14,0.098,0.335,-0.035,-5.438,-3.476,-7.193,1549046939981
14,0.022,0.307,-0.045,-5.405,-3.197,-7.057,1549046940002
14,0.068,0.274,-0.054,-5.24,-3.879,-7.354,1549046940022
15,0.192,0.282,-0.031,-5.256,-3.826,-7.782,1549046940042
15,0.311,0.303,-0.037,-5.35,-3.593,-7.917,1549046940062
15,0.298,0.317,-0.034,-5.554,-3.685,-7.73,1549046940082
15,0.221,0.331,-0.009,-5.719,-3.352,-7.757,1549046940102
15,0.266,0.332,0.033,-5.517,-3.577,-7.99,1549046940122
15,0.202,0.309,0.058,-5.423,-3.826,-8.123,1549046940142
15,0.169,0.309,0.076,-5.709,-3.253,-8.574,1549046940162
15,0.317,0.317,0.101,-5.9,-3.683,-7.618,1549046940182
15,0.318,0.342,0.131,-5.678,-3.061,-7.666,1549046940202
15,0.226,0.337,0.136,-5.786,-3.524,-7.486,1549046940222
15,0.383,0.324,0.128,-5.873,-2.934,-7.337,1549046940241
16,0.502,0.317,0.118,-5.729,-3.096,-7.626,1549046940262
16,0.445,0.343,0.108,-5.681,-3.459,-7.061,1549046940282
16,0.418,0.388,0.107,-5.522,-3.605,-7.561,1549046940302
16,0.523,0.466,0.125,-5.365,-3.945,-7.2,1549046940322
16,0.606,0.496,0.122,-5.3,-3.752,-7.23,1549046940342
16,0.53,0.503,0.119,-4.987,-3.725,-7.211,1549046940362
16,0.776,0.516,0.113,-4.867,-4.786,-7.138,1549046940382
16,0.962,0.545,0.096,-4.764,-4.675,-7.331,1549046940401
16,0.799,0.504,0.076,-4.535,-5.103,-6.769,1549046940422
16,0.823,0.46,0.095,-4.378,-4.851,-7.705,1549046940441
16,0.95,0.395,0.073,-4.602,-4.699,-8.311,1549046940462
16,1.103,0.35,0.082,-4.502,-5.321,-7.37,1549046940482
16,1.117,0.336,0.12,-4.295,-5.395,-6.891,1549046940502
17,1.111,0.354,0.147,-4.323,-5.786,-7.563,1549046940522
17,1.078,0.37,0.18,-4.415,-5.634,-7.77,1549046940542
17,1.086,0.361,0.192,-4.564,-5.548,-7.211,1549046940562
17,1.171,0.391,0.191,-4.08,-6.497,-7.661,1549046940582
17,1.184,0.336,0.159,-4.222,-5.88,-8.002,1549046940602
17,1.217,0.252,0.098,-3.915,-5.971,-7.889,1549046940622
17,1.311,0.358,0.173,-4.368,-6.693,-6.795,1549046940642
17,0.945,0.357,0.216,-4.415,-7.0,-6.975,1549046940662
17,0.819,0.305,0.288,-4.26,-6.537,-6.878,1549046940682
17,0.894,0.142,0.228,-3.883,-6.296,-8.019,1549046940702
17,1.083,0.111,0.204,-3.776,-7.197,-7.145,1549046940722
17,1.051,0.168,0.228,-4.192,-7.325,-7.307,1549046940742
17,0.937,0.191,0.228,-4.315,-6.816,-7.241,1549046940762
18,0.962,0.183,0.215,-4.19,-6.354,-8.238,1549046940783
18,1.164,0.144,0.232,-4.033,-6.961,-7.555,1549046940802
18,0.938,0.091,0.195,-4.766,-6.087,-7.768,1549046940822
18,0.631,-0.01,0.213,-4.167,-7.69,-7.42,1549046940842
18,0.404,-0.01,0.274,-4.009,-6.305,-8.683,1549046940863
18,0.271,-0.192,0.227,-4.096,-6.999,-6.667,1549046940882
18,0.421,-0.104,0.248,-4.61,-6.849,-7.235,1549046940902
18,0.198,-0.176,0.22,-4.592,-5.823,-7.181,1549046940922
18,-0.015,-0.263,0.223,-4.715,-6.061,-7.746,1549046940942
18,0.025,-0.375,0.27,-4.766,-6.447,-8.083,1549046940962
18,-0.174,-0.375,0.283,-4.695,-5.717,-6.517,1549046940982
19,-0.335,-0.441,0.257,-4.226,-6.349,-6.358,1549046941002
19,-0.278,-0.505,0.255,-5.784,-4.201,-7.055,1549046941022
19,-0.612,-0.444,0.264,-4.523,-6.417,-5.81,1549046941043
19,-0.629,-0.205,0.321,-4.597,-6.19,-5.734,1549046941062
19,-0.93,-0.377,0.308,-4.62,-5.999,-5.834,1549046941083
19,-0.886,-0.227,0.272,-4.928,-5.76,-5.835,1549046941102
19,-0.777,-0.163,0.213,-5.039,-5.049,-6.775,1549046941123
19,-0.648,-0.118,0.172,-4.67,-5.655,-6.066,1549046941142
19,-0.486,-0.113,0.117,-4.687,-6.55,-5.432,1549046941162
19,-0.605,-0.158,0.06,-4.676,-5.912,-6.204,1549046941182
20,-0.634,-0.123,-0.06,-4.968,-5.347,-6.3,1549046941203
20,-0.405,-0.085,-0.135,-6.616,-4.594,-6.485,1549046941223
20,-0.405,-0.025,-0.156,-6.005,-5.468,-6.837,1549046941243
20,-0.462,0.212,-0.054,-4.271,-6.04,-6.506,1549046941263
20,-0.592,-0.007,-0.066,-5.556,-5.554,-7.567,1549046941283
20,-0.623,-0.095,-0.038,-5.017,-4.692,-7.205,1549046941303
20,-0.448,0.146,0.0,-5.334,-5.354,-6.813,1549046941322
20,-0.359,0.048,0.1,-5.73,-5.883,-6.943,1549046941343
20,-0.612,0.105,0.127,-4.972,-5.443,-7.255,1549046941363
20,-0.568,0.07,0.115,-5.2,-5.302,-7.07,1549046941383
20,-0.487,0.002,0.052,-5.65,-4.953,-7.511,1549046941403
20,-0.497,0.062,0.039,-5.574,-5.107,-7.532,1549046941423
21,-0.55,0.073,0.02,-5.263,-5.04,-7.463,1549046941442
21,-0.464,0.038,0.007,-5.409,-4.954,-7.437,1549046941462
21,-0.434,0.052,-0.002,-5.193,-4.988,-7.681,1549046941482
21,-0.468,0.087,0.013,-5.452,-4.783,-7.356,1549046941502
21,-0.49,0.038,0.053,-5.646,-4.892,-7.679,1549046941522
21,-0.435,0.07,0.096,-5.463,-4.42,-7.558,1549046941543
21,-0.342,0.009,0.084,-5.845,-4.376,-7.817,1549046941562
21,-0.284,-0.022,0.071,-5.648,-4.359,-8.081,1549046941583
21,-0.353,-0.013,0.058,-5.473,-4.031,-8.042,1549046941603
21,-0.335,-0.087,0.023,-5.538,-4.093,-8.311,1549046941622
21,-0.298,-0.092,-0.004,-5.328,-4.154,-8.344,1549046941642
22,-0.357,-0.024,-0.013,-5.384,-4.432,-7.832,1549046941662
22,-0.466,-0.039,-0.007,-5.597,-4.703,-7.804,1549046941682
22,-0.443,-0.006,-0.022,-5.241,-4.085,-8.098,1549046941703
22,-0.248,-0.007,-0.049,-5.452,-4.338,-8.056,1549046941723
22,-0.103,-0.054,-0.066,-5.259,-4.1,-7.923,1549046941743
22,-0.136,-0.018,-0.076,-5.462,-4.235,-8.104,1549046941763
22,-0.121,-0.092,-0.127,-5.456,-4.088,-8.004,1549046941782
22,-0.16,-0.039,-0.154,-5.231,-4.514,-8.038,1549046941803
22,-0.114,-0.029,-0.11,-5.388,-4.146,-8.038,1549046941823
22,-0.169,-0.041,-0.127,-5.532,-4.256,-8.024,1549046941843
22,-0.183,-0.016,-0.125,-5.469,-4.135,-8.212,1549046941862
23,-0.17,-0.02,-0.127,-5.366,-4.404,-7.769,1549046941882
23,-0.19,-0.029,-0.121,-5.5,-4.634,-7.525,1549046941902
23,-0.267,-0.04,-0.117,-5.516,-3.982,-8.201,1549046941922
23,-0.258,-0.038,-0.133,-5.284,-4.221,-8.217,1549046941942
23,-0.252,-0.014,-0.137,-5.446,-5.095,-7.973,1549046941962
23,-0.302,-0.003,-0.123,-5.311,-4.559,-8.094,1549046941982
23,-0.223,0.015,-0.113,-5.46,-4.41,-7.982,1549046942003
23,0.007,-0.023,-0.128,-5.567,-4.415,-7.813,1549046942022
23,0.0,-0.011,-0.135,-5.496,-4.805,-7.633,1549046942042
23,-0.123,-0.031,-0.153,-5.313,-4.386,-8.146,1549046942063
23,-0.142,-0.069,-0.178,-5.222,-4.727,-8.17,1549046942083
23,-0.132,-0.091,-0.211,-4.909,-4.854,-8.084,1549046942103
23,-0.062,-0.069,-0.178,-4.91,-5.266,-7.474,1549046942123
23,-0.059,-0.049,-0.154,-5.218,-4.948,-7.491,1549046942143
23,-0.06,-0.03,-0.142,-5.548,-4.306,-7.563,1549046942163
24,0.033,-0.025,-0.147,-5.304,-4.755,-7.12,1549046942183
24,0.031,-0.001,-0.129,-5.509,-4.281,-7.387,1549046942203
24,-0.042,-0.046,-0.122,-5.572,-4.859,-7.27,1549046942223
24,0.058,-0.055,-0.139,-5.123,-4.008,-8.209,1549046942243
24,0.144,-0.082,-0.129,-4.875,-4.192,-7.161,1549046942263
24,0.084,-0.093,-0.138,-5.356,-4.992,-8.161,1549046942283
24,0.023,-0.074,-0.102,-5.297,-3.957,-7.585,1549046942303
24,-0.046,-0.054,-0.129,-5.471,-4.525,-8.036,1549046942323
24,0.0,-0.076,-0.119,-5.572,-4.185,-8.049,1549046942344
24,-0.098,-0.044,-0.115,-5.561,-4.234,-8.575,1549046942364
24,-0.029,-0.039,-0.1,-5.572,-4.361,-8.18,1549046942384
24,-0.099,-0.061,-0.112,-5.525,-4.942,-7.856,1549046942403
24,-0.092,-0.076,-0.105,-5.404,-4.555,-8.205,1549046942423
24,-0.073,-0.105,-0.124,-5.778,-4.128,-8.293,1549046942444
25,0.049,-0.131,-0.135,-5.517,-4.141,-7.938,1549046942464
25,0.076,-0.119,-0.134,-5.381,-4.621,-7.694,1549046942483
25,-0.078,-0.158,-0.119,-5.392,-4.536,-7.705,1549046942504
25,-0.15,-0.124,-0.114,-5.162,-4.634,-7.126,1549046942524
25,-0.032,-0.033,-0.057,-5.159,-4.705,-7.529,1549046942544
25,0.025,-0.014,0.006,-5.308,-4.594,-7.373,1549046942564
25,0.028,-0.001,0.037,-5.217,-4.644,-7.646,1549046942584
25,0.051,-0.011,0.04,-5.074,-5.027,-7.561,1549046942604
25,-0.005,-0.043,0.006,-5.184,-5.052,-7.464,1549046942624
25,-0.024,-0.058,-0.02,-5.137,-4.902,-7.643,1549046942644
25,0.003,-0.072,-0.061,-5.274,-4.733,-7.782,1549046942664
25,0.049,-0.078,-0.091,-5.256,-5.148,-7.311,1549046942684
25,0.039,-0.029,-0.081,-5.535,-5.07,-7.536,1549046942703
26,0.07,-0.009,-0.061,-5.235,-4.572,-7.518,1549046942723
26,0.178,-0.01,-0.078,-5.402,-4.895,-7.717,1549046942744
26,0.184,-0.033,-0.076,-5.528,-5.603,-6.882,1549046942764
26,0.12,0.033,-0.056,-5.457,-5.167,-7.563,1549046942784
26,0.27,0.027,-0.059,-5.155,-4.454,-7.689,1549046942803
26,0.514,0.015,-0.078,-4.978,-5.692,-7.6,1549046942824
26,0.405,-0.004,-0.061,-5.185,-5.977,-6.843,1549046942844
26,0.447,-0.043,-0.081,-5.218,-5.441,-7.412,1549046942864
26,0.866,-0.081,-0.143,-4.942,-5.473,-7.08,1549046942884
26,0.957,-0.098,-0.19,-4.885,-6.729,-6.753,1549046942904
26,0.717,-0.139,-0.231,-4.753,-6.581,-6.38,1549046942924
27,0.79,-0.142,-0.301,-4.685,-5.198,-6.124,1549046942943
27,1.268,-0.156,-0.419,-4.604,-6.301,-5.558,1549046942964
27,1.328,-0.122,-0.461,-4.852,-7.214,-5.446,1549046942984
27,0.997,-0.18,-0.568,-5.21,-7.746,-5.498,1549046943004
27,1.143,-0.177,-0.719,-4.902,-6.772,-5.233,1549046943024
27,1.409,-0.134,-0.78,-5.252,-7.251,-5.721,1549046943044
27,1.281,-0.233,-0.843,-5.116,-7.907,-5.817,1549046943064
27,1.143,-0.26,-0.944,-5.135,-7.807,-5.916,1549046943084
27,1.215,-0.338,-0.993,-5.114,-7.582,-5.643,1549046943104
27,1.289,-0.349,-0.974,-4.585,-7.186,-5.147,1549046943124
27,1.414,-0.366,-1.011,-4.773,-7.907,-5.195,1549046943143
27,1.186,-0.469,-1.048,-4.611,-10.135,-6.737,1549046943164
28,0.591,-0.474,-0.987,-4.414,-9.066,-6.36,1549046943184
28,0.501,-0.505,-0.924,-4.554,-6.756,-5.036,1549046943204
28,1.132,-0.378,-0.869,-4.276,-7.099,-4.554,1549046943224
28,1.199,-0.29,-0.811,-3.842,-7.342,-4.057,1549046943244
28,0.766,-0.365,-0.656,-4.102,-6.479,-3.777,1549046943264
28,0.425,-0.32,-0.692,-3.806,-6.286,-3.427,1549046943284
28,0.021,-0.204,-0.721,-3.778,-7.764,-4.545,1549046943304
28,-0.996,-0.278,-0.55,-3.861,-8.988,-6.213,1549046943324
28,-1.929,-0.351,-0.405,-3.666,-10.095,-7.744,1549046943344
28,-1.686,-0.328,-0.366,-3.484,-8.415,-7.168,1549046943364
28,-0.62,-0.168,-0.396,-3.85,-6.901,-5.792,1549046943384
29,0.4,0.059,-0.372,-2.768,-7.827,-4.626,1549046943405
29,0.105,0.05,-0.265,-2.577,-7.956,-3.488,1549046943425
29,-0.355,-0.161,-0.257,-2.919,-9.54,-5.073,1549046943444
29,-0.328,-0.083,-0.35,-3.389,-9.051,-7.444,1549046943464
29,-0.227,0.086,-0.274,-3.479,-8.69,-7.918,1549046943485
29,0.223,0.24,-0.202,-4.017,-6.679,-5.007,1549046943504
29,0.892,0.405,-0.076,-3.045,-6.78,-3.115,1549046943525
29,1.143,0.372,-0.094,-2.528,-8.708,-4.895,1549046943545
29,0.4,0.005,-0.141,-3.096,-10.201,-5.8,1549046943565
29,-0.048,-0.038,-0.147,-3.375,-8.244,-3.828,1549046943585
29,0.608,0.237,-0.045,-3.514,-6.495,-3.395,1549046943604
29,1.298,0.333,-0.051,-3.666,-7.964,-4.896,1549046943624
29,0.394,0.123,0.014,-3.29,-9.134,-3.688,1549046943645
29,-0.416,-0.092,0.015,-3.502,-9.135,-3.562,1549046943665
30,-0.187,-0.116,-0.027,-3.713,-9.379,-3.173,1549046943685
30,-0.095,-0.053,0.014,-3.213,-9.883,-3.921,1549046943705
30,-0.252,0.006,0.106,-2.611,-9.617,-3.645,1549046943725
30,-0.153,-0.026,0.108,-2.656,-9.023,-3.733,1549046943745
30,0.497,0.024,0.114,-3.049,-8.898,-4.166,1549046943765
30,0.638,0.125,0.102,-3.087,-8.979,-4.181,1549046943785
30,0.353,0.101,0.067,-2.969,-9.271,-4.323,1549046943805
30,0.183,0.032,0.004,-2.909,-8.979,-4.248,1549046943824
30,0.111,-0.05,-0.058,-3.049,-8.702,-4.118,1549046943845
30,0.101,-0.053,-0.056,-3.016,-8.941,-4.07,1549046943865
30,-0.065,-0.053,-0.049,-2.619,-9.824,-4.554,1549046943885
30,-0.179,-0.053,-0.078,-3.055,-9.108,-4.106,1549046943904
30,-0.076,-0.051,-0.088,-3.191,-8.738,-3.589,1549046943925
30,0.095,0.011,-0.068,-3.077,-9.127,-3.871,1549046943944
30,0.004,0.011,-0.051,-3.213,-9.104,-4.393,1549046943965
31,-0.121,0.005,-0.051,-3.05,-8.941,-4.152,1549046943984
31,-0.015,0.026,-0.038,-3.194,-8.606,-4.072,1549046944005
31,0.114,0.02,-0.023,-3.322,-8.397,-3.971,1549046944024
31,0.098,0.015,-0.031,-2.853,-8.921,-4.651,1549046944045
31,-0.023,0.018,-0.04,-2.818,-8.613,-4.395,1549046944064
31,-0.054,0.022,-0.046,-2.85,-8.79,-3.989,1549046944084
31,0.032,0.032,-0.061,-2.78,-9.49,-3.545,1549046944105
31,-0.095,0.019,-0.07,-3.026,-9.555,-3.652,1549046944124
31,-0.26,0.019,-0.069,-3.256,-9.158,-4.4,1549046944144
31,-0.238,0.045,-0.057,-3.41,-8.749,-4.667,1549046944164
31,-0.182,0.043,-0.035,-3.369,-8.453,-4.964,1549046944185
31,-0.18,0.059,0.055,-3.334,-8.522,-4.083,1549046944205
31,-0.256,0.03,0.093,-3.563,-9.281,-3.997,1549046944224
31,-0.556,0.045,0.138,-3.515,-9.275,-5.249,1549046944245
32,-0.799,0.069,0.205,-3.741,-8.671,-5.437,1549046944264
32,-0.601,0.087,0.188,-3.307,-7.599,-4.678,1549046944284
32,0.005,0.169,0.26,-2.498,-6.6,-5.515,1549046944305
32,0.143,0.164,0.245,-2.935,-7.969,-5.014,1549046944325
32,-0.133,0.05,0.126,-3.477,-8.637,-5.492,1549046944344
32,-0.429,0.075,0.119,-3.606,-7.395,-6.321,1549046944365
32,-0.802,0.016,0.188,-4.033,-7.844,-6.427,1549046944385
32,-0.81,-0.065,0.241,-5.872,-8.327,-6.587,1549046944405
32,-1.061,-0.098,0.27,-4.533,-6.234,-3.701,1549046944425
32,-1.14,-0.181,0.219,-3.358,-8.533,-4.085,1549046944445
33,-0.607,-0.314,0.122,-2.806,-9.858,-6.392,1549046944465
33,-0.723,-0.231,0.232,-1.597,-8.093,-7.335,1549046944485
33,-0.354,-0.152,0.212,-2.03,-7.125,-6.638,1549046944505
33,-0.209,-0.201,0.228,-2.449,-8.437,-4.765,1549046944525
33,-0.523,-0.123,0.164,-3.784,-9.21,-6.216,1549046944545
33,-0.942,-0.06,0.148,-4.636,-7.817,-7.212,1549046944565
33,-0.869,0.088,0.166,-3.909,-7.279,-6.494,1549046944585
33,-0.314,0.156,0.145,-3.24,-8.456,-7.132,1549046944605
33,-0.248,0.058,0.098,-3.171,-7.815,-7.13,1549046944625
33,-0.592,-0.002,0.128,-3.358,-8.533,-6.529,1549046944645
33,-0.507,-0.05,0.158,-3.529,-9.611,-6.837,1549046944665
34,-0.548,-0.082,0.181,-4.08,-8.634,-7.056,1549046944685
34,-0.436,-0.084,0.177,-4.172,-8.025,-6.675,1549046944705
34,-0.297,-0.067,0.205,-4.413,-7.787,-6.979,1549046944725
34,-0.262,-0.127,0.172,-4.418,-7.104,-7.024,1549046944745
34,-0.303,-0.155,0.186,-4.076,-7.479,-6.425,1549046944765
34,-0.234,-0.179,0.223,-4.967,-7.873,-6.536,1549046944785
34,-0.258,-0.22,0.249,-4.147,-7.008,-6.316,1549046944805
34,-0.353,-0.106,0.272,-4.166,-7.288,-7.489,1549046944825
34,-0.187,-0.198,0.273,-4.167,-7.993,-7.254,1549046944845
34,-0.207,-0.242,0.255,-4.939,-7.286,-6.021,1549046944865
34,-0.026,-0.364,0.26,-4.372,-7.906,-6.448,1549046944885
35,-0.06,-0.301,0.214,-4.978,-6.237,-6.986,1549046944905
35,-0.034,-0.435,0.168,-5.135,-5.816,-6.24,1549046944925
35,0.122,-0.317,0.2,-5.26,-7.125,-5.459,1549046944946
35,0.109,-0.368,0.227,-5.121,-7.143,-6.397,1549046944966
35,-0.063,-0.39,0.275,-4.831,-6.9,-6.453,1549046944985
35,-0.058,-0.45,0.269,-5.105,-6.563,-7.125,1549046945005
35,-0.166,-0.489,0.253,-5.387,-5.508,-6.367,1549046945026
35,-0.102,-0.469,0.269,-5.412,-7.088,-6.555,1549046945046
35,-0.06,-0.453,0.319,-5.068,-7.006,-7.092,1549046945065
35,-0.211,-0.572,0.319,-5.235,-5.714,-7.104,1549046945085
35,0.027,-0.618,0.314,-5.397,-5.994,-6.317,1549046945106
36,0.012,-0.524,0.325,-6.056,-6.102,-6.154,1549046945126
36,-0.353,-0.536,0.348,-5.716,-6.342,-6.186,1549046945146
36,-0.305,-0.539,0.335,-6.03,-6.413,-6.221,1549046945165
36,-0.25,-0.577,0.332,-6.006,-5.894,-5.861,1549046945185
36,-0.23,-0.528,0.329,-6.32,-5.64,-5.52,1549046945206
36,-0.268,-0.511,0.306,-6.508,-5.379,-6.118,1549046945226
36,-0.12,-0.519,0.29,-6.02,-5.587,-5.662,1549046945246
36,-0.034,-0.486,0.306,-6.262,-5.884,-5.104,1549046945265
36,0.021,-0.468,0.271,-6.375,-5.541,-5.521,1549046945286
36,-0.176,-0.384,0.253,-6.242,-5.635,-5.792,1549046945305
36,-0.14,-0.418,0.257,-6.374,-5.023,-5.427,1549046945325
36,-0.065,-0.387,0.245,-6.585,-5.303,-5.278,1549046945345
37,-0.003,-0.322,0.296,-6.407,-5.659,-5.049,1549046945366
37,-0.158,-0.275,0.274,-6.796,-5.054,-5.045,1549046945385
37,-0.086,-0.296,0.268,-6.447,-5.068,-5.086,1549046945406
37,0.072,-0.304,0.313,-6.757,-4.922,-5.598,1549046945426
37,0.197,-0.296,0.296,-6.761,-4.928,-4.585,1549046945446
37,0.169,-0.195,0.335,-6.852,-5.502,-4.384,1549046945466
37,0.153,-0.131,0.354,-7.102,-4.965,-4.896,1549046945486
37,0.057,-0.191,0.345,-6.921,-4.626,-4.635,1549046945506
37,0.308,-0.145,0.364,-6.662,-5.002,-4.423,1549046945526
37,0.319,-0.088,0.33,-7.055,-4.727,-4.732,1549046945546
37,0.271,-0.045,0.323,-7.173,-5.134,-4.294,1549046945566
38,0.306,0.001,0.345,-6.65,-4.698,-4.598,1549046945586
38,0.435,0.039,0.356,-6.958,-4.836,-4.664,1549046945606
38,0.533,0.04,0.376,-6.768,-5.218,-4.502,1549046945626
38,0.434,0.07,0.382,-7.05,-4.214,-5.424,1549046945646
38,0.449,0.076,0.388,-6.761,-4.264,-4.926,1549046945666
38,0.676,0.119,0.435,-6.81,-5.712,-4.339,1549046945686
38,0.71,0.148,0.458,-6.537,-5.09,-4.739,1549046945706
38,0.552,0.154,0.452,-6.771,-5.051,-5.403,1549046945726
38,0.609,0.151,0.463,-6.91,-4.747,-4.579,1549046945746
38,0.652,0.139,0.425,-6.94,-4.451,-5.34,1549046945765
38,0.72,0.227,0.479,-6.667,-4.985,-5.078,1549046945786
38,0.466,0.289,0.519,-6.977,-5.249,-4.507,1549046945807
39,0.552,0.336,0.535,-6.849,-4.627,-5.039,1549046945826
39,0.887,0.397,0.593,-7.067,-4.86,-4.602,1549046945845
39,1.073,0.444,0.631,-6.933,-5.133,-4.541,1549046945865
39,1.02,0.463,0.667,-6.84,-5.57,-4.275,1549046945885
39,1.056,0.466,0.711,-6.815,-6.068,-3.672,1549046945906
39,1.04,0.526,0.744,-6.623,-5.421,-5.302,1549046945925
39,0.75,0.518,0.668,-6.924,-5.261,-4.394,1549046945946
39,0.626,0.507,0.609,-7.25,-5.191,-4.352,1549046945965
39,0.687,0.557,0.557,-7.143,-5.162,-4.537,1549046945986
39,0.72,0.544,0.547,-7.29,-5.291,-4.46,1549046946006
39,0.708,0.532,0.551,-7.422,-5.032,-4.786,1549046946026
39,0.609,0.519,0.518,-7.138,-5.122,-4.678,1549046946046
39,0.664,0.521,0.492,-7.249,-5.505,-4.368,1549046946066
39,0.634,0.555,0.451,-7.387,-5.276,-4.338,1549046946086
40,0.625,0.577,0.391,-7.388,-5.43,-4.456,1549046946106
40,0.616,0.543,0.365,-7.375,-5.052,-4.64,1549046946126
40,0.592,0.472,0.313,-7.248,-5.036,-4.099,1549046946145
40,0.618,0.442,0.268,-7.099,-4.801,-4.1,1549046946165
40,0.763,0.446,0.239,-7.171,-5.191,-3.805,1549046946186
40,0.6,0.415,0.177,-7.062,-5.358,-3.875,1549046946206
40,0.516,0.383,0.147,-7.008,-4.757,-4.512,1549046946226
40,0.61,0.322,0.122,-6.973,-5.23,-3.915,1549046946246
40,0.782,0.308,0.112,-6.696,-6.012,-4.122,1549046946266
40,0.603,0.301,0.091,-6.654,-5.502,-4.488,1549046946286
40,0.482,0.195,0.027,-7.005,-5.485,-4.043,1549046946306
41,0.506,0.156,-0.055,-6.858,-4.941,-4.556,1549046946326
41,0.518,0.126,-0.084,-6.806,-6.015,-4.075,1549046946347
41,0.53,0.116,-0.066,-6.912,-5.767,-4.415,1549046946367
41,0.497,0.121,-0.09,-6.935,-5.55,-4.396,1549046946386
41,0.542,0.128,-0.122,-6.929,-6.411,-3.947,1549046946406
41,0.568,0.176,-0.15,-7.362,-6.242,-3.369,1549046946426
41,0.37,0.153,-0.186,-7.32,-6.117,-3.724,1549046946446
41,0.318,0.119,-0.158,-7.05,-6.305,-4.19,1549046946466
41,0.474,0.167,-0.142,-6.567,-6.35,-4.527,1549046946487
41,0.469,0.225,-0.152,-6.388,-6.343,-4.592,1549046946506
42,0.362,0.227,-0.138,-6.31,-6.185,-4.783,1549046946527
42,0.318,0.24,-0.098,-6.676,-7.181,-4.235,1549046946546
42,0.358,0.274,-0.077,-6.663,-7.032,-3.872,1549046946567
42,0.218,0.328,-0.112,-6.767,-6.912,-3.868,1549046946586
42,0.194,0.325,-0.149,-6.8,-6.591,-3.716,1549046946607
42,0.352,0.262,-0.121,-6.654,-7.083,-4.046,1549046946627
42,0.5,0.201,-0.088,-6.427,-6.669,-3.78,1549046946647
42,0.411,0.178,-0.116,-6.304,-6.768,-3.499,1549046946667
42,0.401,0.211,-0.132,-6.103,-6.836,-4.177,1549046946687
42,0.281,0.196,-0.115,-6.245,-6.466,-4.489,1549046946706
42,0.312,0.21,-0.098,-6.52,-6.845,-3.626,1549046946727
42,0.354,0.288,-0.103,-6.599,-7.604,-3.165,1549046946747
43,0.344,0.272,-0.108,-6.575,-6.92,-3.712,1549046946767
43,0.408,0.167,-0.093,-6.126,-6.789,-4.842,1549046946787
43,0.276,0.086,-0.103,-6.254,-6.388,-4.275,1549046946806
43,0.355,0.112,-0.137,-6.454,-6.967,-3.824,1549046946827
43,0.591,0.149,-0.137,-6.149,-7.138,-4.166,1549046946847
43,0.698,0.132,-0.127,-6.33,-6.908,-4.121,1549046946867
43,0.271,0.031,-0.151,-6.188,-6.575,-4.527,1549046946887
43,0.033,0.026,-0.182,-6.106,-6.575,-4.619,1549046946907
43,0.235,0.134,-0.127,-5.713,-7.461,-4.654,1549046946927
43,0.361,0.182,-0.1,-5.953,-7.229,-4.492,1549046946947
43,0.211,0.18,-0.112,-6.05,-7.163,-4.362,1549046946967
43,0.146,0.233,-0.121,-6.223,-7.029,-4.362,1549046946987
43,0.042,0.27,-0.148,-6.236,-6.925,-3.681,1549046947007
44,-0.003,0.295,-0.157,-5.97,-6.967,-4.702,1549046947027
44,-0.035,0.254,-0.14,-5.803,-7.076,-4.284,1549046947047
44,0.17,0.25,-0.117,-6.182,-7.448,-3.613,1549046947067
44,0.186,0.281,-0.114,-6.324,-6.841,-3.718,1549046947087
44,-0.188,0.239,-0.215,-6.537,-6.778,-3.756,1549046947107
44,-0.342,0.228,-0.265,-6.335,-7.532,-3.45,1549046947127
44,-0.154,0.182,-0.299,-6.054,-7.255,-4.04,1549046947147
44,0.163,0.136,-0.314,-5.723,-7.473,-4.291,1549046947167
44,0.16,0.1,-0.348,-5.92,-7.615,-4.174,1549046947187
44,0.009,0.066,-0.391,-6.237,-8.15,-3.295,1549046947207
44,-0.011,-0.021,-0.441,-5.785,-7.761,-4.784,1549046947228
44,0.104,-0.084,-0.486,-5.453,-7.191,-5.283,1549046947247
44,0.303,-0.029,-0.472,-5.754,-7.765,-4.246,1549046947267
44,0.3,-0.097,-0.483,-5.153,-8.549,-4.441,1549046947287
45,0.154,-0.083,-0.453,-5.563,-8.399,-4.532,1549046947306
45,0.147,-0.134,-0.459,-5.11,-8.013,-4.964,1549046947327
45,0.335,-0.056,-0.409,-5.039,-8.131,-4.905,1549046947347
45,0.242,-0.027,-0.387,-5.002,-8.278,-5.31,1549046947366
45,0.081,-0.027,-0.359,-5.554,-8.209,-3.922,1549046947386
45,0.012,-0.027,-0.309,-5.212,-8.502,-3.956,1549046947407
45,-0.02,-0.002,-0.281,-5.243,-8.439,-4.126,1549046947427
45,0.107,-0.003,-0.27,-5.446,-8.296,-4.12,1549046947447
45,0.092,-0.042,-0.248,-5.455,-7.957,-4.262,1549046947466
45,0.025,-0.088,-0.226,-5.74,-8.546,-3.126,1549046947487
45,0.039,-0.08,-0.214,-5.359,-8.639,-3.244,1549046947506
45,0.063,-0.083,-0.201,-5.663,-7.937,-3.926,1549046947526
46,0.106,-0.096,-0.19,-5.26,-8.306,-3.899,1549046947547
46,0.137,-0.089,-0.146,-5.406,-8.297,-3.065,1549046947567
46,0.075,-0.065,-0.147,-4.856,-8.693,-3.738,1549046947586
46,0.135,-0.004,-0.14,-4.917,-8.309,-3.791,1549046947607
46,0.147,0.03,-0.144,-4.758,-8.426,-3.593,1549046947627
46,-0.007,0.064,-0.143,-4.735,-8.143,-4.375,1549046947647
46,-0.084,0.019,-0.154,-4.881,-8.164,-3.438,1549046947666
46,0.174,-0.001,-0.134,-4.404,-8.632,-4.316,1549046947687
46,0.24,-0.008,-0.097,-4.423,-8.231,-4.107,1549046947707
46,0.313,0.005,-0.113,-4.453,-8.244,-3.916,1549046947727
46,0.192,0.007,-0.13,-4.573,-8.29,-3.983,1549046947747
46,-0.003,-0.005,-0.135,-4.812,-8.171,-4.146,1549046947767
47,-0.036,0.001,-0.131,-4.828,-8.372,-3.628,1549046947787
47,0.021,0.013,-0.128,-4.633,-8.563,-3.852,1549046947807
47,0.019,0.0,-0.109,-4.626,-8.119,-4.175,1549046947827
47,-0.014,-0.026,-0.101,-4.745,-8.61,-3.233,1549046947847
47,-0.027,-0.001,-0.115,-4.745,-8.447,-4.069,1549046947867
47,-0.11,0.035,-0.115,-4.808,-8.287,-3.708,1549046947887
47,-0.09,0.071,-0.114,-4.77,-8.519,-3.771,1549046947908
47,-0.082,0.072,-0.123,-4.603,-8.074,-4.037,1549046947928
47,-0.019,0.055,-0.132,-4.868,-8.352,-3.678,1549046947947
47,0.013,0.038,-0.134,-5.012,-8.66,-3.048,1549046947967
47,0.018,0.009,-0.131,-4.676,-8.206,-4.496,1549046947987
48,-0.043,-0.054,-0.128,-4.803,-8.132,-4.071,1549046948007
48,-0.046,-0.041,-0.125,-5.117,-9.252,-3.148,1549046948027
48,-0.043,0.005,-0.126,-4.691,-8.629,-3.783,1549046948047
48,-0.021,0.0,-0.129,-4.667,-8.526,-4.089,1549046948067
48,0.038,-0.025,-0.114,-4.584,-8.833,-3.968,1549046948087
48,-0.029,-0.047,-0.098,-4.647,-8.654,-3.653,1549046948108
48,-0.004,-0.034,-0.096,-4.236,-8.487,-4.151,1549046948127
48,0.048,-0.026,-0.102,-4.224,-8.497,-4.388,1549046948147
48,0.045,-0.026,-0.105,-4.121,-8.639,-3.977,1549046948168
48,0.059,-0.009,-0.095,-4.134,-9.04,-3.262,1549046948187
48,0.073,-0.021,-0.09,-4.032,-8.531,-3.575,1549046948208
49,0.02,-0.043,-0.091,-4.107,-8.452,-4.334,1549046948227
49,0.093,-0.052,-0.108,-4.02,-8.5,-3.741,1549046948248
49,0.133,-0.006,-0.096,-3.86,-9.05,-3.376,1549046948268
49,0.104,0.031,-0.077,-4.036,-8.626,-3.168,1549046948288
49,0.048,0.006,-0.1,-4.196,-8.319,-3.327,1549046948307
49,0.099,-0.04,-0.124,-4.461,-8.345,-3.584,1549046948328
49,0.115,-0.05,-0.136,-4.078,-8.788,-2.986,1549046948348
49,0.115,-0.061,-0.115,-3.823,-8.776,-2.566,1549046948368
49,0.175,-0.103,-0.15,-3.788,-8.764,-2.068,1549046948388
49,0.219,-0.13,-0.182,-3.79,-8.848,-2.552,1549046948407
49,0.185,-0.218,-0.209,-4.047,-9.147,-4.356,1549046948427
50,0.191,-0.28,-0.249,-3.873,-9.614,-3.307,1549046948447
50,0.326,-0.348,-0.258,-4.69,-9.267,-2.51,1549046948468
50,0.611,-0.355,-0.25,-4.382,-8.925,-2.031,1549046948488
50,0.501,-0.319,-0.248,-4.229,-9.528,-2.666,1549046948508
50,0.359,-0.471,-0.304,-4.523,-9.377,-3.542,1549046948528
50,0.383,-0.509,-0.366,-4.568,-8.879,-3.53,1549046948548
50,0.765,-0.423,-0.294,-4.208,-9.195,-2.676,1549046948568
50,0.858,-0.414,-0.286,-4.555,-10.156,-3.044,1549046948588
50,0.681,-0.526,-0.378,-4.288,-8.887,-3.613,1549046948607
50,0.566,-0.391,-0.337,-4.095,-7.51,-4.135,1549046948628
50,0.754,-0.229,-0.252,-4.304,-8.908,-3.268,1549046948648
50,0.761,-0.097,-0.224,-4.027,-9.515,-2.802,1549046948668
51,0.417,-0.147,-0.136,-4.189,-9.247,-2.516,1549046948688
51,0.179,-0.142,-0.112,-4.077,-9.059,-2.035,1549046948707
51,0.109,-0.064,-0.033,-3.822,-9.009,-1.906,1549046948728
51,0.123,-0.065,0.012,-3.975,-9.347,-2.456,1549046948748
51,0.07,-0.029,0.02,-4.277,-9.395,-2.435,1549046948768
51,0.091,0.096,0.07,-3.318,-9.313,-0.542,1549046948788
51,0.296,0.203,0.103,-2.918,-9.888,-0.539,1549046948808
51,0.327,0.137,0.122,-3.565,-9.366,-1.189,1549046948828
51,-0.091,0.066,0.086,-3.522,-8.894,-1.618,1549046948848
51,-0.08,0.126,0.053,-3.66,-9.528,-1.411,1549046948868
52,0.159,0.146,0.017,-3.775,-9.569,-1.623,1549046948888
52,0.161,0.103,-0.012,-3.885,-9.56,-1.88,1549046948908
52,-0.011,0.019,-0.05,-3.878,-9.166,-1.39,1549046948928
52,-0.111,-0.007,-0.055,-3.61,-9.86,-1.29,1549046948948
52,-0.078,-0.014,-0.036,-3.975,-9.599,-1.945,1549046948969
52,0.033,-0.009,-0.062,-4.059,-9.071,-2.362,1549046948988
52,0.053,0.009,-0.064,-3.695,-9.561,-1.773,1549046949008
52,-0.033,-0.012,-0.042,-3.751,-9.958,-1.386,1549046949029
52,0.002,-0.006,-0.019,-4.139,-9.197,-1.772,1549046949048
52,0.004,0.004,-0.006,-3.807,-9.229,-1.929,1549046949068
52,-0.004,0.027,0.0,-4.058,-9.285,-1.934,1549046949089
53,-0.028,0.023,0.001,-3.371,-9.444,-1.88,1549046949108
53,0.044,0.049,0.007,-3.754,-9.435,-1.666,1549046949127
53,0.005,-0.024,-0.01,-3.641,-9.145,-1.855,1549046949149
53,-0.138,0.0,0.004,-3.728,-9.171,-1.893,1549046949168
53,-0.136,0.011,-0.017,-3.989,-9.611,-1.548,1549046949188
53,0.004,0.03,-0.017,-3.866,-9.441,-1.657,1549046949207
53,0.057,0.007,-0.007,-3.92,-9.383,-2.07,1549046949228
53,0.019,-0.002,-0.01,-3.915,-9.216,-1.463,1549046949249
53,-0.008,-0.007,-0.012,-3.939,-9.206,-1.233,1549046949268
53,0.017,0.005,-0.01,-3.858,-9.519,-1.707,1549046949288
53,0.082,0.042,-0.004,-3.736,-9.497,-2.05,1549046949308
53,0.061,0.022,-0.005,-3.665,-9.436,-1.916,1549046949328
54,-0.017,-0.014,-0.006,-3.911,-9.259,-1.701,1549046949348
54,-0.07,-0.029,-0.004,-3.753,-9.659,-1.834,1549046949368
54,-0.086,-0.031,0.008,-3.616,-9.146,-2.038,1549046949388
54,-0.082,-0.088,0.012,-3.829,-8.95,-1.995,1549046949409
54,-0.083,-0.075,0.021,-3.857,-9.181,-1.743,1549046949428
54,-0.122,-0.024,0.036,-3.905,-9.591,-1.748,1549046949448
54,-0.152,0.0,0.053,-3.932,-9.592,-2.253,1549046949468
54,-0.114,0.016,0.028,-4.151,-8.934,-2.368,1549046949488
54,-0.125,0.037,0.014,-3.871,-9.361,-2.507,1549046949508
54,-0.363,0.071,0.063,-3.848,-9.357,-1.969,1549046949528
54,-0.466,0.021,0.068,-3.907,-9.232,-2.318,1549046949549
54,-0.278,0.046,0.055,-3.973,-8.847,-2.476,1549046949569
54,-0.135,0.07,0.044,-3.947,-9.422,-2.453,1549046949589
55,-0.128,0.146,0.06,-3.751,-9.735,-1.759,1549046949609
55,-0.281,0.126,0.063,-3.746,-9.492,-1.657,1549046949628
55,-0.152,0.054,0.032,-3.692,-9.146,-2.245,1549046949648
55,-0.034,0.042,0.0,-3.766,-9.075,-2.618,1549046949668
55,-0.006,0.06,-0.006,-3.892,-9.429,-2.243,1549046949689
55,-0.05,0.07,0.012,-3.945,-9.346,-2.117,1549046949709
55,-0.047,0.05,-0.001,-3.959,-9.401,-2.164,1549046949729
55,0.038,0.044,-0.011,-3.667,-9.356,-2.173,1549046949748
55,0.037,0.044,-0.031,-3.704,-9.245,-2.245,1549046949768
55,0.062,0.052,-0.075,-3.575,-9.486,-2.374,1549046949788
56,-0.025,0.097,-0.089,-3.463,-9.545,-2.385,1549046949809
56,-0.194,0.089,-0.093,-3.625,-9.645,-2.238,1549046949828
56,-0.195,0.061,-0.153,-3.703,-9.338,-2.143,1549046949848
56,-0.034,0.046,-0.199,-3.601,-9.251,-2.485,1549046949869
56,0.053,0.058,-0.222,-3.679,-9.156,-2.563,1549046949889
56,-0.044,0.037,-0.225,-3.663,-9.2,-2.18,1549046949909
56,-0.085,0.016,-0.202,-3.607,-9.227,-2.326,1549046949929
56,-0.084,-0.017,-0.168,-3.617,-9.239,-2.351,1549046949949
56,-0.115,-0.044,-0.129,-3.654,-9.329,-2.645,1549046949969
56,-0.141,-0.038,-0.089,-3.575,-9.317,-2.443,1549046949988
56,-0.206,-0.066,-0.081,-3.567,-9.038,-2.211,1549046950009
56,-0.153,-0.126,-0.067,-3.331,-9.069,-2.514,1549046950029
57,-0.137,-0.165,-0.026,-3.451,-9.152,-2.549,1549046950048
57,-0.137,-0.171,0.019,-3.81,-9.163,-2.631,1549046950068
57,-0.077,-0.156,0.05,-3.823,-9.665,-2.589,1549046950089
57,-0.018,-0.138,0.072,-3.736,-9.579,-2.575,1549046950109
57,-0.031,-0.149,0.073,-3.702,-9.291,-2.291,1549046950129
57,0.036,-0.125,0.051,-3.407,-9.648,-2.326,1549046950149
57,0.09,-0.067,0.023,-3.27,-9.742,-2.337,1549046950169
57,0.09,-0.035,-0.038,-3.274,-9.702,-2.599,1549046950189
57,0.177,0.018,-0.1,-3.333,-9.517,-2.604,1549046950209
57,0.315,0.074,-0.136,-3.37,-9.308,-2.721,1549046950229
57,0.268,0.101,-0.153,-3.369,-9.253,-2.558,1549046950249
57,0.156,0.088,-0.167,-3.301,-9.361,-2.283,1549046950269
58,0.09,0.104,-0.139,-3.462,-9.385,-2.157,1549046950289
58,0.171,0.144,-0.123,-3.558,-9.166,-2.269,1549046950309
58,0.276,0.207,-0.108,-3.384,-9.385,-2.403,1549046950329
58,0.228,0.239,-0.059,-3.453,-9.532,-2.228,1549046950349
58,0.18,0.233,-0.03,-3.564,-9.566,-1.947,1549046950369
58,0.332,0.273,-0.02,-3.377,-9.601,-2.153,1549046950389
58,0.433,0.304,-0.025,-3.22,-9.699,-2.514,1549046950409
58,0.361,0.298,-0.05,-3.172,-9.547,-2.23,1549046950429
58,0.22,0.311,-0.081,-3.17,-9.719,-1.741,1549046950450
58,0.053,0.312,-0.096,-3.138,-9.641,-1.672,1549046950469
58,-0.106,0.265,-0.091,-3.308,-9.552,-1.972,1549046950489
58,0.017,0.24,-0.101,-3.341,-9.517,-2.166,1549046950509
58,0.246,0.274,-0.108,-3.283,-9.647,-2.089,1549046950529
58,0.397,0.274,-0.121,-3.316,-9.764,-1.878,1549046950549
58,0.329,0.276,-0.128,-3.213,-9.51,-1.905,1549046950570
59,0.132,0.249,-0.127,-3.047,-9.5,-2.179,1549046950589
59,-0.002,0.202,-0.138,-2.919,-9.434,-1.66,1549046950610
59,0.042,0.146,-0.135,-2.858,-9.614,-1.644,1549046950630
59,0.241,0.146,-0.137,-2.935,-9.826,-2.201,1549046950650
59,0.289,0.13,-0.147,-2.937,-9.541,-2.23,1549046950669
59,0.196,0.119,-0.139,-2.889,-9.627,-2.045,1549046950690
59,0.154,0.096,-0.105,-2.881,-9.692,-1.901,1549046950709
59,0.093,0.073,-0.083,-2.871,-9.723,-1.762,1549046950730
59,0.135,0.091,-0.067,-2.857,-9.74,-1.824,1549046950750
59,0.122,0.113,-0.055,-2.841,-9.54,-1.951,1549046950770
59,0.035,0.122,-0.047,-2.955,-9.698,-1.945,1549046950790
60,0.033,0.13,-0.035,-3.044,-9.683,-1.816,1549046950809
60,0.001,0.128,-0.011,-2.983,-9.428,-1.602,1549046950830
60,0.013,0.108,0.007,-2.957,-9.663,-1.723,1549046950850
60,0.044,0.097,0.023,-2.957,-9.784,-1.681,1549046950870
60,-0.019,0.11,0.02,-2.975,-9.605,-1.817,1549046950890
60,0.0,0.095,0.028,-2.897,-9.685,-1.959,1549046950910
60,-0.002,0.074,0.04,-2.84,-9.669,-1.842,1549046950930
60,-0.029,0.062,0.041,-2.916,-9.778,-1.862,1549046950949
60,-0.014,0.061,0.037,-2.844,-9.832,-1.732,1549046950969
60,-0.019,0.053,0.034,-2.894,-9.705,-1.705,1549046950989
