pack,vx,vy,vz,ax,ay,az,time
1,-0.511,-0.561,0.173,-1.702,-10.579,-1.853,1549046353775
1,-0.528,-0.588,0.164,-2.476,-10.379,-2.328,1549046353795
1,-0.518,-0.608,0.188,-2.595,-9.785,-2.348,1549046353814
1,-0.48,-0.677,0.232,-2.565,-8.977,-1.995,1549046353834
1,-0.446,-0.721,0.266,-2.489,-6.835,-2.9,1549046353855
1,-0.74,-0.816,0.145,-2.91,-8.538,-2.205,1549046353875
1,-1.311,-0.902,0.212,-3.012,-11.767,-2.257,1549046353895
1,-1.437,-0.896,0.303,-1.892,-13.33,-2.078,1549046353915
1,-0.777,-0.892,0.363,-1.86,-9.989,-1.669,1549046353935
1,-0.318,-0.683,0.39,-2.874,-9.517,-2.761,1549046353955
1,-0.73,-0.547,0.506,-3.183,-8.418,-4.059,1549046353975
1,-0.949,-0.751,0.504,-3.382,-8.566,-2.401,1549046353995
2,-0.784,-0.885,0.34,-4.022,-12.269,-1.696,1549046354015
2,-0.916,-0.859,0.425,-4.352,-12.958,-1.561,1549046354035
2,-0.839,-0.799,0.427,-5.153,-9.179,-2.507,1549046354055
2,-0.563,-0.686,0.603,-3.476,-9.501,-2.946,1549046354075
2,-0.51,-1.131,0.501,-3.788,-9.707,-2.562,1549046354095
2,-0.555,-1.042,0.435,-4.211,-11.836,-1.966,1549046354115
2,-0.638,-1.017,0.427,-4.303,-10.689,-1.788,1549046354135
2,-0.19,-1.039,0.507,-5.011,-7.564,-3.313,1549046354155
2,0.141,-0.833,0.535,-5.268,-7.688,-3.213,1549046354174
2,-0.224,-0.991,0.388,-4.07,-10.993,-1.857,1549046354195
3,-0.644,-1.197,0.208,-3.866,-10.885,-2.654,1549046354214
3,-0.518,-1.038,0.265,-4.564,-8.065,-2.593,1549046354235
3,0.008,-0.966,0.192,-5.546,-7.067,-3.088,1549046354255
3,-0.007,-0.936,0.21,-4.54,-9.987,-2.531,1549046354275
3,-0.356,-1.081,0.098,-4.355,-9.404,-2.742,1549046354295
3,-0.134,-0.989,0.033,-4.305,-8.226,-3.244,1549046354315
3,-0.164,-0.957,-0.05,-4.746,-7.656,-3.143,1549046354335
3,-0.182,-0.844,-0.102,-4.296,-9.973,-2.879,1549046354355
3,-0.324,-0.812,-0.158,-4.348,-9.047,-3.183,1549046354375
3,-0.017,-0.679,-0.162,-4.034,-7.912,-3.29,1549046354395
3,-0.06,-0.574,-0.163,-4.448,-8.794,-3.408,1549046354415
3,-0.252,-0.472,-0.097,-4.78,-8.264,-3.308,1549046354435
3,-0.122,-0.495,-0.138,-4.427,-8.697,-1.718,1549046354455
3,-0.013,-0.541,-0.194,-5.044,-8.389,-2.817,1549046354475
4,-0.203,-0.405,-0.143,-4.535,-8.043,-2.475,1549046354495
4,-0.026,-0.354,-0.158,-4.685,-8.528,-2.142,1549046354515
4,0.098,-0.257,-0.144,-4.716,-8.887,-2.887,1549046354535
4,0.223,-0.208,-0.136,-4.368,-8.244,-3.612,1549046354555
4,-0.023,-0.223,-0.137,-4.373,-8.637,-2.901,1549046354575
4,0.029,-0.221,-0.161,-4.743,-9.17,-1.895,1549046354595
4,0.068,-0.197,-0.178,-4.895,-8.069,-2.78,1549046354615
4,0.188,-0.125,-0.184,-4.653,-7.481,-3.058,1549046354635
4,0.272,-0.056,-0.134,-4.826,-8.699,-2.929,1549046354655
4,0.01,-0.041,-0.09,-5.0,-9.745,-2.26,1549046354676
4,0.037,-0.093,-0.113,-4.614,-8.744,-2.702,1549046354695
5,0.297,-0.116,-0.123,-4.23,-9.609,-1.6,1549046354715
5,0.645,-0.093,-0.085,-5.114,-7.784,-2.7,1549046354735
5,0.523,0.103,0.012,-4.71,-8.876,-2.178,1549046354756
5,0.192,0.11,0.02,-4.88,-8.453,-3.052,1549046354776
5,0.238,0.202,0.079,-5.034,-9.231,-2.267,1549046354796
5,0.436,0.168,0.044,-4.798,-7.84,-2.877,1549046354816
5,0.554,0.199,-0.002,-4.649,-8.333,-2.057,1549046354836
5,0.509,0.242,-0.011,-4.31,-9.833,-2.059,1549046354856
5,0.235,0.28,-0.013,-4.814,-8.969,-1.425,1549046354876
5,0.423,0.272,-0.017,-4.615,-8.978,-1.759,1549046354896
5,0.469,0.207,-0.04,-4.517,-8.293,-1.663,1549046354916
6,0.414,0.21,0.002,-4.726,-9.152,-1.941,1549046354936
6,0.143,0.223,0.043,-4.893,-9.654,-1.346,1549046354956
6,0.187,0.14,0.033,-4.34,-8.656,-1.836,1549046354976
6,0.297,0.078,0.04,-4.668,-8.879,-1.842,1549046354996
6,0.355,0.058,0.07,-4.637,-9.033,-1.636,1549046355015
6,0.259,0.011,0.067,-4.574,-8.969,-1.498,1549046355036
6,0.131,-0.059,0.016,-4.603,-10.447,-1.862,1549046355056
6,0.108,-0.16,-0.032,-4.69,-9.185,-1.128,1549046355076
6,0.502,-0.24,-0.073,-4.42,-9.008,-1.967,1549046355096
6,0.342,-0.331,-0.103,-4.462,-9.026,-1.616,1549046355116
6,0.175,-0.357,-0.076,-4.52,-8.866,-1.53,1549046355136
7,0.113,-0.398,-0.048,-4.941,-9.24,-1.311,1549046355155
7,0.277,-0.425,0.003,-5.069,-8.508,-0.906,1549046355176
7,0.437,-0.45,0.033,-4.88,-7.731,-0.565,1549046355196
7,0.368,-0.457,0.103,-4.704,-9.447,-0.424,1549046355216
7,0.164,-0.459,0.123,-4.859,-9.657,-0.241,1549046355236
7,0.141,-0.457,0.151,-4.814,-9.411,0.057,1549046355255
7,0.191,-0.459,0.155,-4.63,-9.417,0.683,1549046355275
7,0.282,-0.404,0.166,-4.962,-8.837,0.286,1549046355295
7,0.224,-0.338,0.175,-4.941,-9.315,0.298,1549046355316
7,0.25,-0.304,0.143,-4.728,-10.221,0.847,1549046355336
7,0.278,-0.314,0.084,-4.737,-10.267,0.647,1549046355356
8,0.447,-0.31,0.031,-4.841,-9.129,0.714,1549046355376
8,0.598,-0.267,0.017,-4.741,-9.436,0.271,1549046355396
8,0.527,-0.3,0.031,-4.88,-9.514,0.167,1549046355415
8,0.458,-0.271,0.028,-4.527,-9.714,0.28,1549046355435
8,0.607,-0.276,0.012,-4.361,-9.661,0.351,1549046355455
8,0.62,-0.269,0.013,-4.34,-9.403,0.374,1549046355475
8,0.626,-0.256,0.039,-4.798,-8.837,0.202,1549046355495
8,0.555,-0.212,0.073,-4.647,-9.857,0.793,1549046355516
8,0.364,-0.317,0.066,-4.466,-8.99,0.432,1549046355536
8,0.32,-0.382,-0.043,-4.821,-8.837,0.584,1549046355556
8,0.403,-0.344,0.084,-4.451,-8.729,0.554,1549046355576
8,0.435,-0.347,0.081,-4.436,-8.397,1.392,1549046355596
9,0.312,-0.283,0.113,-5.196,-8.519,1.442,1549046355616
9,0.281,-0.219,0.153,-4.848,-8.985,1.378,1549046355636
9,0.406,-0.218,0.088,-4.518,-8.055,1.287,1549046355656
9,0.491,-0.128,0.055,-4.083,-8.22,1.399,1549046355676
9,0.242,-0.076,0.078,-5.117,-8.353,1.369,1549046355696
9,0.143,0.009,0.143,-4.82,-7.938,1.587,1549046355716
9,0.231,0.032,0.072,-4.524,-8.113,1.578,1549046355737
9,0.227,0.092,0.07,-4.529,-8.4,2.786,1549046355756
9,0.277,0.289,0.134,-4.651,-8.424,1.507,1549046355776
9,0.252,0.413,0.193,-4.964,-7.587,0.987,1549046355797
9,0.466,0.454,0.185,-5.328,-7.779,1.803,1549046355817
9,0.39,0.435,0.177,-5.109,-8.149,1.133,1549046355837
10,0.258,0.452,0.136,-3.982,-8.785,2.262,1549046355856
10,0.206,0.482,0.106,-4.861,-8.259,1.031,1549046355876
10,0.265,0.587,0.175,-5.098,-7.299,1.77,1549046355896
10,0.269,0.647,0.164,-5.535,-7.575,2.391,1549046355916
10,0.02,0.721,0.132,-5.294,-8.034,1.901,1549046355936
10,-0.003,0.8,0.122,-4.936,-8.527,1.826,1549046355956
10,-0.027,0.785,0.014,-5.618,-7.845,1.772,1549046355976
10,0.12,0.768,-0.021,-5.698,-7.909,2.107,1549046355996
10,0.259,0.673,-0.095,-5.44,-8.284,1.155,1549046356016
10,0.322,0.613,-0.178,-5.186,-7.704,1.334,1549046356037
11,0.191,0.592,-0.219,-5.277,-7.855,1.305,1549046356056
11,-0.064,0.53,-0.189,-5.056,-8.246,1.01,1549046356077
11,0.104,0.477,-0.178,-5.302,-7.426,0.879,1549046356096
11,0.124,0.493,-0.158,-5.155,-7.682,1.128,1549046356116
11,-0.217,0.466,-0.109,-5.022,-8.365,0.773,1549046356137
11,-0.323,0.441,-0.09,-4.918,-7.32,0.761,1549046356156
11,-0.208,0.345,-0.331,-5.609,-7.986,0.924,1549046356176
11,-0.45,0.32,-0.523,-5.651,-8.08,0.509,1549046356197
11,-0.581,0.219,-0.46,-5.137,-7.883,0.795,1549046356217
11,-0.517,0.214,-0.252,-4.754,-8.401,0.226,1549046356237
11,-0.529,0.196,-0.214,-4.753,-7.902,0.416,1549046356256
11,-0.51,0.239,-0.163,-4.811,-8.277,0.478,1549046356276
11,-0.717,0.223,-0.109,-5.068,-8.0,0.357,1549046356296
12,-0.747,0.24,-0.079,-5.14,-8.15,0.238,1549046356318
12,-0.675,0.235,-0.072,-5.14,-8.003,0.252,1549046356336
12,-0.573,0.222,-0.107,-5.1,-7.531,-0.207,1549046356357
12,-0.563,0.263,-0.101,-5.186,-8.145,0.159,1549046356376
12,-0.58,0.147,-0.211,-4.799,-8.476,-0.045,1549046356398
12,-0.616,0.079,-0.176,-4.596,-8.316,-0.24,1549046356417
12,-0.627,0.058,-0.195,-4.404,-8.258,-0.501,1549046356437
12,-0.675,0.025,-0.201,-4.514,-7.825,-0.457,1549046356458
12,-0.653,0.054,-0.179,-5.028,-8.2,-0.708,1549046356478
12,-0.747,0.043,-0.263,-4.846,-8.226,-0.746,1549046356498
12,-0.727,-0.13,-0.263,-4.397,-8.212,-0.917,1549046356518
12,-0.749,-0.206,-0.246,-4.165,-8.34,-0.887,1549046356538
12,-0.909,-0.3,-0.223,-4.324,-8.072,-1.816,1549046356558
13,-0.904,-0.274,-0.209,-4.423,-8.174,-1.992,1549046356578
13,-0.907,-0.328,-0.268,-4.097,-8.106,-2.254,1549046356598
13,-1.027,-0.45,-0.257,-3.946,-8.117,-2.513,1549046356617
13,-1.198,-0.459,-0.262,-3.953,-8.208,-2.696,1549046356638
13,-1.251,-0.441,-0.245,-3.877,-8.422,-2.97,1549046356658
13,-1.23,-0.357,-0.3,-3.944,-8.121,-3.951,1549046356678
13,-1.179,-0.284,-0.348,-4.015,-8.08,-3.62,1549046356698
13,-1.081,-0.291,-0.405,-4.18,-8.626,-4.074,1549046356718
13,-1.122,-0.226,-0.453,-4.061,-8.603,-4.024,1549046356738
13,-1.078,-0.19,-0.407,-3.667,-8.221,-4.183,1549046356758
13,-1.125,-0.183,-0.327,-3.817,-8.422,-5.149,1549046356778
13,-1.188,-0.153,-0.332,-3.648,-8.17,-5.092,1549046356798
13,-1.087,-0.178,-0.321,-3.266,-8.29,-5.042,1549046356818
13,-1.211,-0.188,-0.274,-3.589,-8.516,-5.209,1549046356838
14,-1.371,-0.1,-0.264,-3.733,-8.178,-5.291,1549046356858
14,-1.317,-0.024,-0.305,-3.653,-8.58,-5.041,1549046356878
14,-1.382,0.005,-0.309,-3.659,-8.935,-5.998,1549046356898
14,-1.425,0.074,-0.255,-3.51,-7.78,-6.572,1549046356917
14,-1.413,0.072,-0.165,-3.878,-8.202,-5.298,1549046356938
14,-1.498,0.026,-0.22,-3.832,-8.739,-6.523,1549046356958
14,-1.513,0.035,-0.179,-3.569,-7.435,-5.89,1549046356978
14,-1.306,0.09,-0.127,-4.141,-7.546,-6.963,1549046356998
14,-1.542,0.23,-0.174,-4.166,-8.206,-6.538,1549046357018
14,-1.42,0.06,-0.274,-3.032,-7.894,-6.077,1549046357038
15,-1.336,0.006,-0.214,-3.024,-7.426,-6.299,1549046357058
15,-1.453,0.201,-0.108,-3.302,-7.423,-6.919,1549046357078
15,-1.481,0.267,-0.088,-3.482,-7.576,-7.164,1549046357098
15,-1.406,0.311,-0.128,-3.856,-6.693,-7.637,1549046357118
15,-1.244,0.415,-0.135,-3.588,-6.381,-8.088,1549046357138
15,-1.217,0.278,-0.209,-2.916,-6.137,-7.818,1549046357158
15,-1.21,0.132,-0.252,-2.975,-6.635,-7.406,1549046357178
15,-1.226,0.154,-0.222,-3.229,-6.62,-7.074,1549046357198
15,-1.175,0.237,-0.167,-2.937,-6.567,-8.472,1549046357218
15,-1.169,0.206,-0.127,-2.331,-5.811,-9.351,1549046357238
15,-1.059,0.128,-0.08,-2.581,-5.746,-7.765,1549046357259
16,-0.972,0.235,-0.138,-3.12,-6.175,-8.133,1549046357279
16,-1.107,0.329,-0.169,-2.777,-6.023,-8.787,1549046357298
16,-1.078,0.224,-0.167,-2.206,-5.329,-9.669,1549046357318
16,-0.972,0.114,-0.135,-2.289,-4.755,-9.406,1549046357339
16,-0.922,0.275,-0.148,-3.082,-4.776,-8.913,1549046357358
16,-0.903,0.23,-0.204,-2.637,-5.117,-8.651,1549046357379
16,-0.864,0.055,-0.224,-2.296,-4.848,-9.195,1549046357399
16,-0.808,0.087,-0.145,-2.659,-4.167,-9.397,1549046357418
16,-0.733,0.219,-0.061,-3.007,-3.903,-8.947,1549046357439
16,-0.716,0.231,-0.008,-2.757,-4.169,-9.379,1549046357459
16,-0.778,0.165,-0.012,-1.763,-4.176,-9.771,1549046357479
17,-0.813,0.093,0.045,-1.854,-3.499,-9.864,1549046357499
17,-0.897,0.294,0.088,-2.834,-3.652,-10.605,1549046357518
17,-0.825,0.349,0.038,-2.812,-3.638,-9.683,1549046357539
17,-0.665,0.151,-0.075,-2.463,-3.966,-9.176,1549046357559
17,-0.672,0.064,-0.144,-2.424,-3.65,-9.778,1549046357578
17,-0.694,0.091,-0.103,-2.567,-3.082,-10.587,1549046357599
17,-0.707,0.161,-0.062,-2.924,-2.358,-10.426,1549046357619
17,-0.654,0.198,-0.053,-2.872,-3.595,-9.535,1549046357639
17,-0.639,0.072,-0.083,-1.916,-4.721,-9.462,1549046357659
17,-0.653,0.015,-0.026,-2.271,-2.913,-10.535,1549046357679
17,-0.69,0.261,0.122,-3.0,-2.131,-10.705,1549046357698
17,-0.655,0.26,0.033,-2.831,-3.188,-9.722,1549046357718
17,-0.664,0.019,-0.048,-1.838,-3.436,-10.382,1549046357739
17,-0.622,-0.033,-0.006,-2.076,-2.751,-11.068,1549046357758
18,-0.651,0.083,0.016,-1.806,-2.055,-10.784,1549046357778
18,-0.661,-0.026,-0.039,-2.305,-2.392,-10.27,1549046357799
18,-0.585,0.115,-0.054,-2.59,-1.983,-10.678,1549046357819
18,-0.632,0.132,-0.022,-2.039,-1.538,-10.902,1549046357839
18,-0.746,0.033,-0.054,-2.482,-1.57,-11.055,1549046357859
18,-0.768,0.045,-0.187,-2.192,-2.338,-9.734,1549046357879
18,-0.658,-0.104,-0.305,-1.904,-2.745,-9.939,1549046357899
18,-0.643,-0.093,-0.248,-2.238,-1.136,-10.257,1549046357919
18,-0.726,0.042,-0.147,-2.85,-0.493,-10.437,1549046357938
18,-0.844,0.062,-0.124,-2.916,-1.093,-9.886,1549046357959
18,-0.762,-0.034,-0.183,-2.138,-2.205,-9.904,1549046357979
19,-0.671,-0.108,-0.125,-1.723,-1.764,-9.492,1549046357999
19,-0.478,0.028,0.0,-2.592,-0.287,-9.235,1549046358018
19,-0.648,0.263,0.025,-3.158,-0.332,-9.583,1549046358039
19,-0.652,0.074,-0.12,-2.229,-1.645,-9.282,1549046358059
19,-0.483,-0.061,-0.177,-1.602,-1.002,-9.439,1549046358079
19,-0.419,-0.076,-0.123,-1.664,-0.474,-9.259,1549046358099
19,-0.252,0.09,-0.12,-1.877,-0.095,-10.064,1549046358119
19,-0.315,0.196,-0.087,-1.899,0.126,-9.115,1549046358139
19,-0.247,0.208,-0.114,-2.392,-1.119,-9.009,1549046358159
19,-0.211,0.261,-0.169,-1.893,-1.712,-9.395,1549046358180
20,-0.201,0.227,-0.176,-0.997,-1.353,-10.902,1549046358199
20,-0.189,0.114,-0.184,-1.249,-0.591,-10.24,1549046358219
20,-0.068,0.186,-0.266,-2.29,-1.361,-11.28,1549046358239
20,-0.018,0.286,-0.361,-1.827,-2.013,-9.934,1549046358259
20,0.051,0.072,-0.43,-2.649,-2.567,-9.688,1549046358280
20,0.077,0.22,-0.359,-2.946,-1.643,-10.711,1549046358300
20,0.132,0.195,-0.241,-1.856,-0.535,-11.355,1549046358319
20,0.004,-0.048,-0.254,-0.966,-1.64,-10.273,1549046358340
20,-0.014,-0.094,-0.25,-1.675,-2.532,-10.402,1549046358359
20,-0.089,0.126,-0.117,-2.308,-0.748,-10.934,1549046358380
20,0.029,0.29,-0.034,-2.509,0.703,-10.805,1549046358400
21,-0.003,0.244,-0.081,-1.9,-0.205,-11.092,1549046358419
21,0.011,-0.049,-0.167,-1.107,0.221,-9.7,1549046358439
21,-0.095,-0.041,-0.193,-2.25,-0.702,-11.047,1549046358459
21,-0.104,0.13,-0.16,-2.659,-0.268,-11.505,1549046358479
21,0.082,0.071,-0.197,-1.489,0.482,-10.104,1549046358499
21,0.142,-0.076,-0.232,-1.774,0.961,-11.224,1549046358519
21,-0.165,0.008,-0.231,-2.015,-0.466,-10.566,1549046358540
21,-0.203,-0.061,-0.3,-1.691,-0.984,-10.028,1549046358559
21,-0.099,-0.132,-0.26,-2.14,-0.261,-10.571,1549046358579
21,-0.028,-0.049,-0.171,-2.277,0.497,-10.758,1549046358600
21,-0.079,-0.065,-0.147,-2.101,-0.54,-10.374,1549046358619
22,-0.147,-0.157,-0.239,-1.975,-1.56,-9.929,1549046358639
22,-0.018,-0.195,-0.261,-2.092,-0.934,-9.632,1549046358660
22,0.117,-0.097,-0.211,-2.349,0.064,-10.088,1549046358679
22,-0.098,-0.026,-0.115,-1.905,-0.735,-10.223,1549046358700
22,-0.278,-0.105,-0.08,-2.11,-2.189,-9.87,1549046358719
22,-0.134,-0.109,-0.064,-1.57,-2.297,-9.439,1549046358740
22,0.138,-0.178,-0.055,-1.513,-0.754,-10.16,1549046358759
22,0.073,-0.066,0.012,-2.0,-0.43,-10.533,1549046358779
22,0.092,-0.004,-0.03,-1.975,-1.544,-10.182,1549046358799
22,0.224,-0.127,-0.137,-1.388,-1.763,-9.676,1549046358820
22,0.329,-0.145,-0.13,-1.78,-1.629,-9.607,1549046358840
22,0.333,-0.027,-0.08,-2.368,-1.218,-10.121,1549046358859
23,0.335,0.032,-0.048,-1.999,-0.802,-10.317,1549046358880
23,0.451,-0.054,-0.085,-1.879,-0.659,-10.589,1549046358899
23,0.458,-0.087,-0.115,-1.956,-1.496,-9.841,1549046358919
23,0.414,-0.101,-0.176,-1.891,-0.953,-10.227,1549046358940
23,0.353,-0.112,-0.169,-2.026,-0.286,-10.126,1549046358959
23,0.311,-0.067,-0.172,-2.507,-0.912,-9.67,1549046358979
23,0.242,-0.095,-0.193,-1.543,-1.311,-10.703,1549046358999
23,0.235,-0.166,-0.161,-2.171,-1.557,-10.053,1549046359019
23,0.403,-0.045,-0.135,-2.383,-0.36,-10.104,1549046359040
23,0.469,-0.031,-0.194,-2.346,-0.66,-10.261,1549046359060
23,0.333,-0.103,-0.247,-1.931,-1.421,-9.988,1549046359080
24,0.336,-0.161,-0.281,-2.111,-0.652,-10.155,1549046359100
24,0.298,-0.083,-0.219,-2.263,-0.633,-9.972,1549046359120
24,0.149,-0.087,-0.246,-2.521,-2.145,-9.659,1549046359140
24,0.089,-0.159,-0.28,-2.27,-2.116,-9.16,1549046359160
24,0.164,-0.201,-0.263,-2.5,-1.763,-10.12,1549046359180
24,0.255,-0.144,-0.223,-2.025,-1.599,-10.174,1549046359200
24,0.402,-0.184,-0.225,-1.995,-1.779,-9.006,1549046359220
24,0.37,-0.079,-0.19,-2.722,-2.546,-9.741,1549046359241
24,0.168,0.024,-0.189,-2.082,-2.406,-9.924,1549046359260
24,0.125,-0.082,-0.214,-1.985,-2.155,-10.097,1549046359280
24,0.122,-0.079,-0.223,-2.124,-2.745,-10.205,1549046359301
24,0.153,-0.11,-0.226,-2.282,-3.263,-9.409,1549046359321
24,0.249,-0.087,-0.196,-2.446,-3.383,-9.989,1549046359340
24,0.335,-0.053,-0.138,-2.1,-2.518,-9.546,1549046359360
25,0.421,-0.064,-0.114,-2.205,-1.974,-10.074,1549046359381
25,0.263,-0.024,-0.115,-2.242,-3.102,-9.728,1549046359401
25,0.181,-0.092,-0.157,-2.443,-3.637,-9.65,1549046359420
25,0.292,-0.058,-0.164,-2.353,-2.834,-9.672,1549046359441
25,0.412,-0.062,-0.122,-2.334,-2.888,-9.676,1549046359460
25,0.384,-0.07,-0.106,-2.063,-3.217,-9.783,1549046359480
25,0.321,-0.11,-0.081,-2.24,-2.823,-9.398,1549046359500
25,0.23,-0.011,-0.015,-2.437,-1.416,-8.674,1549046359520
25,0.116,0.072,-0.041,-2.255,-3.363,-12.32,1549046359541
25,0.038,-0.056,-0.06,-2.364,-4.823,-9.091,1549046359561
25,0.291,-0.138,-0.084,-2.182,-2.889,-9.851,1549046359581
26,0.481,-0.086,-0.045,-2.217,-1.385,-9.986,1549046359600
26,0.399,-0.038,-0.056,-2.696,-2.343,-9.71,1549046359620
26,0.31,-0.066,-0.132,-2.342,-3.746,-9.457,1549046359640
26,0.273,-0.183,-0.144,-1.968,-3.359,-9.377,1549046359661
26,0.364,-0.209,-0.094,-2.569,-2.128,-9.415,1549046359680
26,0.458,-0.111,-0.043,-2.387,-2.187,-9.323,1549046359701
26,0.288,-0.131,-0.088,-2.27,-3.416,-10.239,1549046359720
26,0.114,-0.155,-0.115,-2.093,-4.44,-9.127,1549046359742
26,0.253,-0.191,-0.148,-1.756,-4.127,-8.321,1549046359760
26,0.382,-0.166,-0.093,-2.565,-2.319,-9.516,1549046359781
26,0.421,0.015,-0.026,-3.093,-2.89,-9.854,1549046359801
26,0.269,-0.076,-0.054,-2.515,-4.363,-8.837,1549046359821
27,0.277,-0.183,-0.136,-2.254,-4.729,-8.258,1549046359841
27,0.297,-0.178,-0.136,-2.3,-3.891,-8.947,1549046359861
27,0.315,-0.07,-0.073,-2.4,-3.937,-9.527,1549046359880
27,0.268,-0.038,-0.051,-2.262,-4.904,-8.72,1549046359901
27,0.412,-0.055,-0.036,-2.427,-3.603,-8.486,1549046359920
27,0.46,-0.008,-0.053,-2.502,-4.441,-9.281,1549046359941
27,0.272,-0.016,-0.052,-2.225,-5.381,-8.884,1549046359961
27,0.43,-0.049,-0.084,-2.583,-3.945,-8.584,1549046359981
27,0.595,0.013,-0.117,-2.299,-2.401,-9.353,1549046360001
27,0.529,-0.007,-0.225,-2.711,-4.083,-10.529,1549046360021
28,0.459,-0.088,-0.3,-3.303,-6.144,-9.539,1549046360041
28,0.678,-0.096,-0.265,-2.825,-5.068,-8.249,1549046360061
28,0.707,-0.147,-0.175,-3.056,-3.894,-8.349,1549046360081
28,0.621,-0.087,-0.156,-2.956,-4.655,-8.422,1549046360102
28,0.397,-0.066,-0.127,-3.17,-4.723,-9.235,1549046360122
28,0.354,-0.076,-0.139,-2.745,-4.514,-8.943,1549046360141
28,0.284,-0.152,-0.207,-2.155,-5.84,-8.403,1549046360162
28,0.247,-0.192,-0.187,-2.612,-5.972,-8.202,1549046360182
28,0.317,-0.118,-0.105,-2.464,-6.382,-8.286,1549046360202
28,0.417,-0.117,-0.072,-1.542,-7.169,-8.29,1549046360222
28,0.655,-0.081,-0.098,-2.963,-4.084,-8.432,1549046360242
29,0.79,0.211,-0.075,-2.92,-4.52,-8.167,1549046360262
29,0.477,-0.036,-0.072,-2.265,-6.131,-8.355,1549046360282
29,0.423,-0.079,-0.115,-2.076,-6.47,-8.609,1549046360302
29,0.551,-0.048,-0.121,-1.761,-6.068,-8.106,1549046360321
29,0.671,-0.033,-0.119,-1.898,-5.458,-7.418,1549046360342
29,0.652,0.042,-0.121,-2.182,-5.702,-7.17,1549046360362
29,0.587,0.116,-0.105,-2.306,-6.63,-8.929,1549046360382
29,0.664,0.191,-0.104,-1.957,-6.853,-9.143,1549046360402
29,1.067,0.155,-0.093,-1.707,-6.194,-7.831,1549046360422
29,1.176,0.11,-0.078,-1.676,-7.12,-7.642,1549046360442
30,0.912,0.062,-0.074,-1.755,-7.05,-7.352,1549046360462
30,0.976,0.085,-0.095,-1.912,-7.489,-7.211,1549046360482
30,0.986,0.147,-0.051,-1.885,-7.281,-6.976,1549046360502
30,1.078,0.168,-0.072,-2.115,-6.979,-7.575,1549046360522
30,0.877,0.135,-0.063,-2.465,-7.638,-8.265,1549046360542
30,0.991,0.117,-0.023,-2.852,-6.925,-7.518,1549046360562
30,1.031,0.07,-0.083,-3.278,-6.944,-6.724,1549046360582
30,0.788,0.0,-0.101,-3.627,-6.572,-6.74,1549046360602
30,0.35,-0.072,-0.098,-3.177,-7.126,-6.481,1549046360622
30,0.192,-0.113,-0.15,-2.978,-8.127,-7.179,1549046360642
30,0.155,-0.084,-0.182,-2.746,-9.1,-7.214,1549046360663
30,0.397,-0.025,-0.155,-2.715,-7.874,-6.443,1549046360682
30,0.638,0.016,-0.104,-3.193,-7.429,-6.822,1549046360702
31,0.36,-0.015,-0.071,-2.98,-7.131,-6.843,1549046360722
31,0.275,-0.111,-0.163,-2.451,-7.519,-6.53,1549046360743
31,0.202,-0.15,-0.199,-2.076,-7.615,-6.292,1549046360762
31,0.129,-0.139,-0.153,-1.768,-8.788,-7.281,1549046360782
31,0.214,-0.134,-0.163,-2.158,-8.341,-7.208,1549046360802
31,0.64,-0.072,-0.1,-2.187,-6.851,-5.789,1549046360822
31,0.562,-0.112,-0.083,-2.476,-7.264,-5.779,1549046360842
31,-0.025,-0.201,-0.109,-2.015,-8.144,-5.703,1549046360862
31,-0.183,-0.174,-0.164,-2.094,-8.994,-5.933,1549046360882
31,-0.016,-0.082,-0.135,-2.202,-7.784,-5.862,1549046360903
32,0.257,-0.026,-0.088,-2.13,-7.2,-5.585,1549046360923
32,0.268,0.001,-0.116,-1.919,-8.264,-5.786,1549046360942
32,0.09,-0.007,-0.101,-1.782,-8.228,-5.825,1549046360963
32,0.219,0.031,-0.105,-1.76,-7.959,-6.248,1549046360983
32,0.157,0.039,-0.065,-2.03,-8.106,-6.269,1549046361003
32,0.028,0.044,-0.018,-1.816,-8.096,-6.055,1549046361023
32,0.038,0.04,-0.015,-1.917,-8.131,-6.349,1549046361043
32,0.074,0.048,-0.007,-2.057,-8.15,-5.829,1549046361063
32,0.111,0.061,-0.004,-2.171,-8.057,-5.646,1549046361082
32,0.029,0.067,0.005,-1.898,-8.201,-6.316,1549046361102
32,-0.012,0.046,0.011,-1.845,-8.283,-6.083,1549046361123
33,0.236,0.071,0.033,-1.686,-8.007,-6.092,1549046361143
33,0.254,0.084,0.034,-2.083,-8.072,-6.358,1549046361163
33,0.079,0.068,0.045,-1.951,-8.351,-5.839,1549046361183
33,0.122,0.018,0.02,-1.786,-8.269,-5.557,1549046361202
33,0.302,0.048,0.004,-1.913,-8.359,-5.665,1549046361223
33,0.198,0.102,0.019,-2.015,-8.034,-5.889,1549046361243
33,0.056,0.121,0.06,-2.037,-8.219,-5.795,1549046361263
33,-0.071,0.076,0.061,-1.679,-8.809,-6.003,1549046361283
33,-0.114,0.009,0.027,-1.802,-8.847,-6.036,1549046361302
33,-0.002,0.032,0.064,-1.986,-8.432,-5.768,1549046361322
34,0.086,0.046,0.065,-2.018,-8.386,-5.71,1549046361343
34,0.1,0.042,0.058,-2.05,-8.664,-5.856,1549046361363
34,0.121,0.041,0.043,-2.024,-8.688,-5.967,1549046361383
34,0.114,0.038,0.061,-1.871,-8.168,-6.067,1549046361403
34,0.092,0.019,0.061,-2.007,-8.23,-6.158,1549046361423
34,0.127,0.0,0.027,-1.961,-8.465,-5.877,1549046361442
34,0.243,-0.03,-0.027,-2.085,-8.787,-4.983,1549046361462
34,0.269,-0.02,-0.019,-2.211,-8.627,-5.161,1549046361482
34,0.162,0.024,0.027,-2.035,-8.333,-5.386,1549046361503
34,0.047,0.05,0.062,-2.008,-7.983,-5.991,1549046361523
34,-0.025,0.1,0.08,-2.108,-8.113,-6.092,1549046361543
35,-0.058,0.049,0.048,-1.917,-8.371,-5.756,1549046361563
35,-0.074,-0.017,0.004,-2.025,-8.695,-5.557,1549046361583
35,-0.117,-0.023,-0.003,-2.119,-8.951,-5.67,1549046361602
35,-0.064,0.004,0.019,-2.364,-8.347,-5.62,1549046361622
35,0.041,0.024,0.017,-1.88,-8.422,-5.355,1549046361643
35,0.025,-0.036,-0.024,-2.076,-8.39,-5.658,1549046361662
35,-0.086,-0.025,-0.021,-1.916,-8.544,-5.841,1549046361682
35,-0.163,-0.057,-0.039,-1.86,-8.809,-5.547,1549046361704
35,-0.047,-0.04,-0.056,-1.946,-8.958,-5.411,1549046361724
35,0.031,0.0,-0.027,-2.046,-8.405,-5.658,1549046361743
35,0.059,0.043,0.024,-2.12,-7.957,-5.565,1549046361763
35,0.055,0.044,0.021,-1.975,-8.308,-5.57,1549046361783
36,-0.04,0.012,-0.01,-2.052,-8.512,-5.956,1549046361803
36,-0.043,0.039,0.002,-1.983,-8.358,-5.883,1549046361823
36,-0.033,0.038,0.012,-1.821,-8.493,-5.735,1549046361843
36,-0.041,0.025,0.012,-2.217,-8.214,-5.803,1549046361863
36,-0.046,0.055,0.012,-2.137,-8.895,-5.785,1549046361883
36,-0.069,0.008,-0.009,-2.173,-8.832,-5.827,1549046361903
36,-0.033,0.018,0.013,-2.011,-8.776,-5.543,1549046361923
36,-0.015,-0.001,0.016,-2.187,-8.218,-5.523,1549046361943
36,0.035,0.031,0.022,-1.82,-8.241,-5.655,1549046361963
36,0.036,-0.002,-0.007,-1.918,-8.453,-5.974,1549046361984
36,0.028,-0.005,-0.01,-1.888,-8.669,-6.053,1549046362003
36,0.001,-0.028,-0.015,-2.513,-8.408,-5.923,1549046362023
37,0.049,-0.001,-0.006,-2.622,-8.109,-6.572,1549046362044
37,0.07,-0.037,-0.013,-2.649,-8.118,-6.392,1549046362063
37,0.071,-0.103,-0.04,-2.403,-8.475,-5.812,1549046362084
37,0.012,-0.139,-0.043,-1.965,-8.255,-4.953,1549046362103
37,0.011,-0.121,-0.029,-1.199,-8.49,-5.044,1549046362123
37,-0.068,-0.063,-0.01,-1.674,-8.207,-5.573,1549046362144
37,-0.088,0.032,0.05,-1.237,-7.892,-5.097,1549046362163
37,-0.129,-0.004,0.01,-1.118,-8.299,-5.528,1549046362184
37,-0.256,0.026,0.005,-2.07,-8.62,-6.004,1549046362203
37,-0.148,0.104,0.016,-2.118,-8.882,-5.566,1549046362223
38,-0.098,0.035,-0.006,-2.038,-9.432,-5.552,1549046362244
38,-0.091,0.022,0.027,-2.736,-9.565,-5.565,1549046362264
38,-0.049,0.096,0.087,-2.796,-8.716,-5.887,1549046362283
38,0.08,0.087,0.112,-2.221,-8.046,-5.856,1549046362303
38,0.196,0.061,0.074,-2.344,-7.971,-5.984,1549046362324
38,0.158,0.058,0.027,-2.267,-8.631,-5.836,1549046362343
38,0.021,0.005,-0.007,-2.74,-8.957,-5.79,1549046362363
38,-0.081,-0.006,0.027,-2.611,-8.978,-4.963,1549046362383
38,-0.344,-0.019,0.119,-2.443,-8.827,-5.885,1549046362403
38,-0.172,0.072,0.12,-3.528,-7.368,-6.637,1549046362424
38,-0.07,0.183,0.094,-3.17,-7.601,-6.367,1549046362444
39,-0.15,0.019,0.01,-2.789,-8.227,-5.702,1549046362463
39,-0.296,-0.018,-0.034,-2.642,-9.096,-6.192,1549046362485
39,-0.362,-0.064,-0.008,-2.169,-8.239,-6.842,1549046362503
39,-0.189,-0.125,-0.02,-2.057,-7.482,-6.637,1549046362523
39,-0.06,-0.127,-0.004,-1.504,-7.719,-5.205,1549046362544
39,-0.228,-0.215,0.03,-1.198,-6.903,-5.489,1549046362565
39,-0.566,-0.219,0.032,-2.155,-7.644,-6.585,1549046362584
39,-1.016,-0.109,0.145,-2.506,-7.156,-6.311,1549046362604
39,-1.251,-0.175,0.068,-1.36,-7.72,-4.571,1549046362624
39,-1.038,-0.181,-0.023,-1.754,-9.352,-6.358,1549046362644
40,-0.616,0.036,0.091,-2.437,-4.475,-6.879,1549046362664
40,-0.355,0.155,-0.001,-1.92,-5.602,-7.863,1549046362685
40,-1.084,-0.108,-0.07,-1.38,-7.815,-8.455,1549046362704
40,-1.28,-0.236,-0.175,-1.237,-9.028,-7.062,1549046362724
40,-1.006,-0.227,-0.145,-0.904,-9.338,-7.389,1549046362744
40,-0.73,-0.146,0.061,-2.129,-7.494,-7.673,1549046362764
40,-0.365,0.06,0.233,-2.464,-5.221,-7.876,1549046362784
40,-0.379,-0.004,0.19,-2.336,-5.111,-8.351,1549046362804
40,-0.756,-0.079,0.059,-2.333,-5.771,-8.652,1549046362824
40,-0.976,-0.174,0.024,-2.396,-5.461,-7.717,1549046362844
40,-0.897,-0.188,-0.032,-3.038,-5.036,-7.745,1549046362864
41,-0.887,-0.131,-0.079,-3.401,-4.666,-9.058,1549046362885
41,-1.076,-0.2,-0.121,-1.977,-6.503,-8.301,1549046362905
41,-1.389,-0.386,-0.163,-1.871,-9.241,-8.878,1549046362925
41,-1.385,-0.217,-0.002,-3.081,-7.41,-9.193,1549046362945
41,-0.926,0.001,0.024,-2.231,-3.511,-8.868,1549046362964
41,-0.516,-0.192,-0.078,-1.78,-4.5,-8.562,1549046362984
41,-0.828,-0.247,-0.061,-2.417,-8.628,-7.867,1549046363005
41,-0.967,-0.179,0.136,-3.09,-8.137,-9.006,1549046363024
41,-0.711,-0.028,0.157,-2.758,-4.233,-9.125,1549046363044
41,-0.162,-0.12,0.066,-2.505,-4.288,-9.458,1549046363064
42,-0.2,-0.167,-0.027,-2.771,-4.097,-9.86,1549046363084
42,-0.553,-0.172,-0.058,-2.781,-5.684,-9.076,1549046363104
42,-0.698,-0.29,-0.044,-2.605,-6.565,-9.141,1549046363125
42,-0.536,-0.37,0.006,-2.665,-5.133,-9.415,1549046363145
42,-0.259,-0.277,-0.048,-3.171,-4.21,-9.571,1549046363165
42,-0.245,-0.234,-0.039,-3.033,-4.112,-10.163,1549046363185
42,-0.332,-0.369,-0.033,-2.893,-4.527,-8.885,1549046363205
42,-0.366,-0.445,-0.037,-3.717,-5.142,-9.594,1549046363225
42,-0.526,-0.349,0.063,-3.45,-4.733,-9.435,1549046363245
42,-0.252,-0.426,-0.008,-3.534,-5.065,-8.339,1549046363264
43,-0.182,-0.456,0.009,-3.923,-4.883,-9.156,1549046363286
43,-0.362,-0.392,0.013,-3.5,-4.679,-9.321,1549046363305
43,-0.275,-0.502,-0.023,-3.041,-5.073,-9.487,1549046363325
43,-0.187,-0.644,0.053,-3.232,-4.458,-7.954,1549046363345
43,0.063,-0.501,0.037,-4.096,-5.618,-7.777,1549046363365
43,0.051,-0.34,0.09,-3.31,-5.304,-9.238,1549046363385
43,0.264,-0.447,0.099,-3.096,-4.29,-8.212,1549046363405
43,0.264,-0.421,0.091,-3.836,-4.238,-9.085,1549046363425
43,-0.057,-0.31,0.11,-3.72,-4.473,-8.262,1549046363445
43,-0.035,-0.404,0.042,-3.704,-5.931,-7.749,1549046363465
44,0.06,-0.414,0.113,-4.016,-6.072,-7.7,1549046363485
44,0.388,-0.292,0.132,-4.502,-3.438,-9.05,1549046363505
44,0.54,-0.163,0.155,-4.576,-2.834,-8.406,1549046363526
44,0.375,-0.231,0.087,-4.509,-5.274,-7.965,1549046363545
44,0.047,-0.244,0.053,-4.378,-5.662,-7.999,1549046363566
44,0.193,-0.259,0.079,-4.455,-3.414,-7.963,1549046363586
44,0.308,-0.207,0.117,-3.796,-3.96,-9.029,1549046363606
44,0.112,-0.289,0.069,-5.059,-4.648,-8.315,1549046363626
44,0.035,-0.155,0.052,-4.779,-5.558,-8.583,1549046363646
44,0.196,-0.334,0.019,-4.267,-4.053,-8.484,1549046363666
44,0.363,-0.392,0.074,-5.36,-2.63,-8.459,1549046363686
45,0.205,-0.269,0.068,-4.828,-4.811,-9.081,1549046363706
45,-0.021,-0.423,-0.043,-4.472,-5.896,-7.262,1549046363726
45,0.192,-0.496,0.028,-4.995,-4.196,-8.389,1549046363746
45,0.257,-0.351,0.12,-5.084,-3.804,-7.623,1549046363766
45,0.302,-0.375,0.106,-5.046,-4.548,-8.121,1549046363785
45,0.276,-0.356,0.103,-4.941,-4.302,-8.156,1549046363806
45,0.232,-0.321,0.122,-5.115,-4.675,-8.109,1549046363826
45,0.096,-0.319,0.114,-4.752,-4.71,-8.206,1549046363846
45,0.099,-0.337,0.144,-5.297,-3.055,-8.042,1549046363865
45,0.278,-0.281,0.192,-5.164,-4.646,-7.056,1549046363885
45,0.139,-0.297,0.12,-4.999,-5.628,-7.393,1549046363906
46,0.217,-0.206,0.172,-5.21,-4.164,-8.082,1549046363926
46,0.226,-0.134,0.261,-5.133,-3.765,-7.723,1549046363946
46,0.102,-0.151,0.244,-5.379,-4.535,-7.441,1549046363966
46,0.169,-0.131,0.224,-5.261,-5.132,-7.085,1549046363986
46,0.317,-0.165,0.257,-5.091,-4.472,-7.214,1549046364006
46,0.385,-0.111,0.266,-5.189,-3.803,-7.627,1549046364026
46,0.325,-0.072,0.292,-5.217,-4.167,-7.294,1549046364046
46,0.271,-0.068,0.291,-5.034,-4.695,-6.753,1549046364066
46,0.276,-0.071,0.36,-5.397,-4.093,-7.088,1549046364085
46,0.384,0.023,0.44,-5.405,-2.975,-7.57,1549046364106
47,0.433,0.054,0.436,-5.114,-4.107,-7.11,1549046364125
47,0.365,0.101,0.333,-5.328,-5.048,-6.888,1549046364146
47,0.174,0.108,0.412,-4.778,-5.057,-7.376,1549046364166
47,0.36,0.068,0.472,-5.356,-2.813,-7.32,1549046364186
47,0.553,0.233,0.547,-5.316,-3.457,-6.631,1549046364206
47,0.231,0.186,0.442,-5.362,-5.396,-6.262,1549046364226
47,0.035,0.171,0.456,-5.116,-6.091,-7.292,1549046364246
47,0.245,0.173,0.478,-4.974,-4.965,-6.676,1549046364266
47,0.512,0.147,0.471,-5.59,-4.855,-6.496,1549046364286
47,0.494,0.194,0.453,-6.166,-4.376,-7.044,1549046364306
47,0.513,0.228,0.432,-5.709,-4.229,-7.248,1549046364326
47,0.483,0.155,0.354,-5.987,-5.018,-6.917,1549046364346
48,0.345,0.177,0.314,-5.587,-5.93,-6.272,1549046364366
48,0.327,0.134,0.272,-5.312,-5.648,-7.064,1549046364386
48,0.399,0.158,0.303,-6.034,-4.988,-6.371,1549046364406
48,0.599,0.198,0.249,-5.851,-5.298,-6.242,1549046364427
48,0.561,0.163,0.134,-5.457,-5.426,-6.598,1549046364446
48,0.576,0.187,0.082,-5.724,-4.998,-6.259,1549046364467
48,0.61,0.194,0.075,-6.069,-4.367,-6.277,1549046364487
48,0.671,0.2,0.076,-6.223,-4.298,-5.997,1549046364507
48,0.615,0.158,0.01,-5.836,-5.008,-6.209,1549046364527
48,0.446,0.074,-0.089,-5.778,-5.833,-5.555,1549046364546
48,0.459,-0.002,-0.139,-6.339,-5.004,-6.418,1549046364566
48,0.516,0.038,0.016,-6.255,-4.173,-6.472,1549046364586
48,0.483,-0.031,0.053,-5.995,-4.844,-6.133,1549046364607
48,0.214,-0.184,-0.002,-6.237,-6.184,-5.631,1549046364626
49,0.195,-0.222,-0.042,-6.522,-5.227,-6.4,1549046364647
49,0.209,-0.23,0.107,-6.354,-4.528,-6.331,1549046364666
49,0.099,-0.345,0.097,-6.222,-5.352,-6.149,1549046364686
49,-0.043,-0.466,0.006,-6.451,-5.721,-7.111,1549046364706
49,0.1,-0.435,0.045,-6.298,-5.246,-4.307,1549046364727
49,0.281,-0.531,0.049,-5.994,-4.476,-6.124,1549046364747
49,-0.021,-0.302,0.162,-6.497,-5.552,-5.918,1549046364767
49,-0.024,-0.414,0.131,-6.601,-5.498,-5.789,1549046364787
49,0.183,-0.407,0.176,-6.267,-5.89,-5.433,1549046364807
49,0.311,-0.465,0.118,-6.211,-5.698,-5.097,1549046364827
49,0.367,-0.409,0.136,-6.144,-5.132,-5.883,1549046364847
49,0.17,-0.375,0.175,-6.333,-5.405,-5.455,1549046364866
49,0.113,-0.393,0.09,-6.814,-5.29,-5.015,1549046364886
49,0.093,-0.393,0.114,-6.587,-5.085,-5.38,1549046364906
50,0.233,-0.373,0.057,-6.386,-6.006,-4.964,1549046364926
50,0.363,-0.327,0.043,-6.333,-6.216,-4.12,1549046364946
50,0.166,-0.408,-0.012,-6.23,-5.966,-4.91,1549046364967
50,0.382,-0.241,0.117,-6.844,-5.132,-5.38,1549046364986
50,0.709,-0.041,0.257,-6.401,-6.044,-4.945,1549046365007
50,0.598,-0.102,0.17,-6.547,-6.016,-5.066,1549046365027
50,0.39,-0.089,0.248,-6.485,-6.359,-4.175,1549046365047
50,0.239,-0.205,0.213,-6.801,-6.071,-4.124,1549046365067
50,0.247,-0.228,0.205,-6.8,-6.675,-4.496,1549046365087
50,0.609,-0.102,0.258,-6.164,-6.149,-4.453,1549046365107
50,0.79,-0.052,0.327,-6.316,-5.905,-5.14,1549046365127
51,0.86,0.085,0.363,-6.567,-5.346,-4.939,1549046365147
51,0.588,0.076,0.37,-6.956,-5.944,-4.112,1549046365167
51,0.329,-0.009,0.371,-6.914,-6.355,-3.819,1549046365186
51,0.351,-0.061,0.404,-7.237,-5.728,-3.418,1549046365207
51,0.622,-0.025,0.452,-7.192,-5.852,-4.257,1549046365227
51,0.731,0.051,0.472,-6.362,-6.273,-4.638,1549046365247
51,0.699,0.213,0.432,-6.469,-5.983,-5.434,1549046365267
51,0.214,0.364,0.342,-7.63,-5.891,-5.092,1549046365287
51,0.024,0.462,0.254,-7.438,-5.712,-3.786,1549046365307
51,-0.028,0.377,0.149,-7.03,-6.52,-3.019,1549046365327
51,0.232,0.286,0.066,-7.113,-6.421,-4.694,1549046365347
52,0.535,0.233,0.031,-7.413,-5.79,-4.207,1549046365367
52,0.512,0.225,0.02,-6.946,-5.779,-4.844,1549046365387
52,0.342,0.283,-0.011,-7.261,-5.729,-4.298,1549046365407
52,0.426,0.333,-0.042,-6.613,-7.12,-4.246,1549046365427
52,0.535,0.378,-0.114,-7.004,-7.066,-4.527,1549046365447
52,0.582,0.504,-0.157,-7.005,-6.297,-4.294,1549046365467
52,0.627,0.616,-0.158,-6.514,-6.914,-4.401,1549046365487
52,0.48,0.621,-0.225,-6.445,-7.276,-4.556,1549046365508
52,0.546,0.633,-0.244,-6.693,-6.718,-4.614,1549046365527
52,0.685,0.683,-0.293,-6.579,-6.718,-3.833,1549046365547
53,0.696,0.689,-0.329,-6.607,-6.81,-4.222,1549046365567
53,0.637,0.612,-0.324,-6.802,-5.984,-3.727,1549046365587
53,0.634,0.531,-0.288,-6.894,-5.984,-2.91,1549046365607
53,0.576,0.549,-0.275,-6.698,-6.81,-5.639,1549046365627
53,0.671,0.552,-0.227,-6.51,-6.468,-5.102,1549046365648
53,1.062,0.549,-0.077,-6.37,-6.691,-1.498,1549046365667
53,0.876,0.576,-0.052,-5.941,-8.487,-4.597,1549046365688
53,0.461,0.6,-0.088,-6.081,-7.017,-3.952,1549046365707
53,0.758,0.586,-0.053,-6.114,-6.52,-5.342,1549046365727
53,0.833,0.622,-0.054,-6.393,-6.319,-4.634,1549046365748
53,1.031,0.667,0.009,-5.73,-7.948,-4.889,1549046365768
54,0.602,0.646,-0.012,-5.998,-7.242,-4.473,1549046365787
54,0.341,0.594,0.034,-6.16,-7.31,-4.444,1549046365807
54,0.38,0.534,0.051,-6.354,-6.983,-4.259,1549046365827
54,0.676,0.534,0.132,-6.366,-6.504,-4.277,1549046365848
54,0.723,0.548,0.277,-5.659,-7.73,-4.129,1549046365867
54,0.437,0.571,0.208,-5.381,-7.542,-4.634,1549046365888
54,0.504,0.654,0.173,-5.756,-7.402,-4.954,1549046365907
54,0.47,0.695,0.106,-5.734,-7.003,-5.053,1549046365927
54,0.25,0.691,0.081,-5.567,-7.824,-4.384,1549046365948
54,0.193,0.639,0.07,-5.666,-8.341,-4.035,1549046365967
55,0.285,0.571,0.052,-5.548,-7.526,-4.203,1549046365988
55,0.464,0.523,0.083,-5.568,-6.844,-4.557,1549046366007
55,0.346,0.483,0.044,-5.761,-7.188,-3.987,1549046366027
55,0.152,0.471,0.003,-5.337,-7.953,-3.661,1549046366048
55,0.191,0.481,0.004,-5.64,-7.717,-3.649,1549046366067
55,0.442,0.538,0.021,-5.692,-7.094,-4.238,1549046366087
55,0.422,0.541,0.024,-5.448,-7.708,-3.681,1549046366107
55,0.261,0.513,-0.012,-5.511,-7.857,-4.108,1549046366127
55,0.318,0.501,-0.029,-5.059,-8.113,-3.438,1549046366148
55,0.341,0.427,-0.083,-5.234,-7.878,-3.686,1549046366167
55,0.324,0.407,-0.129,-5.203,-7.637,-3.597,1549046366188
56,0.343,0.384,-0.179,-5.286,-8.813,-3.611,1549046366207
56,0.396,0.353,-0.203,-4.977,-7.857,-3.919,1549046366228
56,0.504,0.309,-0.187,-4.912,-8.471,-3.788,1549046366248
56,0.348,0.213,-0.261,-4.736,-8.096,-4.183,1549046366268
56,0.287,0.15,-0.293,-4.607,-8.39,-4.013,1549046366288
56,0.263,0.147,-0.354,-4.477,-8.196,-3.957,1549046366308
56,0.431,0.126,-0.388,-5.071,-8.35,-4.408,1549046366328
56,0.394,0.064,-0.417,-4.856,-7.962,-3.884,1549046366348
56,0.062,-0.033,-0.428,-5.144,-8.387,-3.664,1549046366368
56,-0.051,-0.058,-0.364,-5.064,-8.295,-3.971,1549046366388
57,0.237,-0.057,-0.299,-4.443,-8.468,-3.885,1549046366409
57,0.284,-0.057,-0.31,-4.867,-8.259,-3.707,1549046366428
57,0.314,0.051,-0.282,-4.632,-8.551,-3.277,1549046366449
57,0.305,0.132,-0.254,-4.378,-8.521,-3.452,1549046366468
57,0.375,0.183,-0.24,-3.966,-8.94,-4.216,1549046366488
57,0.207,0.145,-0.269,-3.994,-8.896,-3.874,1549046366508
57,-0.012,0.132,-0.27,-3.888,-8.84,-3.418,1549046366528
57,-0.079,0.115,-0.29,-4.238,-9.303,-3.198,1549046366548
57,0.108,0.133,-0.285,-3.894,-8.828,-3.382,1549046366568
57,0.348,0.192,-0.279,-3.594,-8.303,-3.79,1549046366589
57,0.525,0.219,-0.323,-3.439,-8.8,-4.075,1549046366609
58,0.337,0.157,-0.357,-3.284,-8.625,-3.746,1549046366629
58,-0.016,0.074,-0.406,-3.463,-9.057,-3.515,1549046366649
58,-0.133,0.051,-0.427,-3.965,-8.297,-3.456,1549046366668
58,0.227,-0.024,-0.375,-3.857,-9.088,-2.875,1549046366689
58,0.316,-0.064,-0.351,-3.387,-8.975,-3.825,1549046366709
58,0.282,-0.039,-0.307,-3.263,-9.129,-4.065,1549046366729
58,-0.061,-0.022,-0.312,-3.253,-10.191,-4.338,1549046366749
58,-0.322,-0.033,-0.331,-3.589,-8.995,-4.606,1549046366769
58,-0.245,-0.014,-0.289,-4.072,-8.783,-2.724,1549046366788
58,-0.09,0.015,-0.23,-3.75,-9.628,-3.168,1549046366808
58,0.243,0.003,-0.141,-3.016,-9.861,-4.088,1549046366828
58,0.194,-0.035,-0.119,-2.624,-9.353,-3.368,1549046366848
58,-0.204,-0.027,-0.094,-2.637,-10.838,-2.742,1549046366869
58,-0.175,0.011,-0.108,-3.08,-8.684,-4.04,1549046366888
59,0.143,0.039,-0.098,-3.253,-8.746,-3.482,1549046366909
59,0.104,0.016,-0.111,-3.362,-9.793,-2.976,1549046366929
59,0.106,-0.002,-0.087,-3.381,-9.805,-3.238,1549046366949
59,0.057,-0.038,-0.049,-3.722,-8.956,-3.129,1549046366968
59,0.089,-0.05,-0.042,-3.46,-9.492,-3.388,1549046366988
59,0.147,-0.039,-0.042,-3.003,-9.396,-3.934,1549046367008
59,0.027,-0.031,-0.006,-2.943,-9.584,-2.967,1549046367028
59,-0.075,-0.023,-0.037,-2.481,-10.256,-3.237,1549046367048
59,0.074,-0.077,-0.102,-2.987,-9.947,-3.461,1549046367068
60,0.219,-0.112,-0.143,-3.164,-9.695,-3.396,1549046367088
60,0.144,-0.127,-0.168,-3.393,-9.327,-3.703,1549046367109
60,0.08,-0.095,-0.135,-3.388,-8.891,-3.453,1549046367128
60,0.12,-0.105,-0.116,-2.98,-9.686,-3.684,1549046367149
60,0.211,-0.116,-0.096,-2.824,-9.204,-3.307,1549046367168
60,0.249,-0.106,-0.064,-2.369,-9.719,-3.713,1549046367189
60,0.154,-0.057,-0.061,-2.338,-9.704,-3.672,1549046367209
60,0.055,-0.002,-0.036,-2.294,-9.148,-3.564,1549046367229
60,0.084,0.023,-0.021,-2.496,-9.185,-4.118,1549046367249
60,0.115,0.02,-0.047,-2.886,-8.938,-3.7,1549046367269
61,0.086,-0.029,-0.048,-2.797,-9.077,-3.237,1549046367289
61,0.031,-0.106,-0.066,-3.104,-9.297,-2.926,1549046367309
61,0.025,-0.124,-0.084,-2.955,-9.605,-3.476,1549046367329
61,-0.132,-0.114,-0.081,-2.983,-9.25,-4.257,1549046367350
61,-0.052,-0.079,-0.023,-3.126,-8.402,-2.925,1549046367369
61,-0.127,-0.114,-0.068,-2.925,-9.699,-2.591,1549046367389
61,-0.172,-0.122,-0.115,-3.747,-10.315,-2.798,1549046367409
61,-0.015,-0.083,-0.092,-3.089,-8.475,-4.377,1549046367430
61,0.186,-0.116,-0.022,-2.489,-8.713,-4.144,1549046367449
61,0.108,-0.206,-0.061,-2.17,-9.788,-3.301,1549046367470
61,-0.01,-0.177,-0.126,-2.415,-9.528,-2.244,1549046367489
62,-0.062,-0.034,-0.093,-2.971,-9.36,-3.051,1549046367509
62,-0.133,0.095,-0.068,-2.784,-8.95,-3.021,1549046367529
62,-0.028,0.105,-0.054,-2.499,-9.51,-3.182,1549046367550
62,0.057,0.077,-0.07,-3.051,-9.758,-3.85,1549046367570
62,0.059,-0.004,-0.114,-2.733,-9.916,-3.081,1549046367590
62,0.12,-0.123,-0.122,-2.412,-9.843,-2.363,1549046367609
62,0.17,-0.176,-0.142,-2.344,-9.316,-2.206,1549046367630
62,0.268,-0.184,-0.198,-2.283,-9.186,-2.566,1549046367650
62,0.383,-0.167,-0.284,-2.768,-9.619,-2.993,1549046367670
62,0.453,-0.121,-0.304,-2.84,-10.349,-2.961,1549046367689
63,0.488,-0.211,-0.311,-2.453,-9.949,-2.117,1549046367709
63,0.53,-0.265,-0.285,-2.668,-9.911,-2.059,1549046367729
63,0.454,-0.194,-0.382,-3.083,-9.748,-3.043,1549046367750
63,0.521,-0.089,-0.355,-3.122,-9.573,-3.005,1549046367770
63,0.566,-0.149,-0.272,-2.825,-9.813,-2.351,1549046367790
63,0.465,-0.216,-0.269,-2.558,-10.243,-2.631,1549046367809
63,0.403,-0.171,-0.254,-2.821,-9.658,-3.408,1549046367830
63,0.571,-0.063,-0.271,-3.275,-9.125,-2.746,1549046367850
63,0.669,-0.063,-0.258,-2.939,-8.904,-2.239,1549046367870
63,0.359,-0.108,-0.155,-2.202,-10.518,-2.383,1549046367889
63,-0.013,-0.193,-0.128,-2.293,-9.715,-2.489,1549046367910
63,0.192,-0.02,-0.05,-2.603,-9.102,-2.706,1549046367930
64,0.224,0.005,-0.109,-2.858,-9.185,-1.948,1549046367950
64,0.023,-0.004,-0.074,-2.614,-10.13,-1.798,1549046367969
64,-0.09,-0.025,-0.084,-2.302,-9.84,-1.579,1549046367990
64,0.112,0.008,-0.024,-2.376,-9.72,-2.144,1549046368009
64,0.246,0.034,-0.095,-2.463,-9.419,-2.028,1549046368030
64,0.194,0.022,-0.052,-2.206,-9.811,-1.886,1549046368050
64,0.007,-0.035,-0.052,-2.198,-9.87,-1.617,1549046368070
64,0.081,-0.019,-0.059,-2.405,-9.992,-1.928,1549046368090
64,0.151,0.011,-0.076,-2.396,-9.909,-1.859,1549046368110
64,0.028,-0.025,-0.038,-1.973,-10.208,-1.844,1549046368129
64,-0.078,-0.047,-0.028,-1.976,-10.195,-1.659,1549046368150
64,0.076,0.014,-0.015,-2.124,-9.552,-1.859,1549046368170
64,0.2,0.054,-0.019,-2.288,-9.623,-2.078,1549046368191
65,0.107,0.039,-0.024,-2.03,-10.211,-1.869,1549046368210
65,-0.058,-0.027,-0.002,-2.075,-10.084,-1.434,1549046368230
65,-0.063,-0.012,0.022,-2.468,-9.914,-1.699,1549046368250
65,-0.014,0.021,0.005,-2.423,-9.633,-1.738,1549046368271
65,-0.054,0.007,0.021,-2.227,-9.76,-1.611,1549046368290
65,-0.066,0.009,0.005,-2.14,-10.143,-1.497,1549046368311
65,-0.015,0.013,-0.003,-2.257,-9.857,-1.969,1549046368330
65,0.013,0.037,0.021,-2.14,-9.639,-1.904,1549046368351
65,-0.019,-0.002,0.019,-2.196,-9.93,-1.691,1549046368370
65,0.06,-0.016,-0.009,-2.071,-10.431,-1.371,1549046368390
65,0.045,-0.015,0.013,-1.826,-10.27,-1.907,1549046368410
65,-0.018,0.022,0.034,-2.094,-9.577,-2.25,1549046368431
65,-0.036,0.034,0.015,-2.273,-9.823,-1.649,1549046368450
66,-0.031,-0.01,-0.011,-2.209,-9.94,-1.624,1549046368470
66,-0.001,-0.011,-0.009,-2.149,-9.591,-1.931,1549046368490
66,0.014,-0.02,-0.015,-2.352,-9.928,-1.46,1549046368511
66,-0.005,-0.01,-0.031,-2.524,-10.214,-1.475,1549046368530
66,-0.057,0.042,-0.018,-2.177,-8.927,-1.936,1549046368551
66,-0.004,0.048,-0.051,-2.505,-9.697,-1.793,1549046368570
66,-0.043,0.034,-0.089,-2.021,-10.168,-1.542,1549046368591
66,-0.021,0.007,-0.078,-1.752,-9.765,-2.182,1549046368610
66,0.01,0.009,-0.083,-2.211,-9.508,-2.114,1549046368630
66,-0.1,-0.016,-0.089,-1.744,-9.767,-1.544,1549046368650
66,-0.158,-0.062,-0.091,-1.497,-9.964,-1.818,1549046368671
67,-0.082,-0.001,-0.091,-2.195,-10.473,-1.873,1549046368690
67,0.003,0.036,-0.099,-3.089,-11.837,-2.08,1549046368710
67,0.004,0.015,-0.062,-1.622,-8.569,-1.915,1549046368730
67,0.137,-0.064,0.065,-2.175,-10.981,-1.343,1549046368751
67,-0.11,0.016,0.019,-2.751,-9.77,-2.749,1549046368770
67,-0.059,0.095,0.043,-1.663,-9.547,-2.432,1549046368791
67,-0.204,-0.095,0.078,-1.995,-9.846,-1.334,1549046368810
67,-0.179,-0.056,0.023,-1.322,-10.458,-1.115,1549046368830
67,-0.019,-0.037,0.033,-2.13,-9.964,-1.842,1549046368850
67,0.125,0.1,0.02,-2.124,-9.642,-2.449,1549046368871
68,0.064,0.032,0.003,-2.042,-9.48,-2.62,1549046368890
68,-0.003,-0.058,-0.023,-1.924,-10.061,-2.272,1549046368911
68,-0.115,-0.113,-0.035,-2.405,-10.424,-1.189,1549046368930
68,-0.151,-0.092,-0.02,-2.695,-10.504,-0.786,1549046368951
68,-0.123,0.028,0.008,-2.096,-9.321,-2.439,1549046368970
68,0.071,0.09,0.085,-2.102,-9.807,-2.417,1549046368990
68,-0.016,0.037,0.026,-1.845,-9.974,-1.956,1549046369010
68,-0.095,-0.004,0.047,-1.787,-9.979,-1.943,1549046369030
68,-0.073,0.004,0.051,-2.356,-10.158,-1.168,1549046369051
68,0.012,0.045,0.037,-2.027,-9.997,-2.082,1549046369071
68,0.081,0.058,0.065,-2.14,-9.867,-2.48,1549046369090
69,0.117,0.032,0.049,-2.299,-9.402,-2.404,1549046369111
69,0.145,-0.029,0.031,-1.906,-9.642,-1.725,1549046369131
69,0.095,-0.083,0.002,-2.186,-10.81,-1.367,1549046369151
69,0.141,0.012,0.006,-2.358,-10.593,-2.091,1549046369170
69,0.306,0.047,0.051,-2.336,-9.222,-2.554,1549046369191
69,0.18,-0.006,0.059,-2.553,-9.329,-1.786,1549046369211
69,-0.007,-0.066,0.02,-2.11,-9.704,-1.709,1549046369230
69,-0.06,-0.058,-0.003,-1.866,-9.629,-1.755,1549046369251
69,0.09,-0.023,-0.017,-2.227,-9.957,-1.343,1549046369270
69,0.101,0.008,-0.021,-2.508,-10.007,-1.505,1549046369291
69,-0.011,0.036,-0.006,-2.057,-9.246,-2.042,1549046369311
69,-0.048,0.02,-0.002,-1.795,-9.851,-1.567,1549046369331
70,-0.019,-0.019,-0.051,-2.224,-10.254,-1.315,1549046369351
70,0.034,0.028,-0.048,-2.144,-9.879,-1.842,1549046369371
70,0.058,0.056,-0.019,-2.28,-9.617,-2.067,1549046369391
70,0.067,0.051,-0.031,-2.311,-9.968,-1.951,1549046369411
70,-0.005,0.02,-0.042,-1.957,-9.961,-1.967,1549046369431
70,-0.05,0.001,-0.027,-2.014,-10.185,-1.647,1549046369451
70,-0.108,0.007,-0.011,-2.259,-10.226,-1.729,1549046369471
70,-0.148,0.032,-0.003,-2.295,-9.705,-2.075,1549046369492
70,-0.076,0.037,0.011,-2.279,-9.747,-2.005,1549046369511
70,-0.073,0.001,-0.002,-1.998,-9.87,-1.879,1549046369531
70,-0.135,-0.023,0.001,-1.858,-9.949,-1.838,1549046369551
71,-0.125,-0.023,-0.001,-2.1,-10.007,-1.716,1549046369571
71,-0.044,-0.008,-0.004,-2.279,-10.07,-1.83,1549046369592
71,-0.018,-0.006,-0.006,-2.181,-9.79,-1.872,1549046369612
71,-0.065,-0.018,0.011,-2.121,-9.908,-2.074,1549046369632
71,-0.103,-0.029,-0.005,-2.146,-9.798,-1.818,1549046369652
71,-0.06,-0.03,-0.017,-2.232,-9.808,-1.881,1549046369671
71,-0.079,-0.038,-0.021,-2.255,-9.732,-1.859,1549046369691
71,-0.085,-0.038,-0.015,-2.111,-9.874,-1.973,1549046369711
71,-0.076,-0.047,-0.022,-2.101,-10.021,-2.167,1549046369732
71,-0.068,-0.043,-0.028,-2.268,-9.807,-2.126,1549046369752
72,-0.093,-0.054,-0.033,-2.257,-9.915,-2.097,1549046369771
72,-0.147,-0.072,-0.044,-1.979,-9.986,-1.955,1549046369792
72,-0.126,-0.072,-0.055,-2.012,-10.198,-2.073,1549046369811
72,-0.082,-0.02,-0.089,-1.994,-10.236,-2.095,1549046369832
72,-0.061,-0.009,-0.098,-1.823,-9.811,-2.201,1549046369851
72,-0.1,-0.002,-0.093,-1.706,-9.913,-2.301,1549046369872
72,-0.192,0.044,-0.077,-1.689,-10.441,-2.604,1549046369892
72,-0.449,0.089,-0.081,-1.964,-9.767,-2.495,1549046369912
72,-0.166,0.172,-0.134,-1.954,-10.086,-2.656,1549046369932
72,-0.315,0.206,-0.168,-1.942,-10.152,-2.714,1549046369951
72,-0.277,0.257,-0.17,-2.151,-9.586,-2.518,1549046369972
73,-0.212,0.305,-0.196,-2.087,-10.01,-2.55,1549046369991
73,-0.303,0.285,-0.181,-1.666,-10.211,-2.318,1549046370012
73,-0.216,0.272,-0.133,-1.493,-9.685,-2.031,1549046370032
73,-0.123,0.338,-0.185,-1.994,-9.698,-2.479,1549046370052
73,-0.175,0.419,-0.233,-2.277,-9.855,-2.841,1549046370072
73,-0.083,0.414,-0.221,-1.858,-9.464,-2.554,1549046370092
73,0.152,0.38,-0.238,-1.17,-9.691,-2.526,1549046370112
73,0.213,0.44,-0.266,-0.998,-10.32,-3.006,1549046370131
73,0.201,0.531,-0.275,-1.154,-10.347,-2.786,1549046370152
73,0.169,0.537,-0.343,-1.424,-9.469,-2.486,1549046370172
74,0.155,0.518,-0.323,-1.257,-9.558,-2.599,1549046370192
74,0.065,0.495,-0.247,-1.431,-10.429,-2.561,1549046370213
74,0.2,0.516,-0.268,-1.275,-10.018,-2.272,1549046370233
74,0.425,0.494,-0.309,-0.824,-9.421,-2.47,1549046370252
74,0.224,0.484,-0.234,-0.663,-10.251,-2.524,1549046370271
74,-0.179,0.483,-0.178,-0.798,-10.465,-2.654,1549046370291
74,-0.194,0.458,-0.254,-0.778,-10.011,-2.573,1549046370311
74,-0.009,0.429,-0.207,-0.492,-9.692,-2.711,1549046370332
74,0.041,0.428,-0.157,-0.75,-9.801,-2.42,1549046370352
74,-0.002,0.442,-0.205,-0.9,-9.721,-2.577,1549046370372
75,-0.143,0.399,-0.161,-0.791,-9.87,-2.658,1549046370392
75,-0.252,0.331,-0.125,-0.891,-10.014,-2.492,1549046370413
75,-0.196,0.306,-0.15,-0.915,-9.986,-2.136,1549046370432
75,-0.049,0.282,-0.114,-0.654,-9.898,-2.656,1549046370452
75,-0.058,0.257,-0.092,-0.447,-9.62,-2.681,1549046370472
75,-0.021,0.257,-0.072,-0.479,-9.622,-2.492,1549046370492
75,0.03,0.263,-0.081,-0.39,-10.01,-2.482,1549046370512
75,0.125,0.284,-0.056,-0.316,-9.722,-2.535,1549046370532
75,0.221,0.313,-0.054,-0.359,-9.922,-2.898,1549046370552
75,0.078,0.314,-0.021,-0.897,-10.003,-3.146,1549046370572
75,0.057,0.286,-0.021,-0.605,-10.049,-2.635,1549046370594
75,0.07,0.186,-0.03,-0.296,-9.977,-2.283,1549046370613
75,0.073,0.147,-0.027,-0.391,-10.139,-2.486,1549046370632
75,0.009,0.142,-0.019,-0.429,-10.029,-2.447,1549046370652
