pack,vx,vy,vz,ax,ay,az,time
1,0.061,-0.074,-0.022,-0.461,-8.652,-5.824,1549046406090
1,0.044,-0.066,-0.004,-0.566,-8.787,-5.962,1549046406111
1,0.08,-0.094,-0.029,-0.436,-8.676,-5.962,1549046406131
1,0.066,-0.113,-0.038,-0.582,-8.291,-5.884,1549046406151
1,0.044,-0.137,-0.037,-0.671,-8.525,-5.595,1549046406171
1,0.025,-0.158,-0.065,-0.874,-9.041,-5.591,1549046406191
1,0.026,-0.16,-0.09,-0.909,-8.725,-5.585,1549046406211
1,0.02,-0.185,-0.069,-0.945,-8.509,-5.831,1549046406231
1,-0.025,-0.234,-0.04,-0.677,-8.143,-6.025,1549046406251
1,-0.01,-0.311,-0.064,-0.594,-8.263,-5.911,1549046406271
1,-0.055,-0.391,-0.073,-0.747,-8.138,-5.874,1549046406290
2,-0.149,-0.509,-0.045,-0.69,-8.159,-5.947,1549046406311
2,-0.227,-0.629,-0.055,-0.829,-8.471,-5.681,1549046406331
2,-0.227,-0.676,-0.091,-1.335,-8.231,-5.542,1549046406351
2,-0.278,-0.702,-0.091,-1.458,-8.683,-6.008,1549046406371
2,-0.292,-0.753,-0.094,-1.369,-8.608,-6.317,1549046406391
2,-0.168,-0.768,-0.139,-1.147,-7.799,-6.233,1549046406411
2,-0.104,-0.807,-0.222,-0.913,-8.625,-6.097,1549046406431
2,-0.169,-0.864,-0.266,-1.432,-8.901,-6.246,1549046406451
2,-0.2,-0.872,-0.232,-1.61,-8.163,-6.312,1549046406471
2,-0.149,-0.934,-0.21,-1.579,-8.228,-6.119,1549046406491
2,-0.028,-0.971,-0.255,-1.632,-8.146,-5.664,1549046406511
3,0.013,-0.973,-0.283,-2.049,-8.193,-5.96,1549046406532
3,-0.193,-1.034,-0.244,-1.849,-8.424,-6.393,1549046406551
3,-0.345,-1.176,-0.236,-1.76,-7.965,-6.387,1549046406571
3,-0.281,-1.199,-0.232,-1.999,-8.088,-5.745,1549046406592
3,-0.334,-1.262,-0.217,-2.292,-8.144,-6.062,1549046406611
3,-0.488,-1.339,-0.195,-2.5,-8.017,-6.229,1549046406632
3,-0.571,-1.412,-0.196,-2.919,-7.892,-6.6,1549046406652
3,-0.507,-1.457,-0.256,-2.825,-8.489,-6.474,1549046406672
3,-0.435,-1.522,-0.319,-2.955,-7.948,-6.297,1549046406692
3,-0.322,-1.613,-0.403,-2.694,-7.449,-6.313,1549046406711
3,-0.317,-1.717,-0.482,-2.633,-5.437,-7.067,1549046406731
3,-0.493,-1.757,-0.59,-1.912,-6.325,-8.02,1549046406752
4,-0.883,-1.909,-0.624,-1.823,-8.678,-7.926,1549046406771
4,-0.864,-2.014,-0.588,-2.731,-8.296,-6.468,1549046406792
4,-0.611,-2.068,-0.567,-2.186,-5.893,-4.911,1549046406812
4,-0.627,-2.187,-0.643,-1.616,-6.699,-6.587,1549046406832
4,-0.964,-2.018,-0.66,-3.325,-10.214,-7.959,1549046406852
4,-0.632,-1.657,-0.381,-3.592,-7.694,-6.499,1549046406872
4,-0.252,-1.715,-0.21,-3.21,-4.903,-5.548,1549046406891
4,-0.686,-1.838,-0.177,-3.316,-3.929,-6.746,1549046406911
4,-1.405,-1.61,-0.407,-4.727,-10.473,-8.524,1549046406932
4,-1.312,-1.367,-0.558,-4.13,-10.42,-6.954,1549046406952
5,-0.412,-1.399,-0.734,-2.443,-7.414,-6.998,1549046406971
5,-0.427,-1.347,-0.517,-2.966,-4.685,-8.347,1549046406991
5,-0.952,-0.895,-0.159,-3.748,-6.021,-7.485,1549046407011
5,-1.213,-0.819,-0.302,-2.958,-7.682,-6.333,1549046407032
5,-1.14,-0.906,-0.513,-3.637,-7.976,-7.67,1549046407052
5,-0.804,-0.68,-0.468,-4.282,-5.814,-7.837,1549046407072
5,-0.582,-0.491,-0.321,-4.313,-8.213,-5.861,1549046407091
5,-0.626,-0.62,-0.272,-4.077,-9.004,-5.429,1549046407112
5,-0.318,-0.757,-0.285,-4.578,-6.578,-6.379,1549046407132
5,0.27,-0.581,-0.169,-4.586,-4.046,-6.93,1549046407152
5,-0.057,-0.536,-0.154,-4.874,-5.339,-8.14,1549046407171
6,-0.737,-0.644,-0.213,-4.14,-7.906,-7.682,1549046407192
6,-0.805,-0.807,-0.325,-3.294,-8.063,-7.106,1549046407211
6,-0.29,-0.842,-0.407,-4.145,-5.717,-6.89,1549046407231
6,-0.149,-0.543,-0.301,-4.617,-5.459,-6.647,1549046407251
6,-0.597,-0.578,-0.315,-4.441,-9.046,-6.662,1549046407272
6,-0.824,-0.728,-0.395,-5.605,-10.424,-6.448,1549046407292
6,-0.237,-0.533,-0.333,-5.055,-7.261,-5.892,1549046407312
6,0.642,-0.52,-0.083,-4.184,-5.251,-5.958,1549046407331
6,0.646,-0.525,-0.112,-5.365,-5.888,-6.55,1549046407352
6,0.257,-0.288,-0.139,-5.071,-7.506,-5.393,1549046407372
6,0.232,-0.531,-0.264,-4.17,-7.468,-5.235,1549046407393
7,0.383,-0.547,-0.161,-4.18,-6.816,-5.698,1549046407412
7,0.529,-0.283,0.035,-4.13,-4.735,-7.491,1549046407432
7,0.277,-0.055,0.169,-4.666,-4.159,-6.505,1549046407452
7,-0.112,-0.102,0.077,-5.039,-7.298,-4.66,1549046407472
7,-0.472,-0.39,0.052,-4.159,-9.557,-3.695,1549046407492
7,-0.355,-0.645,0.033,-3.714,-7.214,-4.729,1549046407512
7,0.271,-0.181,0.354,-4.142,-5.362,-5.333,1549046407532
7,0.353,0.154,0.413,-4.527,-5.739,-6.604,1549046407552
7,0.002,0.082,0.261,-4.089,-6.11,-5.574,1549046407571
7,0.024,-0.024,0.178,-4.299,-7.869,-4.796,1549046407592
7,-0.095,-0.024,0.04,-4.133,-8.133,-4.957,1549046407613
7,0.011,0.037,0.02,-4.402,-5.692,-5.902,1549046407632
7,0.142,0.264,0.111,-4.983,-5.589,-5.786,1549046407653
8,0.179,0.185,-0.056,-5.388,-7.701,-5.382,1549046407673
8,0.157,0.078,-0.265,-5.423,-6.792,-5.586,1549046407692
8,0.506,0.125,-0.189,-5.263,-6.476,-5.315,1549046407712
8,0.703,0.124,-0.299,-5.629,-5.655,-6.097,1549046407733
8,0.745,0.237,-0.296,-5.566,-6.356,-5.376,1549046407753
8,0.712,0.106,-0.427,-5.146,-7.179,-5.138,1549046407772
8,0.49,-0.006,-0.439,-5.035,-7.26,-5.443,1549046407792
8,0.528,0.076,-0.378,-5.336,-6.316,-6.222,1549046407813
8,0.625,0.197,-0.344,-5.205,-6.279,-5.533,1549046407833
8,0.77,0.134,-0.365,-4.711,-7.048,-4.596,1549046407852
8,0.396,0.01,-0.413,-5.238,-7.427,-5.592,1549046407872
8,0.309,0.125,-0.335,-4.656,-7.371,-6.024,1549046407893
8,0.32,0.045,-0.36,-4.659,-6.474,-5.554,1549046407913
9,0.451,0.068,-0.323,-4.653,-7.907,-5.336,1549046407933
9,0.228,-0.089,-0.407,-4.177,-7.449,-5.754,1549046407952
9,0.274,-0.057,-0.378,-4.157,-7.106,-5.339,1549046407973
9,0.265,0.0,-0.314,-4.49,-7.819,-5.408,1549046407993
9,0.096,0.03,-0.357,-4.318,-7.89,-4.564,1549046408013
9,0.116,-0.059,-0.432,-4.278,-7.148,-5.804,1549046408033
9,0.107,0.056,-0.35,-4.192,-7.631,-5.111,1549046408053
9,-0.122,0.036,-0.307,-3.703,-8.347,-4.633,1549046408073
9,-0.533,-0.095,-0.377,-3.569,-9.226,-4.275,1549046408093
9,-0.481,-0.034,-0.326,-3.829,-8.758,-4.67,1549046408113
9,-0.079,0.121,-0.214,-4.055,-7.537,-4.916,1549046408132
9,-0.018,0.213,-0.248,-3.245,-8.784,-5.201,1549046408153
9,-0.286,0.148,-0.294,-3.456,-8.626,-4.763,1549046408173
9,-0.276,0.238,-0.298,-3.797,-7.807,-5.633,1549046408193
10,-0.262,0.279,-0.265,-3.407,-8.036,-5.249,1549046408213
10,-0.206,0.25,-0.219,-3.227,-8.782,-5.522,1549046408233
10,-0.452,0.254,-0.231,-3.584,-8.56,-5.058,1549046408253
10,-0.43,0.298,-0.165,-3.537,-7.934,-5.533,1549046408273
10,-0.419,0.308,-0.144,-3.852,-7.391,-6.809,1549046408293
10,-0.407,0.312,-0.127,-3.554,-8.014,-5.973,1549046408313
10,-0.428,0.239,-0.148,-3.82,-7.923,-6.219,1549046408333
10,-0.544,0.338,-0.092,-3.753,-7.958,-6.254,1549046408353
10,-0.683,0.348,-0.06,-3.771,-7.095,-7.085,1549046408373
10,-0.658,0.373,-0.019,-3.892,-8.028,-6.379,1549046408393
10,-0.662,0.315,-0.044,-3.619,-7.588,-6.873,1549046408413
11,-0.596,0.314,0.0,-3.431,-7.889,-6.33,1549046408433
11,-0.663,0.306,0.0,-3.82,-7.327,-7.401,1549046408453
11,-0.792,0.368,0.037,-3.9,-6.643,-7.977,1549046408473
11,-0.644,0.271,0.036,-3.402,-7.808,-6.442,1549046408493
11,-0.723,0.099,0.012,-3.894,-7.802,-6.393,1549046408514
11,-0.837,0.238,0.082,-3.883,-6.421,-8.425,1549046408533
11,-0.746,0.18,0.139,-3.665,-6.641,-7.592,1549046408553
11,-0.669,0.089,0.11,-3.318,-7.85,-7.187,1549046408574
11,-0.568,0.015,0.105,-3.17,-7.3,-7.568,1549046408593
11,-0.311,0.087,0.158,-2.939,-6.38,-8.954,1549046408614
11,-0.508,0.18,0.217,-3.158,-5.894,-7.78,1549046408633
11,-0.651,0.202,0.268,-3.076,-6.985,-7.765,1549046408653
11,-0.989,0.069,0.249,-3.154,-7.364,-7.805,1549046408673
12,-0.758,0.047,0.263,-3.237,-6.265,-8.434,1549046408694
12,-0.469,0.077,0.316,-2.445,-6.594,-7.188,1549046408713
12,-0.496,-0.052,0.252,-2.87,-6.83,-7.936,1549046408733
12,-0.569,0.055,0.324,-3.081,-6.663,-7.643,1549046408754
12,-0.451,0.056,0.29,-3.233,-5.699,-8.077,1549046408773
12,-0.364,0.137,0.267,-2.914,-7.003,-7.479,1549046408793
12,-0.309,0.086,0.142,-2.966,-6.423,-7.292,1549046408813
12,-0.29,0.143,0.127,-2.938,-6.25,-7.268,1549046408833
12,-0.234,0.146,0.074,-3.063,-6.528,-7.122,1549046408854
12,-0.146,0.166,0.032,-3.3,-5.76,-7.601,1549046408874
12,-0.149,0.186,0.001,-3.259,-6.191,-7.668,1549046408894
12,-0.176,0.134,-0.056,-2.901,-6.44,-7.157,1549046408914
12,-0.182,0.065,-0.101,-2.756,-6.816,-8.012,1549046408934
12,-0.033,0.085,-0.111,-2.93,-5.674,-8.033,1549046408954
12,0.225,0.127,-0.092,-3.279,-4.932,-8.533,1549046408974
13,0.135,0.136,-0.054,-2.781,-6.018,-7.948,1549046408994
13,-0.244,-0.055,-0.066,-2.88,-6.442,-7.771,1549046409014
13,-0.236,-0.107,-0.026,-3.025,-6.197,-8.014,1549046409034
13,-0.027,-0.184,-0.062,-3.446,-4.955,-7.744,1549046409054
13,0.05,-0.212,0.009,-3.107,-5.794,-7.576,1549046409074
13,-0.175,-0.338,-0.001,-3.391,-6.021,-7.88,1549046409094
13,-0.145,-0.309,0.043,-3.447,-5.518,-8.12,1549046409114
13,-0.015,-0.309,0.084,-3.432,-5.091,-7.554,1549046409134
13,-0.143,-0.348,0.133,-3.45,-5.75,-7.53,1549046409154
13,-0.339,-0.416,0.079,-3.627,-6.038,-7.773,1549046409174
13,-0.379,-0.404,0.115,-3.602,-5.739,-8.048,1549046409194
13,-0.121,-0.393,0.172,-3.035,-5.831,-7.838,1549046409214
13,-0.08,-0.386,0.116,-3.329,-5.742,-7.948,1549046409234
13,-0.175,-0.239,0.091,-3.371,-5.727,-7.626,1549046409254
13,-0.245,-0.243,-0.012,-3.053,-6.336,-7.445,1549046409274
13,-0.247,-0.252,-0.073,-2.931,-6.739,-7.987,1549046409294
13,-0.248,-0.212,-0.096,-2.655,-6.632,-8.608,1549046409314
13,-0.097,-0.197,-0.179,-2.55,-6.021,-8.44,1549046409334
13,0.121,-0.096,-0.229,-3.257,-5.492,-7.97,1549046409354
13,0.051,0.043,-0.213,-3.634,-5.915,-8.04,1549046409374
13,-0.067,0.04,-0.219,-3.98,-5.005,-7.97,1549046409394
13,-0.005,0.037,-0.094,-4.209,-5.052,-7.525,1549046409414
13,-0.082,-0.039,0.0,-4.108,-5.097,-8.048,1549046409434
13,-0.205,-0.064,0.106,-4.047,-4.483,-8.076,1549046409454
13,-0.205,0.027,0.205,-4.145,-5.152,-7.896,1549046409474
13,-0.289,0.047,0.253,-4.251,-4.98,-8.286,1549046409494
13,-0.325,0.023,0.29,-4.12,-4.76,-7.992,1549046409514
13,-0.327,-0.074,0.26,-4.126,-5.346,-8.113,1549046409534
13,-0.3,-0.161,0.221,-3.694,-5.305,-8.183,1549046409554
13,-0.212,-0.2,0.195,-3.854,-4.809,-8.167,1549046409574
13,-0.223,-0.152,0.144,-3.704,-4.876,-8.749,1549046409595
13,-0.255,-0.153,0.126,-3.269,-5.349,-8.239,1549046409614
13,-0.225,-0.149,0.094,-3.253,-5.261,-8.561,1549046409634
14,-0.219,-0.046,0.12,-3.657,-4.971,-8.353,1549046409654
14,-0.16,0.017,0.189,-3.548,-5.045,-8.356,1549046409674
14,-0.23,0.05,0.241,-4.108,-4.546,-8.402,1549046409695
14,-0.209,0.097,0.293,-4.13,-4.703,-8.146,1549046409714
14,-0.22,0.027,0.325,-4.07,-4.684,-8.021,1549046409734
14,-0.265,0.02,0.389,-3.982,-4.485,-8.514,1549046409755
14,-0.473,0.044,0.428,-3.691,-4.526,-8.106,1549046409774
14,-0.521,0.005,0.42,-3.651,-5.734,-8.013,1549046409795
14,-0.464,-0.067,0.383,-3.826,-5.126,-7.895,1549046409814
14,-0.272,-0.028,0.382,-3.938,-4.495,-8.049,1549046409834
14,-0.224,-0.026,0.306,-3.784,-4.529,-8.499,1549046409854
14,-0.326,-0.02,0.2,-3.744,-4.997,-8.092,1549046409874
14,-0.319,-0.025,0.089,-3.715,-5.202,-8.144,1549046409894
14,-0.173,0.015,0.03,-3.898,-3.99,-8.669,1549046409914
14,-0.088,0.084,0.032,-4.579,-3.839,-8.588,1549046409935
14,-0.175,0.124,0.006,-4.177,-4.303,-8.815,1549046409954
14,-0.217,0.095,0.024,-3.745,-4.382,-8.705,1549046409975
15,-0.242,0.128,0.058,-3.921,-4.454,-8.705,1549046409995
15,-0.24,0.18,0.059,-4.044,-4.116,-8.972,1549046410014
15,-0.217,0.176,0.02,-4.264,-4.303,-8.715,1549046410035
15,-0.231,0.136,0.016,-4.054,-4.514,-8.536,1549046410055
15,-0.218,0.063,0.003,-4.208,-4.116,-8.174,1549046410075
15,-0.172,0.046,0.029,-4.061,-4.311,-8.062,1549046410095
15,-0.172,0.036,-0.01,-4.195,-4.238,-8.939,1549046410115
15,-0.213,0.131,-0.044,-4.201,-4.097,-9.021,1549046410135
15,-0.111,0.076,-0.048,-4.138,-3.902,-8.545,1549046410155
15,-0.072,0.098,-0.04,-4.257,-3.581,-8.934,1549046410175
15,-0.205,0.14,-0.004,-4.253,-4.151,-8.599,1549046410195
16,-0.283,0.129,0.037,-4.298,-3.914,-9.04,1549046410215
16,-0.284,0.105,0.051,-4.409,-3.803,-9.121,1549046410235
16,-0.222,0.077,0.016,-4.164,-4.029,-9.194,1549046410255
16,-0.146,0.08,-0.004,-4.015,-3.61,-9.033,1549046410275
16,-0.085,0.166,-0.024,-4.438,-3.768,-9.246,1549046410295
16,-0.048,0.278,-0.021,-4.42,-4.11,-8.975,1549046410315
16,0.01,0.192,-0.056,-4.066,-4.122,-9.271,1549046410335
16,-0.027,0.115,-0.072,-3.816,-4.054,-9.485,1549046410355
16,-0.073,0.071,-0.091,-3.822,-3.841,-9.231,1549046410375
16,-0.119,0.026,-0.116,-3.472,-3.108,-9.598,1549046410395
16,-0.239,-0.029,-0.031,-3.809,-3.465,-9.346,1549046410415
17,-0.333,0.09,0.098,-4.353,-3.678,-9.269,1549046410435
17,-0.287,0.145,0.162,-5.024,-3.369,-9.777,1549046410455
17,-0.198,0.083,0.131,-4.837,-2.869,-9.152,1549046410475
17,-0.196,-0.14,0.041,-4.207,-3.487,-9.052,1549046410495
17,-0.201,-0.28,-0.043,-4.154,-3.702,-8.588,1549046410515
17,-0.128,-0.262,-0.067,-3.771,-3.464,-8.589,1549046410535
17,-0.066,-0.244,-0.072,-3.548,-3.37,-8.572,1549046410555
17,-0.101,-0.196,-0.056,-3.711,-3.332,-8.497,1549046410575
17,-0.152,-0.168,-0.048,-4.051,-3.201,-8.777,1549046410595
17,-0.121,-0.14,-0.049,-3.786,-3.593,-8.646,1549046410615
17,-0.054,-0.161,-0.079,-3.656,-3.325,-8.718,1549046410636
18,-0.01,-0.128,-0.081,-4.071,-2.874,-9.22,1549046410655
18,-0.056,-0.056,-0.082,-4.573,-2.498,-8.614,1549046410676
18,-0.053,-0.025,-0.092,-3.648,-3.594,-9.365,1549046410695
18,-0.122,-0.106,-0.048,-4.014,-3.063,-9.069,1549046410715
18,-0.074,-0.066,0.008,-3.701,-3.376,-9.466,1549046410735
18,-0.06,-0.101,-0.011,-3.74,-3.253,-8.756,1549046410756
18,-0.024,-0.081,-0.026,-4.165,-3.401,-9.07,1549046410775
18,-0.017,-0.048,-0.043,-4.097,-3.312,-8.541,1549046410795
18,0.105,-0.074,-0.09,-3.853,-3.784,-8.726,1549046410815
18,0.2,-0.082,-0.136,-4.082,-3.118,-8.949,1549046410835
18,0.282,-0.048,-0.123,-4.046,-2.886,-8.906,1549046410856
18,0.121,-0.064,-0.119,-3.502,-4.138,-8.764,1549046410876
18,0.018,-0.117,-0.167,-3.606,-4.065,-8.714,1549046410895
18,0.196,-0.064,-0.141,-3.721,-3.211,-8.941,1549046410916
18,0.269,-0.01,-0.113,-3.988,-3.564,-8.753,1549046410936
19,0.217,0.005,-0.111,-4.274,-3.52,-8.962,1549046410955
19,0.188,0.025,-0.108,-3.902,-3.53,-8.865,1549046410976
19,0.246,-0.054,-0.112,-3.602,-4.128,-8.615,1549046410996
19,0.392,-0.069,-0.129,-3.978,-3.428,-9.044,1549046411015
19,0.451,0.011,-0.091,-4.09,-3.059,-8.927,1549046411036
19,0.391,-0.032,-0.108,-4.11,-3.928,-8.787,1549046411056
19,0.501,-0.051,-0.152,-4.489,-3.713,-8.782,1549046411076
19,0.724,0.003,-0.104,-4.467,-2.811,-8.582,1549046411096
19,0.741,-0.024,-0.131,-4.089,-3.825,-7.926,1549046411116
19,0.704,-0.048,-0.187,-4.354,-5.537,-7.81,1549046411136
19,0.705,-0.039,-0.208,-3.904,-4.941,-7.994,1549046411155
20,1.049,0.031,-0.128,-4.14,-4.079,-7.819,1549046411176
20,0.845,0.081,-0.146,-4.216,-5.004,-7.898,1549046411195
20,0.734,0.024,-0.227,-3.145,-5.974,-8.094,1549046411216
20,0.942,-0.015,-0.297,-3.403,-4.971,-8.958,1549046411236
20,1.228,0.137,-0.248,-3.608,-4.322,-8.515,1549046411256
20,1.179,0.02,-0.291,-2.856,-5.514,-7.779,1549046411276
20,0.921,-0.116,-0.35,-3.16,-6.904,-7.519,1549046411296
20,1.091,0.02,-0.359,-3.26,-7.064,-7.957,1549046411316
20,1.433,0.098,-0.425,-3.052,-6.849,-7.113,1549046411336
20,1.638,0.055,-0.416,-3.306,-6.331,-7.383,1549046411356
20,1.524,0.05,-0.432,-3.816,-6.958,-7.975,1549046411376
20,1.691,0.139,-0.416,-4.497,-6.837,-7.206,1549046411396
21,2.012,0.146,-0.501,-3.785,-7.383,-6.316,1549046411416
21,1.33,-0.021,-0.386,-4.004,-7.956,-6.2,1549046411436
21,0.833,-0.064,-0.247,-4.476,-8.349,-5.423,1549046411456
21,0.739,-0.077,-0.209,-4.746,-8.095,-5.233,1549046411476
21,0.941,-0.017,-0.202,-4.48,-7.056,-5.977,1549046411496
21,1.136,0.035,-0.223,-4.355,-6.928,-6.177,1549046411516
21,0.935,0.004,-0.12,-3.922,-6.943,-5.796,1549046411536
21,0.471,-0.092,-0.07,-3.722,-6.668,-6.838,1549046411556
21,0.098,-0.097,-0.119,-3.575,-7.344,-7.522,1549046411577
22,0.212,-0.083,-0.103,-3.384,-7.813,-6.561,1549046411596
22,0.23,-0.117,-0.057,-3.354,-7.122,-6.466,1549046411616
22,-0.063,-0.131,-0.051,-3.353,-7.533,-6.517,1549046411636
22,-0.063,-0.114,-0.067,-3.446,-7.323,-6.192,1549046411656
22,-0.05,-0.133,-0.062,-3.444,-6.962,-5.653,1549046411676
22,-0.159,-0.11,-0.043,-3.573,-7.185,-6.319,1549046411697
22,-0.243,-0.067,-0.032,-3.49,-7.789,-6.196,1549046411716
22,-0.079,-0.062,-0.047,-3.491,-7.394,-5.966,1549046411737
22,-0.023,-0.042,-0.03,-3.584,-7.913,-6.365,1549046411757
22,-0.272,-0.064,-0.004,-3.409,-7.806,-5.911,1549046411777
22,-0.293,-0.076,0.001,-3.394,-7.549,-5.447,1549046411796
23,-0.162,-0.022,-0.021,-3.379,-8.594,-5.238,1549046411817
23,-0.199,0.002,-0.015,-3.608,-7.818,-5.526,1549046411836
23,-0.267,0.044,0.047,-3.184,-7.468,-6.209,1549046411857
23,-0.073,0.047,0.016,-3.124,-7.677,-6.498,1549046411877
23,0.096,0.043,0.01,-3.49,-7.476,-5.916,1549046411897
23,0.01,0.034,0.028,-3.245,-7.652,-5.735,1549046411917
23,-0.197,-0.01,0.018,-2.747,-8.094,-6.172,1549046411937
23,-0.165,-0.008,0.014,-3.264,-8.056,-6.167,1549046411957
23,0.046,0.066,-0.004,-3.274,-7.563,-5.777,1549046411977
23,0.0,0.068,0.016,-3.407,-7.511,-6.28,1549046411996
23,-0.064,0.065,0.004,-3.37,-8.047,-5.978,1549046412017
24,-0.048,0.029,-0.003,-3.382,-8.083,-5.987,1549046412037
24,-0.049,0.029,0.009,-3.091,-7.702,-6.198,1549046412057
24,-0.012,0.016,0.025,-3.46,-7.656,-6.265,1549046412077
24,0.045,0.032,0.018,-3.6,-7.676,-6.017,1549046412097
24,0.068,-0.003,-0.003,-3.47,-7.986,-6.311,1549046412117
24,-0.007,-0.005,0.003,-3.484,-7.381,-6.267,1549046412137
24,-0.009,-0.019,0.028,-3.282,-7.079,-6.15,1549046412156
24,-0.043,-0.015,0.007,-3.246,-7.739,-6.234,1549046412177
24,-0.04,-0.019,-0.018,-3.422,-8.031,-6.127,1549046412196
24,-0.015,-0.002,-0.011,-3.72,-7.727,-6.016,1549046412216
24,-0.052,-0.013,0.008,-4.201,-7.644,-6.262,1549046412237
25,-0.052,-0.01,0.015,-3.145,-7.729,-6.334,1549046412257
25,-0.025,-0.079,0.002,-3.584,-7.849,-6.197,1549046412276
25,0.055,-0.019,0.014,-3.397,-7.421,-5.89,1549046412297
25,0.053,-0.032,0.008,-2.93,-7.719,-6.04,1549046412317
25,-0.044,-0.047,0.004,-3.176,-7.583,-5.994,1549046412337
25,0.016,-0.004,-0.004,-3.251,-7.588,-6.021,1549046412357
25,0.031,0.003,-0.027,-3.354,-7.709,-5.749,1549046412377
25,0.014,0.004,-0.046,-3.202,-8.119,-5.735,1549046412397
25,-0.116,-0.03,-0.042,-3.04,-8.174,-6.162,1549046412417
25,-0.084,-0.03,-0.019,-3.269,-7.319,-5.922,1549046412437
25,0.004,-0.004,0.012,-3.293,-7.44,-6.25,1549046412457
25,-0.169,-0.015,0.018,-3.535,-6.988,-6.261,1549046412478
25,-0.426,-0.041,0.044,-3.641,-7.594,-6.014,1549046412498
25,-0.729,-0.05,0.056,-3.803,-7.796,-6.538,1549046412517
25,-0.951,-0.027,0.13,-4.26,-7.887,-6.661,1549046412538
26,-1.114,0.012,0.232,-4.141,-7.487,-6.768,1549046412558
26,-0.718,0.015,0.224,-3.945,-6.286,-6.45,1549046412578
26,-0.605,0.003,0.202,-3.701,-6.215,-7.02,1549046412598
26,-0.73,-0.049,0.128,-3.645,-6.34,-6.635,1549046412618
26,-0.768,-0.059,0.068,-3.513,-7.517,-6.7,1549046412638
26,-0.495,-0.009,0.006,-3.359,-7.107,-6.716,1549046412657
26,0.181,0.052,-0.033,-3.413,-5.965,-6.64,1549046412677
26,0.109,0.034,-0.031,-3.509,-6.525,-7.249,1549046412697
26,-0.379,-0.025,-0.001,-3.836,-7.079,-7.355,1549046412718
26,-0.577,-0.082,0.054,-3.662,-7.525,-7.313,1549046412738
26,-0.6,-0.139,0.075,-3.815,-6.739,-7.95,1549046412758
26,-0.362,-0.093,0.115,-3.714,-7.077,-7.258,1549046412778
26,-0.361,-0.145,0.135,-3.729,-7.064,-7.293,1549046412797
26,-0.458,-0.14,0.167,-4.053,-5.398,-7.527,1549046412818
26,-0.207,-0.073,0.136,-3.575,-6.066,-7.372,1549046412838
27,-0.177,-0.13,0.076,-3.537,-5.772,-7.306,1549046412858
27,-0.237,-0.117,0.093,-3.969,-5.705,-8.081,1549046412878
27,-0.473,-0.113,0.113,-3.829,-6.034,-8.173,1549046412898
27,-0.33,-0.149,0.079,-3.426,-5.258,-7.195,1549046412918
27,-0.323,-0.152,0.034,-3.846,-4.764,-7.555,1549046412938
27,-0.898,-0.125,0.044,-4.383,-5.035,-9.472,1549046412958
27,-1.359,-0.195,0.025,-4.192,-6.131,-8.47,1549046412978
27,-0.989,-0.296,-0.008,-4.679,-4.488,-5.303,1549046412998
27,-0.921,-0.108,-0.02,-4.873,-3.478,-8.251,1549046413018
27,-1.716,-0.029,0.026,-3.911,-7.401,-9.2,1549046413038
27,-1.538,-0.245,-0.105,-2.145,-8.303,-8.853,1549046413058
28,-0.893,-0.322,-0.049,-3.571,-5.16,-8.365,1549046413078
28,-0.205,0.097,0.059,-4.821,-3.086,-8.707,1549046413099
28,-0.134,0.12,-0.011,-4.492,-3.635,-9.439,1549046413119
28,-0.292,-0.067,-0.153,-3.581,-7.062,-8.608,1549046413138
28,-0.528,-0.236,-0.194,-4.121,-6.499,-8.797,1549046413158
28,-0.434,-0.09,-0.059,-4.246,-4.369,-9.226,1549046413178
28,-0.126,-0.117,-0.022,-4.204,-3.211,-9.425,1549046413198
28,-0.139,-0.157,-0.029,-4.582,-4.395,-8.989,1549046413219
28,-0.337,-0.194,-0.104,-4.157,-5.847,-8.939,1549046413239
28,-0.495,-0.302,-0.022,-3.875,-5.908,-8.839,1549046413259
28,-0.232,-0.304,0.036,-4.18,-4.409,-8.525,1549046413278
28,0.0,-0.246,0.052,-4.438,-4.396,-8.487,1549046413298
29,-0.095,-0.278,0.021,-4.216,-4.951,-8.328,1549046413319
29,-0.129,-0.346,0.019,-4.598,-4.992,-8.507,1549046413338
29,-0.116,-0.309,0.042,-4.617,-4.758,-8.337,1549046413359
29,-0.066,-0.336,0.058,-4.585,-4.163,-8.245,1549046413379
29,-0.017,-0.341,0.066,-4.573,-4.717,-8.581,1549046413398
29,0.046,-0.367,0.082,-4.826,-4.52,-7.929,1549046413418
29,-0.018,-0.312,0.136,-4.959,-4.292,-8.745,1549046413439
29,-0.209,-0.338,0.141,-5.296,-3.483,-8.065,1549046413459
29,-0.268,-0.325,0.145,-4.408,-4.414,-7.411,1549046413478
29,-0.256,-0.421,-0.019,-4.703,-5.822,-7.062,1549046413498
29,-0.25,-0.281,0.123,-5.374,-4.635,-7.727,1549046413519
30,-0.01,-0.154,0.172,-5.286,-4.376,-7.671,1549046413539
30,0.092,-0.231,0.16,-4.941,-4.171,-7.876,1549046413559
30,0.003,-0.252,0.13,-4.905,-4.081,-7.389,1549046413578
30,0.029,-0.201,0.09,-4.668,-5.243,-7.821,1549046413598
30,-0.064,-0.156,0.092,-5.169,-4.302,-8.105,1549046413619
30,0.025,-0.063,0.154,-4.82,-4.331,-7.871,1549046413638
30,-0.034,-0.129,0.121,-5.071,-4.254,-7.339,1549046413658
30,0.07,-0.123,0.171,-5.298,-4.377,-7.608,1549046413678
30,0.11,-0.112,0.182,-5.422,-4.298,-8.393,1549046413699
30,0.116,-0.115,0.187,-5.325,-4.464,-7.639,1549046413719
30,0.128,-0.189,0.146,-4.701,-4.848,-7.427,1549046413739
30,0.084,-0.23,0.078,-5.054,-4.67,-7.295,1549046413759
30,0.361,-0.147,0.102,-5.318,-4.106,-8.044,1549046413779
31,0.415,-0.074,0.115,-5.779,-3.808,-7.566,1549046413798
31,0.222,-0.101,0.109,-4.94,-5.184,-7.001,1549046413819
31,-0.02,-0.228,0.0,-4.799,-4.654,-7.762,1549046413839
31,0.18,-0.134,0.063,-5.529,-3.803,-7.109,1549046413859
31,0.525,-0.081,0.103,-4.96,-4.767,-7.989,1549046413878
31,0.403,-0.116,0.059,-5.405,-4.488,-7.205,1549046413899
31,0.364,-0.069,0.091,-4.975,-4.404,-7.012,1549046413919
31,0.229,-0.073,0.055,-5.497,-4.247,-7.499,1549046413939
31,0.274,0.024,0.095,-5.424,-4.901,-7.125,1549046413959
31,0.304,-0.025,0.035,-5.13,-4.853,-7.687,1549046413979
31,0.324,-0.019,0.012,-5.079,-5.24,-6.865,1549046413999
31,0.414,-0.007,-0.025,-4.823,-4.603,-7.324,1549046414019
31,0.412,0.095,-0.054,-5.35,-3.565,-7.456,1549046414039
31,0.403,0.184,-0.007,-5.036,-5.011,-6.344,1549046414059
32,0.18,0.091,-0.084,-5.048,-5.818,-7.798,1549046414079
32,0.121,0.155,-0.071,-5.549,-4.134,-7.433,1549046414099
32,0.48,0.164,-0.029,-5.058,-4.517,-6.975,1549046414119
32,0.381,0.107,-0.096,-5.153,-5.073,-7.525,1549046414139
32,0.169,0.188,-0.082,-5.521,-4.966,-7.477,1549046414159
32,0.229,0.172,-0.043,-5.109,-4.6,-7.317,1549046414180
32,0.264,0.107,-0.067,-4.821,-5.7,-6.876,1549046414199
32,0.199,0.087,-0.128,-4.86,-5.217,-7.492,1549046414219
32,0.325,0.162,-0.081,-5.164,-4.596,-6.981,1549046414239
32,0.347,0.155,-0.103,-5.1,-4.736,-6.855,1549046414260
32,0.158,0.124,-0.13,-4.448,-5.595,-7.22,1549046414279
32,0.065,0.098,-0.195,-4.94,-4.98,-6.761,1549046414299
32,0.233,0.185,-0.115,-5.253,-4.754,-6.144,1549046414319
32,0.406,0.189,-0.119,-4.773,-4.792,-6.928,1549046414339
33,0.294,0.198,-0.146,-4.946,-4.698,-6.486,1549046414359
33,0.268,0.227,-0.137,-4.803,-5.504,-6.147,1549046414379
33,0.267,0.258,-0.171,-4.9,-5.434,-6.531,1549046414399
33,0.313,0.343,-0.15,-4.868,-4.952,-6.48,1549046414419
33,0.348,0.363,-0.187,-4.632,-5.052,-6.629,1549046414439
33,0.363,0.396,-0.191,-4.343,-6.24,-6.31,1549046414460
33,0.328,0.369,-0.217,-4.221,-6.024,-6.682,1549046414480
33,0.268,0.411,-0.191,-4.351,-5.774,-7.054,1549046414500
33,0.239,0.436,-0.208,-4.336,-5.921,-7.266,1549046414519
33,0.377,0.422,-0.208,-4.716,-5.389,-6.53,1549046414539
34,0.382,0.413,-0.166,-4.485,-6.061,-7.627,1549046414559
34,0.187,0.36,-0.198,-4.426,-6.087,-7.036,1549046414579
34,0.258,0.317,-0.187,-4.348,-6.211,-6.293,1549046414600
34,0.303,0.32,-0.199,-4.396,-6.044,-7.182,1549046414620
34,0.465,0.395,-0.171,-4.464,-5.079,-6.654,1549046414640
34,0.557,0.392,-0.108,-3.515,-6.905,-7.119,1549046414660
34,0.209,0.315,-0.179,-3.829,-7.156,-6.881,1549046414679
34,0.177,0.395,-0.137,-4.853,-6.173,-6.801,1549046414699
34,0.497,0.486,-0.101,-4.418,-6.086,-7.208,1549046414720
34,0.542,0.352,-0.156,-4.589,-5.822,-6.976,1549046414740
34,0.405,0.338,-0.147,-4.157,-7.207,-6.967,1549046414760
34,0.349,0.266,-0.19,-4.004,-6.316,-6.454,1549046414780
35,0.418,0.323,-0.109,-4.474,-5.912,-6.91,1549046414800
35,0.243,0.385,-0.067,-4.329,-6.394,-7.268,1549046414819
35,0.172,0.337,-0.043,-4.048,-7.421,-7.732,1549046414840
35,0.213,0.252,-0.038,-3.816,-7.162,-6.64,1549046414860
35,0.367,0.213,0.004,-3.651,-6.58,-6.805,1549046414880
35,0.368,0.254,0.014,-3.95,-6.149,-7.646,1549046414899
35,0.239,0.304,0.061,-4.359,-7.111,-7.668,1549046414920
35,0.121,0.223,0.103,-2.859,-7.981,-7.205,1549046414940
35,-0.047,-0.018,-0.069,-3.65,-7.293,-7.295,1549046414960
35,0.11,0.226,0.098,-3.766,-6.449,-7.194,1549046414980
35,0.259,0.21,0.134,-3.728,-7.024,-8.096,1549046415000
35,0.061,0.158,0.106,-3.321,-7.794,-7.12,1549046415019
36,0.027,0.002,0.041,-3.622,-7.03,-7.338,1549046415040
36,0.021,0.065,0.164,-3.414,-6.803,-7.91,1549046415060
36,0.031,0.022,0.191,-3.447,-7.217,-7.095,1549046415080
36,-0.042,0.011,0.192,-3.385,-7.463,-7.094,1549046415100
36,0.038,-0.013,0.204,-3.484,-6.887,-7.836,1549046415120
36,0.083,0.037,0.246,-3.884,-6.124,-7.255,1549046415140
36,0.037,-0.006,0.273,-3.695,-6.962,-6.892,1549046415160
36,-0.027,-0.102,0.207,-3.375,-7.55,-7.005,1549046415180
36,0.056,-0.115,0.193,-3.551,-6.588,-7.086,1549046415201
36,0.127,-0.028,0.26,-3.607,-6.397,-7.097,1549046415220
36,0.025,-0.031,0.254,-4.067,-6.378,-7.087,1549046415240
37,-0.006,-0.004,0.277,-3.742,-6.45,-7.244,1549046415260
37,-0.082,-0.063,0.268,-3.579,-6.744,-6.669,1549046415280
37,-0.057,-0.093,0.234,-3.214,-8.05,-6.382,1549046415300
37,-0.044,-0.106,0.168,-3.915,-6.066,-7.422,1549046415320
37,0.094,0.137,0.292,-4.754,-5.577,-7.216,1549046415340
37,0.074,0.083,0.242,-3.541,-7.226,-6.696,1549046415361
37,-0.107,-0.126,0.155,-3.7,-6.572,-7.336,1549046415381
37,0.073,0.0,0.214,-3.864,-6.0,-7.186,1549046415400
37,0.152,0.002,0.199,-3.691,-6.76,-7.143,1549046415420
37,-0.011,-0.033,0.178,-3.946,-6.376,-6.68,1549046415441
37,-0.044,0.009,0.204,-3.681,-6.448,-7.031,1549046415460
37,-0.012,0.009,0.173,-4.13,-5.95,-7.003,1549046415480
37,0.012,0.031,0.17,-3.589,-6.674,-6.292,1549046415501
37,-0.081,-0.044,0.111,-3.721,-7.003,-6.334,1549046415520
38,-0.087,0.02,0.107,-4.652,-6.19,-8.239,1549046415540
38,0.045,0.146,0.118,-4.862,-4.659,-7.192,1549046415561
38,0.187,0.04,0.048,-3.692,-6.698,-6.424,1549046415581
38,-0.15,-0.191,-0.061,-3.453,-7.186,-6.504,1549046415601
38,-0.21,-0.091,-0.005,-3.864,-6.275,-6.906,1549046415620
38,-0.07,0.025,0.026,-4.144,-5.774,-7.031,1549046415641
38,-0.035,0.072,0.005,-4.363,-6.029,-6.634,1549046415661
38,-0.115,0.06,-0.007,-3.412,-7.217,-6.456,1549046415681
38,-0.4,-0.058,-0.023,-3.459,-6.516,-7.098,1549046415701
38,-0.258,0.035,0.052,-3.929,-6.174,-7.186,1549046415721
38,-0.105,0.067,0.021,-3.756,-6.285,-7.999,1549046415741
38,-0.156,0.029,-0.005,-4.02,-6.102,-7.641,1549046415761
38,-0.176,0.01,-0.011,-4.282,-6.197,-6.868,1549046415780
38,-0.356,-0.039,-0.002,-4.31,-6.346,-7.742,1549046415801
39,-0.356,-0.039,0.019,-3.876,-6.321,-7.612,1549046415821
39,-0.235,-0.122,0.03,-3.883,-6.073,-7.406,1549046415840
39,-0.237,-0.086,0.089,-4.221,-5.948,-7.827,1549046415861
39,-0.193,-0.065,0.123,-3.551,-6.271,-7.535,1549046415881
39,-0.128,-0.165,0.087,-4.169,-6.061,-7.386,1549046415901
39,-0.021,-0.066,0.114,-4.102,-6.024,-7.244,1549046415921
39,-0.018,-0.105,0.114,-4.0,-6.531,-7.58,1549046415941
39,-0.157,-0.112,0.137,-4.007,-6.056,-7.181,1549046415961
39,-0.128,-0.123,0.144,-4.08,-6.244,-7.424,1549046415981
39,-0.137,-0.121,0.104,-3.542,-6.493,-7.069,1549046416001
39,-0.046,-0.143,0.059,-4.151,-5.416,-7.437,1549046416021
40,-0.119,-0.053,0.087,-4.473,-6.14,-6.705,1549046416041
40,-0.202,-0.092,0.033,-4.138,-6.175,-7.072,1549046416061
40,-0.09,-0.112,0.037,-3.973,-5.988,-7.529,1549046416081
40,0.012,-0.094,0.036,-4.199,-5.527,-7.655,1549046416101
40,-0.063,-0.084,0.049,-4.264,-5.561,-7.792,1549046416121
40,-0.128,-0.09,0.051,-4.134,-5.75,-7.408,1549046416142
40,-0.211,-0.07,0.053,-4.054,-6.146,-7.105,1549046416162
40,-0.236,-0.029,0.036,-4.094,-5.597,-7.363,1549046416182
40,-0.255,0.005,0.055,-4.027,-5.812,-7.37,1549046416201
40,-0.271,-0.03,0.003,-3.804,-6.017,-7.293,1549046416222
40,-0.2,-0.027,0.008,-4.121,-5.608,-7.569,1549046416242
40,-0.04,0.042,0.017,-4.215,-5.311,-7.46,1549046416262
40,-0.182,0.047,0.028,-3.992,-5.681,-7.285,1549046416282
40,-0.336,0.02,0.005,-3.604,-6.052,-7.175,1549046416302
41,-0.183,0.048,-0.022,-4.002,-5.923,-6.725,1549046416322
41,-0.027,0.144,-0.023,-3.905,-5.218,-7.867,1549046416342
41,-0.026,0.129,-0.031,-3.928,-5.791,-7.435,1549046416362
41,-0.059,0.085,-0.093,-4.229,-5.952,-7.424,1549046416381
41,-0.192,0.112,-0.089,-4.535,-5.653,-7.291,1549046416401
41,-0.143,0.1,-0.107,-4.069,-5.647,-7.783,1549046416421
41,0.03,0.063,-0.142,-3.989,-5.273,-8.056,1549046416442
41,0.072,0.088,-0.148,-4.239,-5.215,-8.07,1549046416462
41,-0.028,0.098,-0.147,-4.149,-6.404,-7.783,1549046416482
41,-0.151,0.019,-0.182,-4.379,-5.722,-7.676,1549046416502
41,-0.138,0.011,-0.14,-4.299,-5.722,-8.452,1549046416522
41,-0.122,0.007,-0.148,-4.388,-5.431,-7.86,1549046416542
42,-0.041,-0.007,-0.132,-5.097,-5.456,-7.989,1549046416562
42,-0.115,0.025,-0.105,-4.884,-5.341,-8.307,1549046416582
42,-0.036,-0.015,-0.111,-4.459,-5.048,-7.755,1549046416602
42,-0.214,-0.054,-0.112,-4.226,-6.7,-7.61,1549046416622
42,-0.289,-0.05,-0.126,-4.708,-5.456,-7.691,1549046416642
42,-0.005,0.03,-0.071,-4.302,-5.361,-7.794,1549046416662
42,-0.112,-0.026,-0.108,-4.094,-5.965,-7.66,1549046416682
42,-0.188,-0.046,-0.098,-3.735,-5.898,-7.625,1549046416702
42,-0.153,-0.035,-0.087,-4.184,-5.693,-7.888,1549046416722
42,-0.09,0.006,-0.071,-3.916,-5.635,-7.62,1549046416742
42,-0.106,-0.031,-0.082,-3.858,-6.009,-7.863,1549046416762
42,-0.109,-0.014,-0.089,-3.592,-6.122,-7.487,1549046416783
42,-0.029,-0.013,-0.108,-3.877,-5.998,-7.838,1549046416802
42,-0.021,0.014,-0.102,-3.969,-5.975,-7.739,1549046416822
43,-0.013,-0.001,-0.124,-3.794,-5.822,-7.445,1549046416843
43,-0.025,-0.013,-0.144,-3.688,-5.906,-7.65,1549046416863
43,0.004,-0.002,-0.154,-3.857,-5.936,-7.654,1549046416882
43,0.048,0.006,-0.143,-4.11,-5.99,-8.065,1549046416902
43,0.03,0.031,-0.129,-5.638,-5.979,-7.942,1549046416923
43,-0.005,0.07,-0.111,-4.41,-5.783,-7.907,1549046416942
43,0.039,-0.071,-0.106,-3.754,-5.364,-7.963,1549046416962
43,0.018,-0.076,-0.091,-3.348,-6.227,-7.348,1549046416982
43,0.0,-0.032,-0.106,-3.926,-5.972,-7.724,1549046417002
43,0.023,0.062,-0.051,-3.6,-5.84,-7.147,1549046417023
43,0.008,0.032,-0.066,-3.646,-6.419,-7.313,1549046417042
43,-0.019,0.073,-0.054,-3.465,-5.561,-7.658,1549046417063
44,0.081,0.111,-0.023,-3.562,-5.825,-7.8,1549046417083
44,0.091,0.119,-0.052,-3.977,-6.394,-7.801,1549046417103
44,0.147,0.1,-0.054,-3.633,-6.182,-8.031,1549046417122
44,0.122,0.064,-0.023,-3.596,-6.457,-7.241,1549046417142
44,0.149,0.026,-0.02,-3.357,-7.077,-6.997,1549046417162
44,0.317,0.03,-0.045,-3.736,-6.422,-7.675,1549046417182
44,0.814,0.132,-0.058,-3.319,-5.744,-7.449,1549046417203
44,0.899,0.075,-0.117,-3.816,-6.163,-7.275,1549046417223
44,0.594,0.094,-0.127,-4.003,-6.639,-7.111,1549046417243
44,0.418,0.035,-0.151,-3.782,-7.421,-7.258,1549046417263
44,0.666,0.042,-0.19,-4.315,-6.206,-8.052,1549046417283
44,0.915,0.131,-0.159,-3.806,-5.13,-7.523,1549046417302
45,0.711,-0.017,-0.177,-3.338,-6.255,-6.593,1549046417323
45,0.262,-0.07,-0.194,-3.114,-6.972,-6.355,1549046417343
45,0.271,-0.008,-0.203,-3.453,-7.506,-8.123,1549046417363
45,0.506,0.101,-0.172,-3.884,-6.653,-8.284,1549046417383
45,0.775,0.084,-0.152,-3.619,-6.828,-7.389,1549046417402
45,0.676,-0.069,-0.17,-3.396,-7.212,-6.259,1549046417422
45,0.682,-0.092,-0.195,-3.221,-6.517,-5.718,1549046417443
45,0.649,-0.038,-0.156,-3.322,-7.317,-6.55,1549046417463
45,0.694,0.045,-0.173,-3.553,-6.096,-6.538,1549046417483
45,0.796,0.1,-0.228,-3.575,-6.285,-6.24,1549046417503
45,0.378,0.034,-0.19,-3.373,-7.341,-6.705,1549046417523
45,0.059,0.012,-0.19,-3.422,-7.695,-6.959,1549046417543
45,0.226,0.017,-0.193,-2.59,-7.629,-6.662,1549046417563
45,0.545,-0.025,-0.231,-3.021,-6.892,-6.323,1549046417583
46,0.437,0.073,-0.137,-3.35,-7.167,-6.804,1549046417603
46,0.037,0.052,-0.086,-3.301,-7.734,-6.466,1549046417623
46,0.004,0.042,-0.089,-3.571,-7.956,-6.618,1549046417643
46,0.195,0.052,-0.085,-3.806,-7.524,-6.265,1549046417663
46,0.383,0.081,-0.073,-3.833,-7.598,-5.673,1549046417683
46,-0.021,0.028,-0.025,-3.779,-8.621,-6.074,1549046417703
46,-0.221,0.008,0.013,-3.77,-8.264,-6.271,1549046417723
46,-0.082,0.036,0.043,-3.547,-7.961,-5.942,1549046417743
46,-0.01,0.031,0.067,-3.388,-7.574,-6.142,1549046417763
46,-0.118,0.032,0.087,-3.156,-7.585,-6.242,1549046417783
46,-0.161,0.012,0.068,-2.949,-7.657,-6.112,1549046417803
46,-0.052,0.041,0.042,-3.201,-7.429,-5.797,1549046417823
46,-0.01,0.097,0.034,-3.216,-7.485,-6.23,1549046417844
47,-0.02,0.109,-0.002,-3.231,-7.707,-6.379,1549046417863
47,-0.044,0.072,-0.03,-3.375,-7.868,-6.753,1549046417883
47,-0.08,0.039,-0.032,-3.208,-7.983,-6.661,1549046417904
47,-0.056,-0.024,-0.009,-2.92,-8.005,-5.968,1549046417923
47,0.039,-0.037,-0.007,-2.909,-7.413,-5.734,1549046417944
47,0.033,0.007,-0.012,-3.206,-7.583,-6.397,1549046417963
47,-0.06,0.049,0.007,-3.307,-7.627,-6.597,1549046417984
47,-0.049,0.038,0.002,-3.097,-7.807,-6.338,1549046418004
47,0.015,0.012,0.001,-3.044,-7.508,-6.313,1549046418023
47,0.058,0.006,-0.007,-3.157,-7.331,-6.344,1549046418043
47,0.005,0.021,-0.016,-3.321,-7.286,-6.41,1549046418064
48,-0.064,0.019,-0.002,-2.988,-7.908,-6.329,1549046418083
48,-0.042,-0.026,-0.016,-3.007,-8.097,-6.06,1549046418104
48,0.047,-0.014,-0.008,-3.225,-7.65,-6.377,1549046418124
48,0.018,0.034,0.019,-3.334,-7.162,-6.644,1549046418144
48,0.088,0.042,0.019,-3.153,-7.001,-6.369,1549046418163
48,0.068,0.009,0.002,-3.087,-7.518,-6.233,1549046418184
48,-0.036,-0.005,-0.025,-3.323,-8.157,-6.603,1549046418203
48,-0.117,-0.01,-0.018,-3.181,-7.892,-6.735,1549046418224
48,-0.015,-0.035,0.003,-3.096,-7.396,-6.056,1549046418243
48,0.097,-0.03,0.018,-2.965,-7.508,-5.824,1549046418264
48,-0.007,-0.032,-0.009,-3.484,-7.827,-6.407,1549046418284
49,-0.104,0.001,-0.001,-3.199,-7.645,-6.412,1549046418304
49,-0.015,-0.007,-0.001,-2.769,-7.611,-6.273,1549046418324
49,0.03,-0.01,-0.02,-3.745,-7.646,-6.497,1549046418344
49,-0.007,0.007,0.0,-3.199,-7.391,-5.902,1549046418363
49,-0.059,-0.053,-0.018,-2.703,-7.627,-6.238,1549046418384
49,-0.088,-0.029,-0.021,-2.8,-7.79,-6.291,1549046418404
49,0.057,0.034,-0.011,-3.329,-7.858,-6.252,1549046418423
49,0.065,0.05,-0.006,-3.275,-7.877,-6.274,1549046418444
49,0.007,0.018,0.006,-3.307,-7.2,-5.401,1549046418464
49,0.049,0.01,0.013,-1.432,-7.655,-6.441,1549046418483
49,-0.04,-0.034,-0.06,-3.663,-7.513,-6.44,1549046418504
50,0.147,0.137,-0.012,-2.118,-7.262,-5.741,1549046418524
50,0.05,0.0,-0.085,-3.365,-7.883,-6.198,1549046418544
50,0.004,0.141,-0.067,-4.159,-7.731,-6.346,1549046418564
50,0.049,0.131,-0.068,-3.09,-8.444,-6.506,1549046418584
50,-0.021,0.049,-0.05,-3.694,-7.858,-6.237,1549046418604
50,0.03,0.074,-0.01,-3.271,-7.661,-6.88,1549046418624
50,0.006,0.015,-0.015,-3.191,-7.606,-6.647,1549046418644
50,0.086,-0.002,0.009,-3.25,-7.154,-6.09,1549046418664
50,0.028,-0.016,0.002,-3.031,-7.396,-6.115,1549046418684
50,-0.078,-0.012,-0.011,-2.916,-7.44,-6.281,1549046418704
50,-0.153,0.012,-0.002,-2.801,-7.93,-6.369,1549046418724
50,-0.073,0.016,-0.012,-2.921,-7.788,-6.322,1549046418744
50,0.071,0.045,-0.011,-3.046,-7.786,-6.316,1549046418764
50,0.038,0.058,-0.003,-3.229,-7.736,-6.521,1549046418784
51,-0.018,0.047,0.01,-3.208,-7.912,-6.474,1549046418804
51,0.007,0.012,0.003,-3.089,-7.696,-6.193,1549046418824
51,0.022,-0.005,-0.003,-3.11,-7.627,-6.125,1549046418844
51,0.033,0.026,0.0,-3.103,-7.637,-6.361,1549046418864
51,0.044,0.016,-0.014,-2.788,-7.732,-6.468,1549046418884
51,0.022,-0.022,-0.025,-2.75,-7.898,-6.362,1549046418904
51,-0.022,-0.025,-0.01,-2.949,-7.693,-6.204,1549046418924
51,-0.061,-0.023,0.002,-2.897,-7.658,-6.386,1549046418944
51,0.002,-0.011,-0.006,-2.944,-7.605,-6.14,1549046418964
51,0.083,0.019,-0.005,-3.24,-7.611,-6.43,1549046418984
51,0.026,0.027,-0.002,-3.146,-7.6,-6.522,1549046419004
51,-0.028,-0.001,-0.004,-3.066,-7.764,-6.58,1549046419024
51,0.013,-0.029,-0.011,-2.918,-7.903,-6.24,1549046419045
51,0.053,-0.031,-0.011,-3.153,-7.755,-6.298,1549046419065
52,0.059,-0.01,0.01,-3.037,-7.764,-6.149,1549046419085
52,0.016,-0.025,0.015,-3.065,-7.392,-6.404,1549046419105
52,0.006,-0.018,0.006,-2.947,-7.77,-6.292,1549046419125
52,0.01,-0.016,-0.011,-3.005,-7.711,-6.158,1549046419144
52,0.022,0.001,-0.013,-3.021,-7.827,-6.291,1549046419165
52,-0.012,-0.023,-0.006,-2.94,-7.88,-6.155,1549046419184
52,-0.02,-0.043,-0.009,-2.95,-8.051,-6.436,1549046419205
52,0.004,0.0,-0.012,-3.049,-7.711,-6.218,1549046419224
52,0.091,0.036,0.003,-3.195,-7.655,-6.169,1549046419245
52,0.061,0.018,0.018,-3.106,-7.517,-6.231,1549046419264
53,0.015,-0.012,-0.003,-2.978,-7.759,-6.143,1549046419284
53,-0.022,-0.008,-0.027,-2.994,-7.903,-6.311,1549046419305
53,-0.017,0.008,-0.027,-3.043,-7.724,-6.111,1549046419324
53,0.047,0.001,-0.021,-3.01,-7.743,-6.331,1549046419344
53,0.032,-0.007,-0.024,-3.082,-7.813,-6.516,1549046419365
53,-0.001,0.0,-0.017,-3.109,-7.73,-6.388,1549046419385
53,-0.02,0.002,-0.004,-3.021,-7.665,-6.211,1549046419405
53,-0.02,-0.002,-0.009,-3.002,-7.655,-6.308,1549046419425
53,-0.02,0.012,-0.031,-3.062,-7.456,-6.199,1549046419445
53,0.034,0.023,-0.053,-3.025,-7.669,-6.346,1549046419464
53,-0.006,0.002,-0.058,-2.87,-8.021,-6.234,1549046419485
54,-0.057,-0.024,-0.051,-2.827,-7.962,-6.233,1549046419505
54,0.002,-0.014,-0.057,-2.864,-7.749,-6.056,1549046419525
54,0.032,0.009,-0.057,-2.96,-7.85,-6.168,1549046419545
54,-0.018,0.02,-0.044,-3.022,-7.878,-6.279,1549046419565
54,-0.025,0.006,-0.049,-2.997,-7.726,-6.287,1549046419585
54,0.034,0.0,-0.061,-2.966,-7.773,-6.24,1549046419605
54,0.053,-0.018,-0.07,-3.006,-7.855,-6.193,1549046419625
54,0.026,-0.012,-0.069,-2.957,-7.843,-6.299,1549046419645
54,-0.002,0.002,-0.069,-2.95,-7.727,-6.2,1549046419665
54,0.006,-0.007,-0.068,-2.827,-7.992,-6.265,1549046419685
54,-0.004,-0.019,-0.068,-3.037,-7.855,-6.234,1549046419705
55,0.002,0.017,-0.064,-3.207,-7.965,-6.162,1549046419725
55,-0.081,0.008,-0.069,-2.987,-7.742,-6.266,1549046419745
55,-0.114,-0.027,-0.056,-2.699,-7.763,-6.327,1549046419765
55,-0.083,-0.051,-0.081,-2.564,-7.601,-6.263,1549046419785
55,0.049,-0.031,-0.119,-2.577,-7.58,-6.308,1549046419805
55,0.081,-0.01,-0.132,-2.692,-7.758,-6.398,1549046419825
55,0.01,0.001,-0.12,-2.726,-8.084,-6.6,1549046419845
55,-0.051,-0.014,-0.106,-2.581,-7.85,-6.368,1549046419865
55,0.01,-0.023,-0.095,-2.558,-7.674,-6.194,1549046419886
55,0.028,-0.023,-0.086,-2.813,-7.488,-6.09,1549046419905
55,-0.054,-0.004,-0.088,-2.92,-7.699,-6.173,1549046419925
55,-0.052,-0.015,-0.115,-2.985,-7.79,-6.104,1549046419945
55,-0.015,0.0,-0.132,-3.003,-8.152,-6.147,1549046419966
56,-0.019,0.02,-0.142,-2.808,-8.534,-6.519,1549046419985
56,0.042,0.033,-0.131,-2.838,-8.203,-6.768,1549046420006
56,0.172,0.071,-0.109,-2.734,-7.978,-6.656,1549046420025
56,0.231,0.075,-0.084,-2.609,-7.366,-6.407,1549046420046
56,0.14,0.092,-0.058,-2.631,-7.279,-6.475,1549046420066
56,-0.104,0.119,-0.052,-2.887,-7.361,-6.372,1549046420086
56,-0.224,0.155,-0.054,-2.43,-8.493,-6.384,1549046420105
56,-0.213,0.096,-0.105,-2.256,-8.496,-6.403,1549046420125
56,0.077,0.148,-0.124,-2.327,-7.918,-5.893,1549046420146
56,0.178,0.215,-0.113,-2.201,-7.718,-6.037,1549046420165
56,-0.023,0.215,-0.07,-2.124,-7.925,-6.348,1549046420185
56,-0.187,0.206,-0.05,-2.315,-8.5,-6.605,1549046420206
57,-0.075,0.26,-0.049,-2.387,-8.389,-6.471,1549046420226
57,0.24,0.306,-0.064,-2.386,-7.6,-6.36,1549046420246
57,0.394,0.346,-0.06,-2.089,-7.483,-6.213,1549046420266
57,0.204,0.335,-0.046,-1.944,-8.084,-6.538,1549046420286
57,-0.051,0.375,-0.034,-2.011,-8.333,-6.485,1549046420306
57,0.073,0.477,-0.057,-1.811,-8.525,-6.224,1549046420326
57,0.283,0.559,-0.095,-2.018,-8.531,-6.078,1549046420346
57,0.306,0.569,-0.054,-1.779,-8.346,-6.024,1549046420366
57,0.152,0.508,0.049,-1.863,-8.341,-6.517,1549046420386
57,0.033,0.505,0.105,-1.594,-8.774,-6.362,1549046420406
57,0.171,0.479,0.148,-1.735,-8.337,-6.549,1549046420426
57,0.343,0.486,0.157,-2.031,-7.483,-6.084,1549046420445
57,0.279,0.446,0.122,-1.962,-7.605,-5.579,1549046420466
57,0.191,0.404,0.091,-1.8,-7.692,-5.517,1549046420486
58,0.284,0.414,0.044,-1.685,-7.518,-5.772,1549046420506
58,0.409,0.442,0.033,-1.767,-7.483,-6.177,1549046420526
58,0.25,0.389,0.061,-1.512,-8.345,-6.291,1549046420546
58,0.047,0.337,0.114,-1.555,-9.171,-6.043,1549046420566
58,-0.016,0.34,0.208,-1.97,-7.407,-6.466,1549046420586
58,0.148,0.343,0.18,-1.766,-7.257,-6.16,1549046420606
58,0.058,0.24,0.083,-1.526,-7.909,-6.435,1549046420626
58,-0.021,0.217,0.102,-1.45,-8.186,-6.263,1549046420646
58,-0.08,0.201,0.089,-1.601,-8.449,-6.127,1549046420666
58,-0.068,0.2,0.099,-1.704,-8.387,-5.889,1549046420686
58,-0.007,0.181,0.097,-1.682,-8.13,-5.889,1549046420706
