pack,vx,vy,vz,ax,ay,az,time
1,-0.428,-1.174,0.025,-2.508,-9.772,-3.731,1549046095480
1,-0.433,-1.247,0.019,-2.152,-9.314,-4.058,1549046095501
1,-0.285,-1.12,0.097,-2.675,-8.684,-3.713,1549046095521
1,-0.458,-1.092,0.221,-3.416,-10.154,-3.434,1549046095540
1,-0.6,-1.371,0.264,-3.115,-11.028,-3.025,1549046095561
1,-0.502,-1.528,0.224,-2.734,-10.015,-2.288,1549046095580
1,-0.354,-1.468,0.162,-2.819,-8.59,-4.013,1549046095600
1,-0.151,-1.261,0.151,-2.887,-7.099,-4.915,1549046095621
1,-0.222,-1.129,0.303,-3.12,-9.107,-4.196,1549046095641
1,-0.619,-1.536,0.392,-2.621,-12.344,-2.813,1549046095661
1,-0.43,-1.734,0.232,-2.872,-10.185,-2.222,1549046095680
2,0.127,-1.505,0.166,-4.065,-7.377,-2.401,1549046095700
2,-0.13,-1.524,0.142,-4.055,-6.555,-4.244,1549046095721
2,-0.614,-1.677,0.185,-3.965,-10.145,-4.973,1549046095740
2,-0.716,-1.801,0.257,-4.13,-11.122,-4.199,1549046095761
2,-0.339,-1.819,0.169,-4.28,-7.56,-2.58,1549046095781
2,-0.192,-1.861,0.019,-4.078,-5.001,-3.065,1549046095801
2,-0.973,-1.872,-0.012,-5.909,-10.104,-4.222,1549046095821
2,-1.45,-2.166,-0.061,-4.796,-11.836,-3.633,1549046095842
2,-0.553,-2.374,-0.028,-2.865,-5.969,-2.404,1549046095861
2,-0.597,-1.719,0.095,-4.912,-6.983,-1.241,1549046095881
2,-1.658,-1.417,-0.028,-5.199,-11.704,-2.294,1549046095900
3,-1.62,-1.591,-0.107,-2.897,-12.22,-2.206,1549046095920
3,-0.54,-0.93,0.107,-5.559,-7.84,-1.65,1549046095941
3,-0.093,-0.636,0.142,-5.556,-8.484,-2.198,1549046095962
3,-0.523,-1.028,0.042,-3.688,-9.385,-4.043,1549046095981
3,-0.581,-0.832,0.073,-3.785,-9.634,-4.952,1549046096001
3,-0.65,-0.612,0.237,-3.992,-8.765,-3.845,1549046096021
3,-1.137,-0.551,0.211,-4.252,-10.35,-2.968,1549046096041
3,-1.084,-0.576,0.15,-5.035,-10.383,-1.938,1549046096061
3,-0.108,-0.424,0.243,-5.33,-8.507,-2.11,1549046096081
3,0.281,-0.325,0.28,-5.384,-7.73,-3.161,1549046096102
3,-0.025,-0.43,0.195,-5.134,-8.459,-3.126,1549046096121
4,-0.535,-0.639,0.021,-5.115,-10.954,-2.391,1549046096141
4,-0.307,-0.743,-0.085,-5.066,-10.327,-1.878,1549046096161
4,0.132,-0.711,-0.178,-5.474,-7.287,-3.53,1549046096181
4,0.231,-0.489,-0.077,-5.657,-6.526,-2.677,1549046096201
4,-0.02,-0.568,-0.1,-5.405,-10.141,-2.161,1549046096222
4,0.032,-0.636,-0.09,-5.424,-9.991,-2.099,1549046096241
4,0.116,-0.521,-0.101,-4.025,-6.7,-2.718,1549046096261
4,0.054,-0.464,-0.375,-5.912,-5.467,-1.703,1549046096281
4,0.008,-0.174,-0.354,-6.633,-8.801,-1.06,1549046096302
4,-0.171,-0.03,-0.284,-5.726,-7.462,-2.223,1549046096321
5,0.182,0.092,-0.215,-5.684,-7.127,-3.383,1549046096341
5,0.189,-0.212,-0.24,-5.663,-9.356,-4.097,1549046096362
5,-0.079,-0.3,-0.027,-5.11,-9.351,-4.26,1549046096381
5,-0.101,-0.248,0.258,-4.699,-8.995,-3.161,1549046096401
5,-0.292,-0.357,0.322,-5.817,-10.343,-1.995,1549046096422
5,-0.457,-0.413,0.397,-5.891,-9.346,-2.018,1549046096441
5,-0.777,-0.39,0.443,-5.238,-10.176,-2.347,1549046096461
5,-0.783,-0.369,0.448,-5.521,-10.316,-2.162,1549046096482
5,-0.539,-0.418,0.385,-5.592,-9.446,-1.748,1549046096501
5,-0.337,-0.489,0.375,-5.294,-10.259,-1.144,1549046096522
5,-0.208,-0.543,0.276,-5.511,-9.911,-1.24,1549046096541
5,-0.218,-0.519,0.169,-6.248,-7.546,-1.794,1549046096562
5,-0.17,-0.524,0.166,-6.004,-8.284,-1.915,1549046096582
5,-0.219,-0.555,0.114,-6.161,-8.505,-1.122,1549046096601
6,-0.156,-0.553,0.106,-6.186,-9.139,-0.745,1549046096622
6,-0.181,-0.589,0.064,-6.087,-8.477,-1.541,1549046096642
6,-0.261,-0.497,0.092,-5.866,-6.506,-2.281,1549046096661
6,-0.386,-0.477,0.144,-6.113,-7.9,-0.66,1549046096682
6,-0.28,-0.54,0.147,-6.275,-9.217,-0.699,1549046096702
6,-0.13,-0.599,0.097,-6.326,-9.083,-0.687,1549046096722
6,-0.25,-0.63,-0.043,-5.78,-8.251,-2.245,1549046096742
6,-0.292,-0.597,-0.104,-6.054,-7.469,-2.297,1549046096762
6,-0.294,-0.578,-0.103,-6.195,-8.458,-1.137,1549046096782
6,-0.153,-0.559,-0.176,-6.607,-7.894,0.069,1549046096802
7,-0.091,-0.602,-0.238,-5.773,-8.299,-1.931,1549046096822
7,-0.321,-0.536,-0.3,-6.036,-6.218,-3.211,1549046096842
7,-0.381,-0.413,-0.205,-6.142,-7.924,-2.06,1549046096862
7,-0.341,-0.397,-0.205,-6.17,-8.706,-0.44,1549046096881
7,-0.106,-0.395,-0.224,-6.0,-7.768,-1.362,1549046096901
7,-0.193,-0.407,-0.271,-5.876,-6.766,-2.883,1549046096922
7,-0.318,-0.324,-0.179,-5.93,-7.414,-2.286,1549046096942
7,-0.427,-0.359,-0.159,-5.504,-8.749,-1.537,1549046096962
7,-0.299,-0.296,-0.103,-5.919,-7.35,-1.31,1549046096982
7,-0.248,-0.234,-0.046,-6.282,-7.481,-1.888,1549046097001
7,-0.238,-0.222,-0.009,-5.966,-7.462,-2.241,1549046097022
8,-0.221,-0.178,0.045,-5.862,-7.517,-2.289,1549046097042
8,-0.319,-0.143,0.04,-5.71,-7.973,-1.529,1549046097062
8,-0.3,-0.038,0.041,-6.341,-8.236,-0.62,1549046097082
8,-0.228,-0.07,0.007,-6.389,-6.762,-2.468,1549046097101
8,0.007,-0.017,0.122,-5.791,-7.042,-2.26,1549046097122
8,-0.204,-0.043,0.008,-5.323,-8.709,-2.016,1549046097141
8,-0.393,0.047,-0.057,-6.039,-7.794,-2.255,1549046097161
8,-0.358,0.117,-0.079,-6.154,-6.184,-2.264,1549046097181
8,-0.176,0.089,0.115,-5.888,-7.46,-1.847,1549046097201
8,-0.071,-0.028,0.095,-5.781,-8.338,-2.295,1549046097222
8,0.033,0.087,-0.093,-5.592,-7.335,-2.93,1549046097242
8,-0.072,0.213,0.02,-5.699,-6.591,-2.544,1549046097262
8,-0.072,0.172,-0.044,-5.515,-7.433,-1.972,1549046097282
9,0.135,0.154,0.057,-5.895,-6.878,-1.873,1549046097302
9,0.288,0.319,-0.101,-5.85,-7.073,-2.374,1549046097322
9,0.095,0.364,-0.128,-5.928,-7.086,-2.501,1549046097342
9,-0.105,0.333,-0.118,-6.197,-7.394,-2.084,1549046097362
9,-0.094,0.126,-0.105,-5.799,-7.393,-1.696,1549046097382
9,0.021,0.061,-0.157,-5.547,-6.798,-2.939,1549046097402
9,0.091,0.267,-0.067,-5.869,-6.459,-2.704,1549046097422
9,-0.01,0.273,0.012,-6.02,-7.83,-2.299,1549046097442
9,-0.05,0.054,-0.102,-5.815,-8.225,-1.793,1549046097462
9,0.161,0.103,-0.036,-6.013,-7.356,-2.514,1549046097483
9,0.086,0.172,0.063,-6.079,-7.518,-3.074,1549046097503
10,-0.055,0.13,0.125,-6.188,-7.906,-2.764,1549046097523
10,-0.145,0.009,0.126,-6.036,-8.514,-1.954,1549046097543
10,0.034,0.009,0.112,-6.254,-7.583,-2.511,1549046097562
10,0.151,0.169,0.131,-6.387,-7.111,-2.444,1549046097582
10,0.045,0.118,0.092,-6.282,-7.571,-2.257,1549046097602
10,0.154,0.052,0.079,-6.156,-8.65,-1.649,1549046097623
10,0.31,0.008,-0.029,-6.079,-8.282,-2.05,1549046097642
10,0.4,0.102,-0.029,-5.894,-7.594,-2.554,1549046097662
10,0.185,0.059,-0.046,-5.929,-8.15,-2.104,1549046097682
10,0.159,0.058,-0.048,-6.149,-7.995,-1.925,1549046097702
10,0.333,0.019,-0.013,-5.924,-7.951,-1.637,1549046097722
10,0.229,-0.056,-0.053,-5.541,-8.247,-2.085,1549046097742
10,0.049,-0.106,-0.049,-5.434,-7.4,-2.222,1549046097763
10,-0.116,-0.079,-0.014,-5.973,-8.09,-1.736,1549046097782
11,-0.258,-0.104,-0.019,-5.95,-8.737,-1.691,1549046097803
11,-0.076,-0.216,-0.023,-5.485,-8.691,-2.112,1549046097822
11,0.034,-0.214,-0.045,-5.327,-7.492,-2.395,1549046097842
11,-0.106,-0.11,-0.056,-5.767,-7.538,-2.635,1549046097862
11,-0.234,-0.155,-0.044,-5.807,-7.482,-3.011,1549046097882
11,-0.19,-0.244,-0.074,-6.051,-8.496,-1.79,1549046097902
11,-0.2,-0.172,-0.153,-5.73,-7.6,-2.764,1549046097923
11,-0.299,-0.04,-0.115,-5.993,-7.296,-3.382,1549046097943
11,-0.372,-0.038,-0.034,-6.085,-7.105,-3.508,1549046097963
11,-0.284,-0.101,0.072,-5.905,-6.687,-3.459,1549046097983
11,-0.275,-0.102,0.124,-5.455,-8.064,-2.388,1549046098002
12,-0.197,-0.06,0.104,-5.486,-7.765,-2.617,1549046098022
12,-0.192,0.177,0.076,-5.832,-6.848,-3.575,1549046098043
12,-0.317,0.239,0.156,-5.9,-7.617,-3.407,1549046098063
12,-0.188,0.081,0.123,-5.442,-7.819,-2.811,1549046098082
12,-0.019,0.105,0.039,-5.363,-7.95,-2.645,1549046098103
12,0.105,0.195,-0.013,-5.111,-7.595,-3.564,1549046098122
12,0.09,0.313,0.002,-5.192,-6.442,-4.007,1549046098142
12,-0.023,0.476,0.043,-5.675,-7.258,-3.407,1549046098162
12,-0.084,0.436,-0.002,-5.479,-7.469,-3.306,1549046098182
12,0.072,0.367,-0.011,-5.318,-7.411,-3.155,1549046098203
12,0.19,0.405,-0.01,-5.469,-6.945,-3.334,1549046098223
12,0.187,0.543,0.023,-5.53,-6.347,-3.496,1549046098242
13,-0.018,0.613,0.071,-5.535,-6.593,-4.019,1549046098262
13,-0.095,0.575,-0.004,-5.76,-7.818,-3.42,1549046098283
13,-0.082,0.512,-0.239,-6.085,-7.644,-3.438,1549046098303
13,-0.026,0.447,0.024,-5.736,-7.133,-3.361,1549046098323
13,0.044,0.176,0.059,-5.822,-6.811,-2.755,1549046098342
13,-0.049,0.307,0.124,-6.698,-6.843,-3.396,1549046098362
13,-0.247,0.127,0.044,-5.534,-7.31,-3.527,1549046098382
13,-0.365,-0.176,-0.048,-5.599,-7.789,-2.808,1549046098402
13,-0.416,-0.031,-0.019,-6.904,-7.933,-3.451,1549046098423
13,-0.25,-0.225,0.016,-6.059,-6.724,-3.382,1549046098443
13,-0.128,-0.357,0.038,-5.876,-7.437,-3.177,1549046098463
14,-0.286,-0.284,0.114,-6.62,-7.192,-3.044,1549046098482
14,-0.311,-0.257,0.185,-6.217,-6.916,-4.179,1549046098503
14,-0.401,-0.242,0.253,-5.976,-7.135,-4.422,1549046098523
14,-0.695,-0.14,0.353,-6.552,-8.102,-3.74,1549046098542
14,-0.728,-0.306,0.237,-6.675,-7.488,-3.73,1549046098562
14,-0.394,-0.642,-0.161,-5.361,-6.875,-3.296,1549046098583
14,-0.408,-0.583,-0.66,-5.625,-8.857,-3.511,1549046098603
14,-0.353,-0.041,-0.061,-6.658,-8.164,-4.34,1549046098623
14,-0.261,-0.141,0.134,-5.602,-7.01,-4.473,1549046098643
14,-0.391,-0.173,0.106,-5.527,-7.746,-4.21,1549046098663
15,-0.341,-0.163,0.07,-5.371,-8.13,-4.29,1549046098682
15,-0.232,-0.151,0.107,-5.384,-7.486,-3.858,1549046098702
15,-0.379,0.052,0.185,-6.417,-7.102,-3.315,1549046098722
15,-0.448,0.14,0.074,-6.113,-7.054,-4.767,1549046098743
15,-0.231,0.119,-0.106,-5.524,-7.426,-4.521,1549046098763
15,-0.242,0.063,0.065,-5.018,-7.285,-5.265,1549046098783
15,-0.293,0.164,0.076,-5.774,-7.557,-4.569,1549046098803
15,-0.212,0.018,-0.05,-5.597,-7.699,-3.972,1549046098823
15,0.001,0.013,-0.166,-5.538,-6.973,-4.775,1549046098843
15,0.049,0.132,-0.06,-5.218,-6.907,-4.199,1549046098863
15,-0.11,0.173,-0.052,-5.297,-7.567,-4.203,1549046098883
16,-0.074,0.297,-0.056,-5.542,-7.112,-4.166,1549046098903
16,-0.078,0.371,-0.113,-5.701,-5.953,-4.781,1549046098923
16,-0.197,0.457,-0.04,-5.673,-6.714,-4.141,1549046098943
16,-0.372,0.406,-0.101,-5.544,-7.748,-5.267,1549046098963
16,-0.274,0.417,-0.197,-5.671,-6.62,-3.464,1549046098983
16,-0.442,0.412,-0.279,-5.536,-8.017,-5.107,1549046099004
16,-0.314,0.346,-0.273,-5.139,-7.733,-4.494,1549046099024
16,-0.14,0.367,-0.338,-5.262,-7.337,-5.603,1549046099043
16,-0.126,0.383,-0.373,-5.596,-6.637,-5.571,1549046099063
16,-0.229,0.349,-0.332,-5.408,-7.59,-5.568,1549046099083
16,-0.282,0.225,-0.368,-5.462,-7.701,-5.185,1549046099103
17,-0.142,0.269,-0.336,-5.806,-6.907,-5.721,1549046099123
17,-0.148,0.309,-0.278,-5.805,-6.806,-6.431,1549046099143
17,-0.305,0.175,-0.258,-5.359,-7.648,-5.453,1549046099163
17,-0.329,0.154,-0.252,-5.241,-7.479,-5.676,1549046099184
17,-0.293,0.181,-0.188,-5.266,-6.705,-6.152,1549046099204
17,-0.37,0.216,-0.093,-5.3,-7.714,-5.228,1549046099224
17,-0.484,0.165,-0.138,-5.461,-7.715,-5.239,1549046099243
17,-0.373,0.146,-0.102,-5.362,-6.68,-5.69,1549046099263
17,-0.334,0.15,-0.034,-4.88,-7.295,-5.523,1549046099283
17,-0.54,0.12,-0.013,-4.533,-7.798,-6.075,1549046099303
17,-0.349,0.174,-0.03,-4.845,-7.43,-6.233,1549046099324
18,-0.172,0.199,-0.092,-5.172,-7.16,-5.597,1549046099343
18,-0.284,0.175,-0.148,-4.918,-7.857,-5.486,1549046099363
18,-0.24,0.049,-0.213,-4.562,-7.811,-5.66,1549046099383
18,-0.005,0.106,-0.219,-4.614,-7.72,-5.672,1549046099403
18,-0.005,0.089,-0.202,-4.323,-7.305,-6.267,1549046099423
18,-0.05,0.124,-0.129,-4.471,-7.396,-6.382,1549046099443
18,-0.126,0.09,-0.106,-4.318,-7.593,-6.379,1549046099463
18,-0.136,0.067,-0.083,-4.59,-7.782,-5.377,1549046099483
18,-0.152,0.045,-0.089,-4.651,-7.364,-5.76,1549046099503
18,-0.017,0.077,-0.059,-4.872,-6.785,-6.033,1549046099523
19,-0.143,0.139,-0.042,-4.83,-6.306,-7.026,1549046099543
19,-0.326,0.075,0.005,-4.393,-6.894,-6.34,1549046099563
19,-0.412,0.006,0.028,-4.555,-7.659,-5.747,1549046099583
19,-0.289,0.068,0.053,-4.603,-6.923,-6.044,1549046099603
19,-0.232,0.113,0.064,-4.733,-6.832,-6.698,1549046099624
19,-0.318,0.093,0.008,-4.853,-6.343,-6.805,1549046099643
19,-0.265,-0.02,-0.015,-4.472,-7.38,-6.158,1549046099663
19,-0.191,-0.015,-0.026,-4.345,-6.998,-6.26,1549046099684
19,-0.153,0.071,-0.011,-4.615,-6.5,-6.096,1549046099704
19,-0.279,0.091,-0.016,-4.939,-6.817,-6.961,1549046099723
19,-0.246,0.064,0.002,-4.635,-6.595,-6.592,1549046099744
19,-0.219,0.004,0.002,-4.441,-7.414,-6.283,1549046099764
20,-0.207,0.042,-0.006,-4.135,-7.504,-6.235,1549046099784
20,-0.213,0.086,-0.01,-4.253,-6.729,-7.27,1549046099803
20,-0.246,0.165,-0.013,-4.779,-6.824,-7.236,1549046099824
20,-0.293,0.038,0.006,-4.176,-7.437,-6.525,1549046099844
20,-0.227,-0.004,0.009,-3.925,-7.048,-6.74,1549046099864
20,-0.22,0.053,0.048,-3.848,-7.175,-6.499,1549046099884
20,-0.267,0.146,0.087,-4.474,-7.223,-6.737,1549046099904
20,-0.179,0.157,0.093,-4.18,-6.931,-6.427,1549046099924
20,-0.087,0.151,0.102,-4.318,-6.084,-7.093,1549046099944
20,-0.059,0.21,0.057,-4.612,-5.834,-7.048,1549046099964
20,-0.17,0.165,0.097,-4.471,-6.649,-7.063,1549046099983
21,-0.248,0.112,0.056,-4.178,-6.847,-6.488,1549046100004
21,-0.177,0.137,0.033,-4.395,-6.272,-6.741,1549046100024
21,-0.127,0.206,0.033,-4.654,-6.023,-6.974,1549046100044
21,-0.159,0.173,0.033,-4.435,-6.186,-7.266,1549046100063
21,-0.222,0.113,0.009,-3.807,-6.598,-7.345,1549046100083
21,-0.216,0.108,-0.029,-3.944,-6.574,-7.411,1549046100103
21,-0.048,0.103,-0.046,-4.135,-5.862,-6.701,1549046100124
21,-0.107,0.165,-0.059,-4.189,-6.45,-7.608,1549046100144
21,-0.224,0.081,-0.075,-3.825,-6.499,-6.663,1549046100163
21,-0.202,0.136,-0.062,-4.214,-6.296,-7.241,1549046100183
21,-0.126,0.131,-0.049,-4.09,-6.399,-7.061,1549046100204
21,-0.139,0.166,-0.031,-4.464,-6.105,-7.213,1549046100224
21,-0.224,0.177,-0.029,-4.365,-6.202,-7.658,1549046100244
22,-0.281,0.106,-0.033,-4.0,-6.567,-6.955,1549046100264
22,-0.245,0.071,-0.046,-4.091,-6.709,-7.072,1549046100284
22,-0.164,0.119,-0.054,-4.19,-5.927,-7.489,1549046100303
22,-0.189,0.125,-0.093,-4.188,-5.883,-7.663,1549046100324
22,-0.17,0.058,-0.059,-3.886,-6.781,-6.851,1549046100344
22,-0.18,0.055,-0.07,-4.022,-6.074,-7.475,1549046100364
22,-0.142,0.061,-0.085,-4.003,-5.616,-7.56,1549046100384
22,-0.236,0.094,-0.078,-4.134,-6.542,-6.888,1549046100404
22,-0.254,0.118,-0.073,-4.159,-5.781,-7.53,1549046100424
22,-0.124,0.098,-0.071,-4.03,-5.929,-7.419,1549046100444
23,-0.204,0.137,-0.065,-3.905,-6.111,-7.861,1549046100464
23,-0.216,0.125,-0.061,-3.908,-6.209,-7.519,1549046100485
23,-0.197,0.126,-0.053,-3.921,-6.071,-7.406,1549046100504
23,-0.179,0.149,-0.054,-3.922,-6.141,-7.498,1549046100525
23,-0.183,0.153,-0.059,-3.709,-5.802,-7.988,1549046100545
23,-0.217,0.131,-0.026,-3.541,-5.887,-7.907,1549046100564
23,-0.272,0.072,-0.001,-3.735,-5.974,-7.787,1549046100585
23,-0.07,0.094,-0.005,-4.154,-5.616,-7.364,1549046100605
23,0.006,0.139,-0.023,-4.083,-5.512,-7.581,1549046100625
23,-0.13,0.149,-0.027,-3.603,-5.858,-7.502,1549046100645
23,-0.167,0.137,-0.02,-3.795,-5.969,-7.755,1549046100664
23,-0.023,0.153,-0.021,-3.845,-5.937,-7.239,1549046100684
23,-0.026,0.106,-0.049,-3.583,-5.833,-7.768,1549046100705
24,-0.14,0.117,-0.046,-3.491,-6.118,-7.851,1549046100725
24,-0.135,0.172,-0.047,-3.686,-5.781,-7.862,1549046100745
24,-0.066,0.167,-0.063,-3.79,-5.631,-8.357,1549046100765
24,-0.096,0.127,-0.082,-3.903,-5.735,-7.787,1549046100784
24,-0.136,0.094,-0.089,-3.771,-6.0,-8.502,1549046100804
24,0.035,0.091,-0.085,-4.085,-5.466,-8.681,1549046100825
24,-0.008,0.133,-0.043,-4.205,-5.55,-8.657,1549046100844
24,-0.258,0.025,0.003,-4.102,-5.985,-8.552,1549046100864
24,-0.23,0.039,0.048,-3.889,-5.723,-8.803,1549046100884
25,-0.151,0.091,0.086,-3.926,-5.054,-8.978,1549046100904
25,-0.237,0.207,0.154,-4.567,-5.203,-9.135,1549046100925
25,-0.346,0.129,0.2,-4.347,-5.916,-8.381,1549046100945
25,-0.292,-0.101,0.149,-2.733,-6.694,-8.225,1549046100964
25,-0.189,-0.097,0.131,-3.742,-5.822,-9.148,1549046100984
25,-0.266,0.027,0.112,-4.548,-5.023,-9.264,1549046101005
25,-0.381,-0.188,0.129,-3.953,-5.379,-8.459,1549046101025
25,-0.371,-0.195,0.152,-4.234,-5.297,-8.307,1549046101044
25,-0.4,-0.161,0.192,-3.803,-4.983,-8.901,1549046101064
25,-0.55,-0.163,0.237,-3.919,-5.442,-8.545,1549046101084
25,-0.51,-0.114,0.27,-4.28,-5.183,-7.998,1549046101104
25,-0.371,-0.153,0.26,-4.163,-4.823,-8.381,1549046101125
26,-0.344,-0.178,0.268,-3.798,-4.978,-8.478,1549046101145
26,-0.448,-0.17,0.293,-3.678,-5.234,-8.039,1549046101165
26,-0.409,-0.158,0.296,-3.591,-5.534,-7.907,1549046101184
26,-0.3,-0.127,0.276,-4.396,-4.238,-8.62,1549046101204
26,-0.3,0.0,0.272,-4.96,-3.964,-8.957,1549046101225
26,-0.374,-0.186,0.249,-3.515,-4.784,-8.158,1549046101244
26,-0.289,-0.298,0.257,-2.587,-5.268,-8.106,1549046101264
26,-0.223,-0.148,0.247,-3.372,-4.475,-8.605,1549046101284
26,-0.258,-0.038,0.224,-4.186,-3.914,-8.719,1549046101305
26,-0.222,-0.121,0.183,-3.914,-4.093,-7.963,1549046101325
26,-0.146,-0.16,0.12,-3.902,-3.572,-8.156,1549046101345
27,-0.161,-0.147,0.083,-3.792,-3.581,-8.801,1549046101364
27,-0.286,-0.134,0.039,-4.116,-3.778,-8.618,1549046101385
27,-0.204,-0.162,-0.025,-4.346,-3.616,-8.522,1549046101404
27,-0.091,-0.157,-0.052,-4.477,-2.945,-8.697,1549046101425
27,-0.104,-0.128,-0.037,-4.315,-3.295,-8.658,1549046101445
27,-0.134,-0.116,-0.026,-4.346,-3.415,-8.561,1549046101464
27,-0.101,-0.056,-0.004,-4.645,-3.501,-8.72,1549046101485
27,-0.17,-0.053,-0.028,-4.234,-4.015,-8.326,1549046101505
27,-0.223,-0.132,-0.064,-3.634,-4.291,-8.29,1549046101524
27,-0.15,-0.065,-0.081,-4.29,-3.718,-9.029,1549046101545
28,-0.052,-0.062,-0.069,-4.427,-3.977,-8.539,1549046101565
28,-0.185,-0.188,-0.156,-4.064,-4.132,-7.826,1549046101585
28,-0.132,-0.184,-0.173,-4.239,-3.77,-8.431,1549046101605
28,-0.082,-0.118,-0.139,-4.534,-3.765,-8.038,1549046101625
28,-0.169,-0.135,-0.141,-4.515,-4.176,-7.788,1549046101645
28,-0.169,-0.141,-0.171,-4.542,-4.334,-7.689,1549046101665
28,-0.046,-0.131,-0.187,-4.119,-4.062,-7.925,1549046101685
28,-0.05,-0.135,-0.206,-4.076,-4.262,-8.315,1549046101705
28,0.028,-0.074,-0.21,-4.504,-4.081,-8.364,1549046101725
28,0.112,-0.054,-0.218,-5.085,-3.864,-8.161,1549046101745
28,0.14,-0.037,-0.248,-5.035,-3.615,-8.634,1549046101765
29,0.098,-0.131,-0.287,-4.415,-3.99,-8.167,1549046101785
29,0.089,-0.124,-0.276,-4.564,-4.323,-8.733,1549046101805
29,0.167,-0.134,-0.261,-4.764,-4.048,-8.676,1549046101825
29,0.214,-0.114,-0.219,-4.479,-4.234,-8.029,1549046101845
29,0.158,-0.145,-0.207,-4.185,-4.935,-7.968,1549046101865
29,0.169,-0.079,-0.207,-4.385,-4.504,-8.457,1549046101885
29,0.339,-0.01,-0.194,-4.892,-4.075,-8.069,1549046101905
29,0.201,-0.078,-0.233,-4.837,-3.719,-8.419,1549046101925
29,-0.067,-0.221,-0.281,-4.633,-4.958,-8.289,1549046101945
29,-0.057,-0.222,-0.295,-4.811,-4.259,-9.222,1549046101965
29,0.161,-0.274,-0.278,-4.429,-3.751,-8.522,1549046101985
29,0.033,-0.161,-0.232,-5.146,-4.175,-8.4,1549046102005
29,-0.09,-0.173,-0.206,-5.129,-4.333,-7.994,1549046102026
30,-0.017,-0.183,-0.188,-4.803,-4.464,-7.079,1549046102045
30,-0.088,-0.218,-0.228,-4.22,-5.769,-7.888,1549046102065
30,-0.041,-0.165,-0.27,-4.336,-4.838,-7.627,1549046102085
30,0.038,-0.114,-0.281,-5.048,-5.041,-7.516,1549046102105
30,0.078,-0.142,-0.261,-4.686,-4.971,-7.569,1549046102126
30,0.139,-0.196,-0.213,-3.827,-5.378,-7.75,1549046102145
30,0.207,-0.085,-0.121,-4.238,-5.366,-7.356,1549046102165
30,0.144,-0.004,-0.028,-4.323,-4.313,-7.894,1549046102186
30,-0.02,0.0,-0.029,-4.724,-5.052,-8.876,1549046102206
30,0.024,-0.061,-0.042,-4.567,-5.986,-7.181,1549046102225
30,0.298,-0.14,-0.1,-4.422,-4.517,-7.81,1549046102246
31,0.265,-0.051,-0.108,-5.096,-4.217,-8.372,1549046102265
31,0.104,-0.104,-0.098,-4.471,-5.216,-7.676,1549046102285
31,0.116,-0.134,-0.084,-4.103,-4.814,-7.804,1549046102306
31,0.107,-0.004,-0.043,-4.528,-4.784,-8.945,1549046102326
31,-0.022,-0.021,-0.012,-4.445,-5.349,-7.73,1549046102345
31,0.12,-0.043,-0.025,-4.62,-5.141,-7.625,1549046102365
31,0.131,-0.088,-0.056,-4.346,-5.005,-7.688,1549046102385
31,0.053,-0.081,-0.048,-4.123,-5.217,-7.457,1549046102405
31,0.021,-0.046,-0.048,-4.409,-5.347,-7.76,1549046102425
31,0.082,-0.001,-0.034,-4.265,-4.834,-8.013,1549046102445
31,0.029,-0.034,-0.027,-4.141,-5.047,-7.673,1549046102465
31,-0.056,0.003,-0.038,-4.654,-4.873,-7.683,1549046102486
32,-0.008,0.024,-0.042,-5.04,-4.542,-8.305,1549046102505
32,0.017,-0.046,-0.068,-4.433,-5.018,-7.32,1549046102525
32,-0.038,-0.05,-0.065,-4.291,-5.267,-7.034,1549046102545
32,-0.106,0.054,-0.056,-4.568,-5.126,-8.417,1549046102565
32,-0.048,0.061,-0.057,-4.547,-4.998,-8.004,1549046102585
32,-0.041,0.047,-0.085,-4.734,-5.323,-7.97,1549046102605
32,-0.062,-0.025,-0.094,-4.696,-5.157,-7.303,1549046102626
32,-0.013,0.014,-0.088,-5.298,-4.563,-7.016,1549046102645
32,-0.086,0.079,-0.067,-5.222,-4.482,-8.775,1549046102666
32,-0.135,0.005,-0.031,-4.699,-4.761,-7.452,1549046102686
32,-0.093,0.03,-0.001,-5.108,-4.794,-7.598,1549046102706
33,-0.028,0.088,0.004,-4.91,-4.439,-7.925,1549046102726
33,-0.094,0.06,0.013,-4.072,-4.942,-8.248,1549046102746
33,-0.168,-0.041,0.075,-3.644,-5.341,-8.015,1549046102766
33,-0.143,0.109,0.129,-4.886,-4.467,-7.993,1549046102786
33,-0.316,0.114,0.093,-4.668,-4.724,-8.275,1549046102806
33,-0.473,0.034,0.132,-4.761,-4.713,-7.666,1549046102826
33,-0.479,0.037,0.174,-5.139,-4.62,-7.962,1549046102846
33,-0.125,-0.127,0.15,-4.52,-5.042,-6.724,1549046102866
33,0.005,0.009,0.165,-4.865,-4.24,-8.749,1549046102886
33,-0.04,0.03,0.217,-4.157,-4.763,-7.873,1549046102906
33,-0.235,0.066,0.205,-4.733,-4.923,-7.942,1549046102926
34,-0.211,0.012,0.151,-4.41,-5.058,-7.206,1549046102946
34,0.043,-0.052,0.126,-4.11,-5.096,-8.4,1549046102966
34,0.199,0.11,0.159,-4.595,-4.608,-7.885,1549046102986
34,0.135,0.114,0.113,-4.847,-4.276,-8.659,1549046103006
34,0.024,0.007,0.01,-4.537,-4.98,-8.054,1549046103026
34,0.036,-0.097,-0.06,-4.085,-5.377,-7.382,1549046103046
34,0.192,-0.014,-0.045,-4.472,-5.464,-7.652,1549046103066
34,0.45,0.059,-0.038,-4.327,-4.694,-8.219,1549046103086
34,0.54,0.085,-0.079,-4.343,-3.962,-8.526,1549046103105
34,0.401,0.082,-0.139,-4.529,-4.86,-8.065,1549046103126
35,0.454,-0.039,-0.222,-4.379,-5.027,-7.576,1549046103146
35,0.606,-0.097,-0.281,-4.42,-4.559,-8.153,1549046103166
35,0.444,-0.025,-0.312,-4.968,-3.571,-8.176,1549046103185
35,0.284,0.0,-0.34,-5.767,-4.752,-8.619,1549046103206
35,0.245,-0.117,-0.327,-4.441,-5.321,-7.272,1549046103226
35,0.401,-0.184,-0.32,-4.046,-5.217,-7.955,1549046103245
35,0.312,0.002,-0.225,-4.013,-5.111,-7.698,1549046103265
35,0.208,0.039,-0.144,-4.446,-5.014,-8.603,1549046103286
35,0.315,-0.022,-0.08,-4.28,-5.32,-7.073,1549046103306
35,0.275,-0.021,-0.066,-4.471,-5.483,-7.694,1549046103326
36,0.163,0.019,-0.044,-4.383,-6.338,-7.048,1549046103345
36,0.188,0.0,-0.055,-4.114,-6.084,-7.098,1549046103365
36,0.504,0.041,-0.051,-4.484,-6.299,-7.204,1549046103386
36,0.85,0.054,-0.075,-4.636,-4.553,-7.601,1549046103406
36,0.509,0.027,-0.07,-4.578,-5.968,-6.431,1549046103426
36,0.129,-0.12,-0.178,-5.049,-7.505,-7.26,1549046103447
36,0.601,-0.085,-0.178,-3.669,-6.47,-6.759,1549046103467
36,0.901,0.116,-0.192,-4.529,-5.853,-9.057,1549046103487
36,0.74,0.091,-0.128,-4.601,-4.482,-8.054,1549046103506
36,0.582,-0.063,-0.16,-3.632,-6.585,-6.471,1549046103526
36,0.607,-0.127,-0.216,-3.253,-8.177,-5.934,1549046103546
36,0.963,0.121,-0.11,-3.465,-6.003,-6.415,1549046103566
37,0.575,0.208,-0.082,-3.301,-4.983,-6.412,1549046103586
37,0.167,0.143,-0.194,-3.414,-6.186,-7.318,1549046103606
37,0.537,0.155,-0.199,-3.435,-7.108,-7.53,1549046103626
37,0.936,0.217,-0.22,-4.355,-8.097,-6.661,1549046103646
37,0.892,0.211,-0.222,-5.092,-7.506,-6.283,1549046103666
37,0.567,0.137,-0.113,-4.872,-7.098,-6.751,1549046103686
37,0.488,0.001,-0.143,-4.893,-7.688,-6.375,1549046103706
37,0.737,-0.013,-0.18,-4.624,-7.815,-5.933,1549046103726
37,0.749,0.006,-0.143,-4.446,-6.772,-5.661,1549046103746
37,0.431,0.007,-0.116,-4.228,-7.326,-6.114,1549046103766
38,0.194,-0.019,-0.068,-3.967,-8.387,-7.374,1549046103786
38,0.626,-0.003,-0.073,-3.803,-8.14,-7.194,1549046103806
38,1.179,0.084,-0.038,-3.797,-6.422,-5.327,1549046103827
38,0.865,0.103,-0.042,-4.203,-6.972,-5.354,1549046103846
38,0.595,0.091,0.012,-4.305,-7.659,-5.954,1549046103866
38,0.559,0.102,-0.022,-4.195,-7.327,-5.898,1549046103886
38,0.287,0.073,0.009,-4.149,-6.418,-5.029,1549046103906
38,0.12,0.051,0.022,-4.104,-7.255,-5.276,1549046103927
38,0.032,0.054,-0.004,-4.001,-8.457,-5.685,1549046103946
38,0.136,0.076,0.017,-4.088,-8.033,-6.058,1549046103966
38,0.286,0.06,0.018,-3.688,-7.486,-5.928,1549046103986
39,0.37,0.042,0.014,-3.675,-7.193,-5.751,1549046104006
39,0.256,0.001,-0.018,-3.754,-7.498,-5.353,1549046104027
39,0.123,0.004,-0.015,-3.88,-7.842,-5.348,1549046104046
39,0.005,0.001,-0.005,-3.744,-8.997,-5.443,1549046104066
39,0.141,0.022,0.032,-3.895,-7.953,-4.732,1549046104087
39,0.055,0.078,0.056,-3.935,-7.713,-5.307,1549046104107
39,-0.117,0.041,0.047,-3.994,-7.926,-5.999,1549046104127
39,-0.024,0.026,0.047,-3.998,-7.832,-5.236,1549046104147
39,-0.038,0.007,0.018,-3.753,-7.758,-5.211,1549046104167
39,-0.06,0.04,0.008,-3.81,-8.099,-6.155,1549046104186
40,0.148,0.021,0.005,-3.785,-7.43,-5.493,1549046104206
40,0.133,0.033,0.013,-3.785,-7.756,-5.368,1549046104227
40,0.013,-0.018,-0.009,-3.745,-8.402,-5.11,1549046104247
40,0.07,0.012,0.01,-4.14,-8.219,-5.453,1549046104266
40,0.063,0.055,0.039,-4.438,-7.795,-5.595,1549046104286
40,0.029,0.007,0.05,-3.782,-7.518,-5.176,1549046104307
40,-0.165,-0.045,0.02,-3.627,-8.069,-5.341,1549046104327
40,-0.128,0.012,0.017,-3.953,-7.971,-5.343,1549046104347
40,-0.055,-0.003,0.001,-3.71,-8.165,-5.292,1549046104367
40,-0.076,-0.023,0.0,-3.853,-8.131,-5.288,1549046104386
40,-0.096,-0.007,0.0,-3.745,-7.992,-5.642,1549046104407
41,-0.053,-0.004,0.014,-3.494,-7.795,-5.447,1549046104427
41,-0.053,0.035,0.012,-3.648,-7.833,-5.216,1549046104447
41,-0.195,0.044,0.015,-3.77,-8.082,-5.415,1549046104466
41,-0.227,0.014,0.027,-3.905,-8.045,-5.385,1549046104486
41,-0.162,0.018,0.014,-4.329,-8.186,-5.451,1549046104506
41,-0.046,-0.035,-0.026,-4.124,-8.453,-5.173,1549046104527
41,0.093,-0.086,-0.051,-3.954,-8.082,-5.06,1549046104546
41,0.069,-0.126,-0.064,-3.619,-8.095,-5.492,1549046104566
41,0.077,-0.126,-0.06,-3.642,-7.618,-5.572,1549046104586
41,0.134,-0.094,-0.067,-4.042,-7.748,-5.916,1549046104607
41,0.185,-0.078,-0.048,-3.776,-7.95,-5.127,1549046104627
41,0.036,-0.114,-0.041,-3.352,-8.487,-5.002,1549046104647
42,-0.017,0.032,0.013,-4.227,-7.743,-5.49,1549046104666
42,-0.005,0.061,0.048,-3.903,-7.729,-5.432,1549046104688
42,-0.054,0.014,0.033,-3.697,-8.081,-5.483,1549046104708
42,-0.056,0.036,0.039,-3.878,-7.899,-5.762,1549046104727
42,-0.027,0.012,0.024,-3.822,-8.005,-5.417,1549046104747
42,-0.063,-0.001,0.016,-4.007,-8.095,-5.42,1549046104767
42,-0.058,-0.006,0.026,-4.035,-7.919,-5.252,1549046104787
42,-0.024,-0.022,0.016,-4.191,-7.638,-5.573,1549046104807
42,0.018,-0.04,0.006,-4.155,-7.783,-5.455,1549046104826
42,-0.01,-0.105,-0.019,-3.658,-8.227,-5.149,1549046104847
42,-0.02,-0.07,-0.008,-3.989,-7.923,-5.299,1549046104868
43,-0.015,-0.065,-0.006,-3.791,-7.873,-5.487,1549046104887
43,0.004,-0.065,-0.004,-3.748,-7.933,-5.661,1549046104907
43,-0.006,-0.067,-0.007,-3.735,-7.877,-5.408,1549046104927
43,-0.056,-0.035,-0.002,-3.764,-8.105,-5.277,1549046104946
43,-0.052,0.039,0.027,-4.034,-7.751,-5.482,1549046104966
43,-0.04,0.019,0.042,-3.851,-7.994,-5.195,1549046104986
43,-0.075,0.016,0.029,-4.019,-8.214,-5.201,1549046105007
43,-0.041,-0.015,0.012,-3.95,-8.27,-5.28,1549046105027
43,0.007,-0.008,-0.007,-4.393,-8.034,-5.54,1549046105047
43,0.115,0.004,-0.023,-4.277,-7.23,-5.255,1549046105068
44,0.045,-0.105,-0.044,-3.078,-8.286,-5.571,1549046105087
44,0.058,-0.05,-0.048,-5.083,-7.943,-5.999,1549046105107
44,0.108,-0.047,-0.049,-4.155,-7.909,-5.326,1549046105127
44,0.064,-0.158,-0.04,-3.633,-7.456,-5.712,1549046105147
44,0.021,-0.006,-0.012,-3.487,-7.414,-5.179,1549046105166
44,-0.13,-0.017,-0.018,-3.44,-8.313,-5.17,1549046105187
44,-0.133,0.07,0.027,-3.98,-7.959,-5.623,1549046105207
44,-0.05,0.034,0.044,-3.972,-7.724,-5.145,1549046105227
44,-0.08,-0.01,0.004,-3.92,-8.437,-5.096,1549046105247
44,-0.025,0.007,-0.003,-3.972,-8.144,-5.561,1549046105267
44,0.08,-0.01,-0.009,-3.965,-7.881,-5.405,1549046105287
44,0.058,-0.048,-0.033,-3.972,-8.115,-5.126,1549046105307
44,0.006,-0.056,-0.032,-3.865,-8.167,-5.208,1549046105327
44,0.054,-0.034,-0.011,-3.744,-8.088,-5.268,1549046105347
44,0.126,0.012,0.002,-3.957,-8.068,-5.299,1549046105368
45,0.201,0.02,-0.007,-3.88,-7.989,-5.024,1549046105388
45,-0.002,-0.006,-0.005,-3.635,-8.804,-5.128,1549046105407
45,-0.053,-0.057,0.013,-3.738,-8.79,-5.039,1549046105428
45,0.075,-0.01,0.059,-4.051,-8.521,-4.408,1549046105447
45,0.11,-0.04,0.043,-4.014,-8.678,-4.362,1549046105468
45,-0.13,0.059,0.082,-4.828,-7.512,-4.905,1549046105488
45,-0.407,0.134,0.105,-5.181,-7.193,-5.579,1549046105507
45,-0.447,0.048,0.06,-4.509,-8.823,-5.804,1549046105527
45,-0.173,0.005,0.041,-4.514,-8.64,-6.059,1549046105547
45,0.109,0.107,0.095,-4.754,-8.028,-5.974,1549046105568
46,-0.111,0.069,0.135,-4.965,-7.718,-6.219,1549046105588
46,-0.009,0.039,0.212,-4.565,-7.087,-5.48,1549046105607
46,-0.018,0.011,0.176,-4.42,-6.96,-5.89,1549046105628
46,-0.042,0.061,0.095,-4.66,-6.848,-5.97,1549046105648
46,0.162,-0.011,-0.082,-4.139,-5.379,-6.435,1549046105667
46,0.025,-0.084,-0.083,-2.77,-6.955,-4.381,1549046105688
46,-0.628,-0.269,-0.048,-1.707,-8.752,-5.587,1549046105707
46,-0.361,-0.029,-0.006,-2.907,-8.399,-6.956,1549046105728
46,0.356,0.13,0.004,-3.653,-6.661,-6.54,1549046105747
46,0.023,0.088,0.015,-3.897,-7.169,-5.751,1549046105767
46,-0.532,-0.051,0.002,-3.767,-8.405,-6.405,1549046105787
46,-0.629,-0.09,-0.005,-4.073,-7.858,-5.151,1549046105808
46,-0.238,0.05,0.047,-4.414,-7.577,-5.149,1549046105828
47,-0.182,0.079,0.038,-4.04,-7.402,-5.959,1549046105848
47,-0.223,0.079,0.028,-4.147,-7.367,-6.316,1549046105867
47,-0.425,0.077,0.012,-4.251,-7.001,-6.604,1549046105887
47,-0.394,0.055,0.021,-4.789,-5.085,-6.425,1549046105907
47,-0.685,0.039,-0.078,-4.728,-4.248,-5.791,1549046105928
47,-1.069,-0.275,-0.209,-3.866,-7.279,-6.333,1549046105947
47,-1.411,-0.351,-0.14,-3.459,-9.747,-7.194,1549046105967
47,-1.001,-0.17,-0.146,-4.462,-5.24,-7.635,1549046105987
47,-0.504,0.101,-0.071,-4.583,-3.019,-7.208,1549046106008
47,-1.081,-0.261,-0.123,-2.944,-5.389,-6.552,1549046106028
48,-2.058,-0.441,0.238,-3.339,-10.664,-7.142,1549046106048
48,-1.554,-0.102,0.376,-4.33,-10.692,-5.658,1549046106068
48,0.055,0.131,0.133,-4.516,-5.41,-7.069,1549046106088
48,0.31,0.241,0.209,-4.537,-5.356,-7.452,1549046106108
48,-0.18,-0.087,0.064,-3.72,-7.512,-6.857,1549046106128
48,-0.336,-0.101,0.023,-4.038,-6.73,-7.762,1549046106148
48,-0.088,-0.102,-0.128,-3.984,-6.003,-7.117,1549046106168
48,0.016,-0.188,-0.162,-3.935,-6.18,-7.263,1549046106188
48,-0.049,-0.165,-0.163,-4.222,-5.355,-7.491,1549046106208
48,-0.255,-0.153,-0.185,-4.542,-5.202,-7.862,1549046106228
49,-0.27,-0.038,-0.127,-5.048,-5.877,-7.633,1549046106248
49,-0.136,-0.108,-0.077,-4.432,-6.28,-6.418,1549046106268
49,-0.11,-0.117,-0.076,-4.19,-6.03,-7.638,1549046106288
49,-0.119,-0.146,-0.065,-3.642,-6.097,-7.273,1549046106307
49,-0.139,-0.085,-0.027,-4.144,-6.097,-7.86,1549046106328
49,-0.098,-0.063,-0.001,-4.423,-6.021,-7.454,1549046106347
49,-0.207,-0.071,0.011,-4.442,-6.484,-7.55,1549046106367
49,-0.189,-0.127,0.003,-3.836,-6.444,-7.511,1549046106387
49,-0.107,-0.119,0.013,-4.291,-6.251,-7.181,1549046106408
49,-0.157,-0.101,0.03,-4.273,-6.174,-7.621,1549046106428
50,-0.271,-0.157,0.026,-4.099,-6.202,-7.508,1549046106447
50,-0.274,-0.151,0.058,-4.166,-6.436,-7.579,1549046106468
50,-0.195,-0.194,0.047,-3.942,-6.645,-7.375,1549046106489
50,-0.201,-0.129,0.049,-4.315,-5.603,-7.926,1549046106508
50,-0.286,-0.145,0.041,-4.24,-5.96,-7.637,1549046106528
50,-0.412,-0.127,0.027,-4.377,-6.473,-7.839,1549046106547
50,-0.278,-0.12,0.039,-4.352,-5.669,-7.767,1549046106567
50,-0.243,-0.178,0.013,-4.373,-6.299,-7.389,1549046106587
50,-0.271,-0.153,-0.003,-4.714,-5.6,-8.098,1549046106608
50,-0.217,-0.237,-0.04,-4.283,-5.585,-7.72,1549046106627
50,-0.331,-0.217,-0.076,-4.244,-6.299,-7.374,1549046106647
51,-0.277,-0.176,-0.097,-4.422,-5.549,-8.646,1549046106668
51,-0.268,-0.123,-0.071,-4.811,-4.605,-8.27,1549046106688
51,-0.347,-0.186,-0.084,-4.282,-6.372,-7.871,1549046106708
51,-0.302,-0.197,-0.065,-4.157,-6.334,-7.233,1549046106728
51,-0.068,-0.116,-0.14,-4.973,-5.833,-7.222,1549046106749
51,0.083,-0.091,-0.156,-5.104,-4.77,-8.381,1549046106768
51,0.145,-0.228,-0.185,-4.367,-5.969,-7.153,1549046106789
51,-0.038,-0.284,-0.177,-4.238,-6.849,-6.957,1549046106809
51,0.153,-0.176,-0.17,-4.718,-5.277,-7.919,1549046106828
51,0.202,-0.161,-0.219,-4.715,-4.49,-8.265,1549046106849
51,0.091,-0.179,-0.266,-4.382,-5.749,-6.97,1549046106868
51,-0.028,-0.187,-0.349,-4.353,-6.475,-6.635,1549046106888
51,0.146,-0.053,-0.396,-5.05,-5.162,-7.68,1549046106908
51,0.492,0.045,-0.406,-4.967,-5.618,-7.379,1549046106929
52,0.373,-0.056,-0.442,-4.632,-4.923,-8.714,1549046106949
52,0.232,-0.143,-0.487,-4.684,-5.817,-6.108,1549046106968
52,0.329,-0.146,-0.468,-4.314,-7.299,-6.578,1549046106988
52,0.77,-0.074,-0.45,-4.461,-5.178,-7.931,1549046107008
52,0.881,0.062,-0.387,-4.862,-4.641,-7.523,1549046107029
52,0.282,-0.045,-0.371,-4.34,-6.476,-7.668,1549046107048
52,0.176,-0.009,-0.254,-4.47,-6.371,-6.928,1549046107068
52,0.423,0.143,-0.135,-4.798,-4.991,-8.244,1549046107088
52,0.431,0.094,-0.081,-4.064,-6.043,-6.76,1549046107109
52,0.198,0.087,0.01,-4.398,-6.955,-5.917,1549046107128
53,0.014,0.148,0.086,-4.176,-6.67,-6.832,1549046107148
53,0.239,0.199,0.131,-4.586,-5.988,-6.986,1549046107168
53,0.31,0.25,0.184,-4.524,-6.62,-6.693,1549046107189
53,0.161,0.251,0.252,-4.428,-6.375,-7.023,1549046107209
53,-0.057,0.219,0.293,-4.39,-6.741,-6.531,1549046107229
53,-0.073,0.233,0.334,-4.495,-7.26,-7.881,1549046107249
53,0.374,0.244,0.39,-4.507,-6.913,-6.712,1549046107269
53,0.461,0.36,0.405,-5.343,-4.953,-6.54,1549046107288
53,-0.011,0.463,0.449,-4.461,-7.235,-7.46,1549046107309
53,0.017,0.258,0.4,-3.684,-6.317,-8.232,1549046107329
54,0.269,0.364,0.405,-4.548,-6.907,-5.865,1549046107349
54,0.096,0.377,0.368,-5.324,-7.05,-6.152,1549046107368
54,0.184,0.312,0.268,-5.125,-5.944,-7.239,1549046107389
54,0.435,0.22,0.206,-4.108,-7.704,-7.372,1549046107409
54,0.59,0.172,0.241,-4.267,-6.843,-6.012,1549046107429
54,0.497,0.326,0.127,-4.781,-6.432,-6.736,1549046107449
54,0.288,0.303,0.103,-4.505,-6.541,-8.574,1549046107469
54,0.372,0.182,0.138,-3.983,-6.932,-6.836,1549046107489
54,0.179,0.132,0.18,-4.084,-7.563,-6.441,1549046107509
54,0.112,0.205,0.188,-4.289,-7.25,-6.724,1549046107528
54,0.31,0.176,0.222,-4.482,-5.811,-6.817,1549046107549
55,0.276,0.177,0.292,-4.843,-6.54,-5.69,1549046107569
55,0.096,0.032,0.286,-4.645,-6.944,-6.399,1549046107589
55,0.161,0.051,0.273,-4.858,-6.629,-6.031,1549046107608
55,0.164,-0.043,0.222,-4.671,-6.833,-5.858,1549046107629
55,0.154,-0.085,0.224,-4.905,-6.412,-6.31,1549046107649
55,0.183,-0.178,0.198,-5.123,-6.684,-5.645,1549046107669
55,0.077,-0.279,0.147,-5.014,-6.83,-6.73,1549046107689
55,0.238,-0.335,0.141,-4.892,-7.105,-5.822,1549046107709
55,0.322,-0.361,0.131,-5.322,-5.916,-5.123,1549046107729
55,0.278,-0.243,0.153,-5.335,-6.017,-6.85,1549046107748
56,0.081,-0.351,0.136,-4.492,-6.956,-4.665,1549046107768
56,0.093,-0.204,0.236,-5.705,-5.677,-5.824,1549046107788
56,0.245,-0.193,0.165,-5.637,-6.228,-5.07,1549046107809
56,0.173,-0.23,0.076,-5.819,-7.066,-4.627,1549046107829
56,0.214,-0.322,0.083,-5.44,-7.163,-4.325,1549046107848
56,0.511,-0.15,0.114,-5.951,-6.534,-4.316,1549046107868
56,0.96,-0.135,0.051,-5.436,-6.605,-4.853,1549046107888
56,0.891,-0.015,0.058,-5.575,-6.099,-5.345,1549046107908
56,0.725,-0.062,0.165,-4.752,-6.914,-4.272,1549046107929
56,0.745,-0.113,0.052,-4.616,-8.059,-4.093,1549046107948
56,0.922,0.063,0.174,-4.884,-7.481,-3.27,1549046107969
56,1.04,0.147,0.176,-4.766,-7.912,-6.185,1549046107989
56,0.924,0.348,0.28,-5.719,-6.719,-5.117,1549046108009
56,0.805,0.264,0.457,-6.16,-7.205,-3.849,1549046108029
56,0.626,0.003,0.22,-4.408,-8.33,-3.707,1549046108049
56,0.838,-0.077,0.11,-5.655,-8.331,-4.479,1549046108069
56,1.094,0.314,0.37,-5.24,-7.795,-3.774,1549046108089
56,1.084,0.11,0.409,-5.247,-7.924,-3.22,1549046108109
56,0.938,0.294,0.329,-5.875,-7.761,-5.29,1549046108129
56,0.905,0.336,0.45,-6.282,-5.919,-4.866,1549046108149
56,0.825,0.168,0.523,-5.779,-7.844,-4.0,1549046108169
56,0.467,-0.06,0.339,-5.509,-8.684,-3.425,1549046108189
56,0.623,0.16,0.55,-6.143,-7.732,-4.284,1549046108209
56,0.9,0.114,0.616,-5.911,-7.498,-3.77,1549046108229
56,0.964,0.144,0.7,-6.616,-7.223,-4.051,1549046108249
56,0.799,0.112,0.659,-7.243,-6.511,-4.446,1549046108269
56,0.492,0.11,0.63,-6.993,-6.247,-4.032,1549046108289
56,0.195,0.031,0.705,-5.05,-9.425,-4.988,1549046108309
56,0.045,0.044,0.582,-5.472,-8.362,-3.292,1549046108329
56,0.391,0.391,0.549,-6.862,-6.76,-2.813,1549046108348
56,0.535,0.293,0.479,-6.645,-7.513,-3.688,1549046108369
56,0.596,0.282,0.501,-5.744,-7.704,-3.828,1549046108389
56,0.629,0.267,0.568,-5.342,-6.957,-4.11,1549046108409
56,0.369,0.324,0.456,-5.566,-7.449,-3.903,1549046108428
57,0.172,0.126,0.232,-5.822,-7.291,-2.92,1549046108449
57,0.104,0.083,0.113,-6.487,-7.501,-2.36,1549046108469
57,0.087,0.083,0.059,-6.006,-7.606,-3.325,1549046108489
57,0.501,0.241,0.186,-6.451,-6.799,-3.672,1549046108509
57,0.669,0.292,0.236,-6.33,-6.839,-3.367,1549046108529
57,0.596,0.234,0.306,-5.582,-7.661,-3.39,1549046108549
57,0.39,0.066,0.231,-5.628,-7.233,-2.412,1549046108569
57,0.26,0.225,0.188,-6.985,-6.05,-2.692,1549046108589
57,0.21,0.338,0.089,-7.436,-6.585,-2.419,1549046108609
57,0.246,0.095,0.112,-6.78,-7.927,-2.059,1549046108629
57,0.368,0.087,0.124,-6.285,-8.006,-2.298,1549046108649
57,0.857,0.227,0.233,-6.224,-6.814,-3.237,1549046108669
57,0.936,0.319,0.201,-6.756,-5.96,-3.231,1549046108689
57,0.654,0.287,0.035,-7.426,-6.326,-2.487,1549046108709
57,0.369,0.158,0.043,-6.733,-7.937,-1.976,1549046108729
57,0.39,0.089,0.003,-7.067,-7.652,-2.103,1549046108750
57,0.642,0.389,0.181,-7.176,-6.935,-5.032,1549046108769
57,0.783,0.324,0.196,-6.892,-6.313,-3.44,1549046108789
57,0.504,0.191,0.278,-6.944,-7.051,-2.794,1549046108809
57,0.139,0.304,0.276,-6.961,-7.994,-2.525,1549046108829
57,0.206,0.377,0.34,-6.915,-7.204,-3.176,1549046108849
57,0.434,0.592,0.449,-7.869,-6.015,-3.45,1549046108869
57,0.402,0.486,0.388,-7.506,-7.025,-2.688,1549046108889
57,0.214,0.208,0.267,-6.519,-8.296,-2.23,1549046108909
57,0.395,0.376,0.327,-7.296,-6.686,-3.217,1549046108929
57,0.49,0.483,0.331,-7.107,-7.066,-3.888,1549046108949
57,0.215,0.379,0.239,-6.391,-7.594,-3.136,1549046108970
57,0.047,0.439,0.184,-6.682,-7.531,-2.048,1549046108990
57,-0.012,0.505,0.096,-6.716,-7.256,-2.663,1549046109009
57,0.053,0.645,0.133,-6.874,-6.989,-2.406,1549046109029
57,0.233,0.592,0.143,-6.836,-7.095,-1.623,1549046109050
57,0.214,0.519,0.132,-6.339,-7.148,-1.804,1549046109070
57,0.278,0.403,0.106,-6.144,-7.521,-1.818,1549046109089
57,0.417,0.401,0.113,-6.337,-6.472,-2.549,1549046109110
57,0.517,0.395,0.1,-6.303,-6.706,-1.75,1549046109130
57,0.233,0.229,0.105,-5.612,-8.595,-2.26,1549046109150
57,0.586,0.3,0.105,-6.749,-6.92,-1.988,1549046109170
58,0.653,0.321,0.06,-6.837,-5.929,-3.753,1549046109189
58,0.418,0.208,-0.049,-6.564,-7.485,-1.844,1549046109210
58,0.169,0.172,0.016,-6.032,-7.613,-2.755,1549046109230
58,0.379,0.207,0.041,-6.558,-6.315,-1.791,1549046109249
58,0.502,0.195,0.04,-6.328,-7.655,-2.687,1549046109269
58,0.478,0.236,0.046,-6.497,-6.95,-2.629,1549046109290
58,0.493,0.263,0.032,-6.336,-6.88,-2.06,1549046109310
58,0.384,0.212,0.073,-6.723,-6.342,-2.016,1549046109330
58,0.388,0.197,0.059,-6.531,-7.237,-1.855,1549046109350
58,0.311,0.204,0.087,-6.118,-7.645,-2.293,1549046109369
58,0.457,0.232,0.067,-6.62,-6.92,-1.776,1549046109390
58,0.615,0.215,0.061,-6.606,-6.701,-1.334,1549046109410
59,0.521,0.187,0.088,-6.291,-7.424,-1.918,1549046109430
59,0.373,0.19,0.074,-5.686,-7.211,-2.998,1549046109450
59,0.32,0.177,0.027,-6.742,-6.65,-1.647,1549046109470
59,0.391,0.17,0.086,-6.395,-7.126,-1.571,1549046109490
59,0.41,0.14,0.097,-6.288,-7.54,-0.839,1549046109510
59,0.24,0.115,0.049,-5.903,-8.132,-2.048,1549046109530
59,0.549,0.202,0.002,-6.403,-6.326,-2.299,1549046109550
59,0.502,0.164,0.032,-5.906,-7.338,-1.932,1549046109570
59,0.2,0.08,0.048,-6.063,-7.527,-1.886,1549046109590
59,0.203,0.046,0.032,-5.872,-8.77,-2.464,1549046109610
59,0.473,0.047,-0.018,-6.699,-7.289,-1.711,1549046109630
60,0.685,0.153,0.0,-6.629,-7.424,-1.234,1549046109649
60,0.438,0.164,-0.027,-6.182,-7.82,-1.566,1549046109670
60,0.454,0.153,0.011,-6.211,-7.694,-3.09,1549046109690
60,0.376,0.105,0.013,-6.129,-7.346,-2.671,1549046109710
60,0.252,0.085,-0.022,-6.662,-7.596,-2.103,1549046109730
60,0.311,0.099,-0.07,-6.318,-8.253,-1.158,1549046109750
60,0.292,0.113,-0.119,-6.295,-7.7,-1.832,1549046109770
60,0.197,0.12,-0.175,-6.189,-8.28,-2.329,1549046109789
60,0.337,0.181,-0.232,-6.013,-7.292,-1.265,1549046109810
60,0.303,0.24,-0.234,-5.094,-8.058,-2.312,1549046109830
60,0.146,0.237,-0.215,-4.736,-7.216,-1.641,1549046109850
60,-0.106,0.179,-0.244,-5.194,-8.08,-1.677,1549046109870
61,-0.06,0.163,-0.176,-5.687,-7.973,-1.283,1549046109890
61,0.115,0.15,-0.125,-5.142,-9.023,-1.041,1549046109910
61,0.405,0.255,-0.085,-5.116,-8.094,-1.975,1549046109930
61,0.307,0.329,-0.11,-5.559,-8.009,-2.401,1549046109949
61,0.049,0.274,-0.127,-5.298,-8.508,-1.967,1549046109969
61,-0.151,0.235,-0.174,-5.566,-8.349,-2.166,1549046109990
61,-0.107,0.272,-0.208,-5.995,-7.081,-2.212,1549046110010
61,-0.086,0.274,-0.24,-5.999,-8.153,-1.863,1549046110030
61,-0.036,0.266,-0.219,-5.607,-8.449,-1.834,1549046110051
61,-0.009,0.273,-0.21,-5.979,-7.725,-2.045,1549046110070
61,0.035,0.246,-0.174,-5.954,-7.592,-2.211,1549046110090
61,0.041,0.202,-0.114,-5.988,-7.763,-1.743,1549046110111
62,0.043,0.174,-0.123,-6.735,-8.508,-1.45,1549046110130
62,0.06,0.21,-0.12,-6.456,-7.853,-1.13,1549046110150
62,-0.071,0.186,-0.145,-6.318,-8.171,-2.401,1549046110171
62,-0.16,0.26,-0.16,-6.228,-8.365,-3.377,1549046110191
62,0.058,0.148,-0.234,-5.246,-8.876,-2.633,1549046110210
62,0.237,0.213,-0.254,-5.68,-7.92,-1.229,1549046110230
62,-0.11,0.159,-0.317,-5.834,-8.57,-3.298,1549046110251
62,-0.048,0.086,-0.287,-6.175,-7.74,-2.192,1549046110270
62,-0.291,0.031,-0.27,-5.556,-8.652,-2.83,1549046110290
62,-0.193,0.121,-0.277,-5.704,-8.099,-2.566,1549046110310
62,-0.322,0.164,-0.267,-5.161,-8.109,-2.472,1549046110330
63,-0.415,0.142,-0.23,-5.893,-8.809,-2.962,1549046110351
63,-0.287,0.168,-0.21,-6.016,-8.489,-2.161,1549046110370
63,0.024,0.154,-0.177,-5.454,-8.965,-2.366,1549046110390
63,0.179,0.196,-0.195,-5.68,-7.961,-2.905,1549046110410
63,-0.018,0.165,-0.218,-5.119,-8.375,-1.861,1549046110431
63,-0.208,0.112,-0.22,-5.171,-8.188,-1.46,1549046110450
63,-0.195,0.198,-0.247,-5.824,-9.033,-2.681,1549046110470
63,0.093,0.11,-0.26,-5.243,-8.545,-2.107,1549046110491
63,0.293,0.16,-0.224,-5.375,-8.146,-2.594,1549046110510
63,0.117,0.076,-0.302,-5.241,-8.751,-2.412,1549046110531
63,-0.042,-0.011,-0.307,-4.701,-8.84,-2.204,1549046110550
63,-0.052,0.041,-0.308,-5.381,-8.278,-3.931,1549046110570
63,0.049,0.109,-0.256,-4.695,-8.515,-3.8,1549046110590
64,-0.27,-0.121,-0.18,-4.277,-8.621,-2.842,1549046110610
64,-0.332,-0.091,-0.205,-5.012,-9.538,-2.347,1549046110630
64,-0.117,-0.113,-0.17,-4.785,-8.665,-3.925,1549046110651
64,0.231,0.074,-0.021,-5.053,-7.721,-4.425,1549046110671
64,0.019,-0.14,-0.111,-4.659,-8.841,-3.398,1549046110691
64,-0.147,-0.161,-0.073,-4.378,-8.753,-3.766,1549046110710
64,-0.213,-0.088,-0.031,-4.904,-8.281,-3.208,1549046110731
64,-0.384,-0.165,-0.023,-5.002,-8.766,-3.369,1549046110750
64,-0.314,-0.111,0.019,-4.547,-8.935,-3.159,1549046110770
64,-0.303,-0.095,0.013,-4.435,-8.644,-3.477,1549046110791
65,-0.338,-0.104,-0.017,-4.451,-8.989,-2.479,1549046110811
65,-0.4,-0.116,-0.061,-5.409,-8.507,-2.9,1549046110831
65,-0.021,-0.102,-0.008,-4.776,-8.451,-2.585,1549046110851
65,0.094,-0.146,-0.045,-4.579,-9.38,-2.913,1549046110871
65,-0.036,-0.069,-0.087,-4.666,-8.447,-3.762,1549046110891
65,-0.26,-0.049,-0.149,-4.487,-9.044,-3.056,1549046110911
65,-0.331,-0.102,-0.168,-5.284,-8.143,-3.094,1549046110931
65,-0.076,-0.024,-0.152,-5.1,-8.802,-2.886,1549046110951
65,-0.086,-0.11,-0.144,-4.374,-9.263,-3.518,1549046110971
65,-0.105,0.02,-0.13,-5.263,-8.034,-3.569,1549046110991
66,-0.166,-0.091,-0.164,-4.568,-9.057,-2.896,1549046111010
66,-0.158,-0.072,-0.161,-4.674,-9.141,-3.758,1549046111030
66,-0.06,0.014,-0.14,-4.487,-8.772,-3.462,1549046111050
66,-0.123,-0.053,-0.14,-4.282,-9.222,-3.638,1549046111071
66,-0.103,-0.059,-0.099,-4.351,-8.97,-3.487,1549046111091
66,-0.127,-0.049,-0.098,-4.86,-8.568,-3.357,1549046111111
66,-0.057,-0.07,-0.132,-4.727,-9.164,-3.018,1549046111131
66,0.067,-0.025,-0.107,-4.646,-8.684,-3.827,1549046111151
66,0.058,0.029,-0.078,-4.822,-8.167,-3.402,1549046111171
66,-0.194,-0.072,-0.15,-4.983,-9.095,-2.87,1549046111191
67,-0.14,-0.044,-0.14,-4.804,-9.023,-2.723,1549046111210
67,0.057,0.021,-0.131,-4.845,-9.125,-2.593,1549046111231
67,0.177,0.087,-0.123,-4.803,-8.339,-3.737,1549046111251
67,0.221,0.106,-0.099,-4.537,-8.382,-3.349,1549046111271
67,-0.039,-0.017,-0.189,-4.336,-9.356,-2.982,1549046111291
67,0.021,0.008,-0.158,-4.491,-9.589,-2.362,1549046111311
67,0.232,0.044,-0.132,-4.099,-9.228,-3.703,1549046111331
67,0.356,0.162,-0.052,-4.277,-8.183,-3.869,1549046111351
67,0.06,0.021,-0.158,-4.072,-9.125,-3.551,1549046111371
67,-0.074,-0.03,-0.158,-4.492,-8.95,-3.532,1549046111390
67,0.052,-0.031,-0.142,-4.228,-9.052,-2.94,1549046111411
68,0.047,-0.08,-0.134,-4.227,-9.601,-2.577,1549046111431
68,0.128,0.051,-0.093,-4.298,-8.416,-3.53,1549046111450
68,0.164,0.1,-0.087,-4.633,-8.251,-3.214,1549046111470
68,0.023,0.007,-0.143,-4.098,-9.06,-2.896,1549046111490
68,0.074,0.136,-0.119,-4.34,-9.488,-3.326,1549046111511
68,0.049,0.081,-0.062,-3.773,-8.916,-3.208,1549046111531
68,0.021,0.07,-0.038,-3.863,-9.342,-3.023,1549046111550
68,0.015,0.003,-0.062,-3.875,-9.339,-3.283,1549046111571
68,0.131,0.097,-0.018,-4.47,-8.432,-3.606,1549046111591
68,0.043,0.044,-0.03,-4.565,-8.927,-2.983,1549046111611
69,-0.044,-0.027,-0.049,-4.217,-9.378,-3.1,1549046111631
69,0.048,0.067,-0.021,-4.354,-8.693,-3.132,1549046111651
69,0.022,0.007,-0.078,-4.127,-9.191,-2.769,1549046111671
69,0.081,-0.003,-0.103,-4.13,-9.213,-2.915,1549046111691
69,0.268,0.03,-0.079,-4.047,-8.964,-3.167,1549046111711
69,0.303,0.005,-0.059,-3.679,-9.059,-2.83,1549046111731
69,0.249,-0.07,-0.113,-3.512,-9.609,-2.575,1549046111750
69,0.287,-0.047,-0.129,-3.444,-9.356,-2.438,1549046111771
69,0.382,0.032,-0.16,-3.746,-8.972,-2.719,1549046111791
69,0.313,-0.023,-0.186,-3.857,-9.179,-2.532,1549046111811
69,0.234,-0.143,-0.266,-3.84,-9.366,-1.744,1549046111831
70,0.29,-0.164,-0.276,-3.344,-9.439,-1.717,1549046111851
70,0.492,-0.098,-0.253,-3.169,-9.414,-1.925,1549046111871
70,0.586,0.029,-0.223,-3.95,-9.226,-2.084,1549046111892
70,0.495,-0.105,-0.319,-3.488,-8.798,-0.209,1549046111912
70,0.597,-0.28,-0.376,-3.553,-9.933,-2.154,1549046111931
70,0.86,-0.042,-0.348,-4.592,-9.93,-2.502,1549046111952
70,0.788,-0.165,-0.263,-3.975,-9.976,-2.873,1549046111972
70,0.686,-0.447,-0.338,-3.332,-10.059,-1.773,1549046111992
70,0.757,-0.411,-0.387,-3.495,-9.667,-1.267,1549046112011
70,0.88,-0.225,-0.312,-4.092,-9.402,-1.336,1549046112031
71,0.835,-0.188,-0.274,-4.111,-9.78,-1.605,1549046112051
71,0.816,-0.185,-0.252,-4.211,-9.239,-3.157,1549046112072
71,0.746,-0.153,-0.255,-4.082,-9.144,-2.637,1549046112092
71,0.334,-0.183,-0.155,-4.089,-8.183,-1.953,1549046112112
71,-0.071,-0.172,-0.169,-3.894,-9.346,-0.742,1549046112132
71,0.033,-0.141,-0.206,-3.239,-9.688,-1.093,1549046112152
71,0.359,0.011,-0.156,-3.376,-9.263,-1.892,1549046112171
71,0.27,0.013,-0.125,-3.213,-9.536,-1.629,1549046112191
71,-0.267,-0.047,-0.1,-3.312,-9.559,-0.629,1549046112211
71,-0.437,-0.037,-0.06,-3.126,-9.745,0.085,1549046112232
72,-0.108,0.053,-0.065,-3.126,-10.126,-0.612,1549046112252
72,0.11,0.162,-0.023,-2.91,-9.672,-1.341,1549046112272
72,-0.043,0.053,-0.001,-2.198,-9.365,-1.436,1549046112292
72,-0.204,-0.034,-0.04,-2.985,-9.983,-0.347,1549046112312
72,-0.067,0.037,-0.062,-3.413,-10.162,-0.488,1549046112332
72,0.086,0.059,-0.032,-2.67,-9.471,-1.235,1549046112352
72,0.069,0.058,-0.034,-3.019,-9.966,-0.912,1549046112372
72,-0.061,0.025,-0.046,-3.401,-10.425,-0.717,1549046112392
72,0.03,0.034,-0.003,-2.915,-9.647,-1.433,1549046112411
72,0.102,-0.007,-0.01,-3.326,-9.42,-1.016,1549046112432
73,0.063,-0.043,-0.018,-2.882,-10.045,-0.876,1549046112451
73,0.033,-0.024,-0.004,-3.019,-9.818,-1.027,1549046112472
73,0.059,-0.015,0.006,-3.101,-9.359,-1.143,1549046112492
73,0.031,-0.028,-0.001,-3.194,-9.552,-0.67,1549046112512
73,-0.035,-0.064,-0.013,-2.914,-10.192,-0.49,1549046112531
73,-0.022,0.016,0.002,-3.284,-9.347,-1.211,1549046112552
73,-0.003,0.056,0.018,-3.318,-9.112,-1.348,1549046112572
73,-0.039,-0.02,-0.022,-3.051,-9.96,-0.693,1549046112592
73,0.004,0.0,-0.019,-3.109,-10.198,-0.672,1549046112612
73,0.05,0.03,-0.006,-2.955,-9.883,-0.743,1549046112632
73,0.069,0.047,-0.002,-2.935,-9.733,-0.791,1549046112652
73,0.055,0.058,-0.006,-3.083,-9.642,-1.099,1549046112672
74,0.123,0.056,-0.02,-3.188,-9.576,-1.279,1549046112692
74,0.14,0.02,-0.008,-3.046,-9.547,-0.649,1549046112712
74,0.102,-0.041,-0.019,-2.797,-10.023,-0.587,1549046112732
74,0.104,-0.021,-0.014,-3.018,-10.204,-0.765,1549046112752
74,0.059,0.018,-0.012,-3.394,-9.682,-0.762,1549046112771
74,0.016,0.027,-0.013,-3.397,-9.317,-0.573,1549046112792
74,-0.041,0.007,-0.038,-3.188,-9.852,-0.543,1549046112812
74,0.068,0.039,-0.04,-3.097,-9.617,-1.009,1549046112832
74,0.046,0.036,-0.025,-2.853,-9.68,-1.114,1549046112852
74,-0.044,0.007,-0.01,-2.863,-9.916,-0.965,1549046112871
75,-0.094,-0.031,0.005,-2.856,-9.761,-0.853,1549046112892
75,-0.046,-0.04,0.012,-2.895,-9.792,-0.667,1549046112912
75,0.026,-0.019,0.011,-3.103,-9.688,-0.695,1549046112932
75,0.012,0.0,0.023,-3.087,-9.685,-0.665,1549046112952
75,-0.023,0.011,0.019,-3.026,-9.699,-0.559,1549046112972
75,-0.049,0.035,0.002,-3.088,-9.784,-1.096,1549046112992
75,-0.073,0.034,0.004,-3.295,-9.644,-1.091,1549046113012
75,-0.156,-0.032,-0.007,-3.189,-9.672,-0.822,1549046113032
75,-0.198,-0.095,-0.027,-2.951,-9.986,-0.579,1549046113052
75,-0.097,-0.083,-0.037,-2.962,-10.109,-0.68,1549046113072
76,0.004,-0.05,-0.042,-2.976,-9.995,-0.802,1549046113092
76,0.07,-0.035,-0.061,-2.912,-9.807,-0.878,1549046113111
76,0.014,-0.033,-0.081,-2.844,-9.934,-1.098,1549046113132
76,-0.018,-0.019,-0.09,-2.968,-9.922,-1.192,1549046113152
76,-0.357,-0.02,-0.006,-2.738,-10.348,-1.159,1549046113172
76,-0.348,-0.114,-0.104,-2.463,-9.735,-0.979,1549046113192
76,-0.024,0.008,-0.179,-2.693,-9.984,-1.077,1549046113211
76,0.118,0.071,-0.244,-2.857,-9.858,-1.363,1549046113232
76,0.051,0.133,-0.265,-3.005,-9.629,-1.737,1549046113252
76,-0.472,0.097,-0.248,-3.088,-9.897,-1.9,1549046113272
76,-0.634,0.021,-0.266,-2.865,-9.907,-1.355,1549046113292
77,-0.339,0.054,-0.268,-2.737,-9.871,-0.916,1549046113312
77,-0.05,0.115,-0.316,-2.559,-9.607,-0.939,1549046113332
77,-0.01,0.202,-0.296,-2.437,-9.941,-1.488,1549046113352
77,-0.265,0.234,-0.297,-2.401,-10.66,-1.857,1549046113372
77,-0.155,0.258,-0.387,-2.34,-9.977,-1.823,1549046113392
77,0.114,0.325,-0.36,-2.058,-9.722,-1.217,1549046113412
77,0.07,0.324,-0.347,-2.245,-9.733,-1.235,1549046113432
77,-0.113,0.338,-0.383,-2.249,-10.326,-1.552,1549046113452
77,-0.048,0.332,-0.322,-1.768,-10.186,-1.361,1549046113472
77,0.121,0.455,-0.292,-1.758,-9.755,-1.518,1549046113492
77,-0.044,0.567,-0.309,-1.916,-10.043,-2.088,1549046113512
77,-0.343,0.534,-0.303,-1.838,-10.202,-2.028,1549046113533
77,-0.47,0.544,-0.327,-1.801,-10.086,-1.306,1549046113553
78,-0.497,0.679,-0.235,-1.887,-10.029,-1.684,1549046113572
78,-0.267,0.753,-0.156,-1.504,-10.078,-1.804,1549046113592
78,0.133,0.827,-0.132,-1.322,-9.325,-1.737,1549046113613
78,0.077,0.895,-0.142,-1.717,-9.402,-2.029,1549046113633
78,-0.297,0.805,-0.124,-1.823,-9.682,-2.047,1549046113653
78,-0.444,0.664,-0.115,-1.838,-9.86,-1.848,1549046113673
78,-0.316,0.615,-0.06,-1.503,-10.287,-1.602,1549046113693
78,-0.052,0.591,-0.049,-1.399,-10.428,-1.944,1549046113712
78,0.216,0.641,-0.062,-1.568,-10.211,-2.126,1549046113732
78,0.221,0.625,-0.064,-1.647,-9.978,-1.972,1549046113752
