pack,vx,vy,vz,ax,ay,az,time
1,0.774,0.271,-0.476,-4.38,-5.868,-5.627,1548692061254
1,0.637,0.233,-0.421,-4.477,-6.54,-6.009,1548692061274
1,0.664,0.233,-0.36,-4.059,-6.96,-7.533,1548692061294
1,0.546,0.303,-0.305,-4.345,-7.195,-5.809,1548692061313
1,0.315,0.296,-0.272,-4.727,-6.803,-6.224,1548692061334
1,0.357,0.142,-0.215,-4.804,-7.682,-5.962,1548692061353
1,0.534,0.005,-0.214,-4.848,-7.069,-5.992,1548692061373
1,0.38,-0.018,-0.207,-4.69,-7.627,-6.175,1548692061393
1,0.356,-0.115,-0.195,-4.758,-7.958,-5.793,1548692061414
1,0.371,-0.247,-0.165,-5.099,-7.734,-5.321,1548692061433
2,0.238,-0.37,-0.167,-4.787,-7.044,-6.322,1548692061454
2,0.182,-0.406,-0.131,-4.473,-8.305,-5.491,1548692061473
2,0.167,-0.339,-0.047,-4.321,-7.537,-3.074,1548692061493
2,0.07,-0.288,0.025,-4.746,-8.587,-4.297,1548692061513
2,-0.001,-0.315,0.014,-4.392,-6.699,-4.957,1548692061534
2,0.257,-0.178,0.116,-4.343,-7.776,-3.83,1548692061554
2,0.527,-0.095,0.118,-4.835,-8.162,-4.178,1548692061573
2,0.452,-0.013,0.131,-4.629,-7.608,-4.928,1548692061593
2,0.102,0.047,0.1,-5.023,-7.913,-5.049,1548692061613
2,0.008,-0.049,-0.011,-4.984,-8.253,-4.093,1548692061634
2,0.335,-0.112,-0.076,-4.446,-7.934,-4.548,1548692061653
2,0.528,-0.077,-0.118,-4.152,-8.677,-4.603,1548692061673
2,0.593,-0.03,-0.195,-4.144,-8.463,-4.484,1548692061693
3,0.511,0.03,-0.187,-3.872,-8.05,-4.11,1548692061714
3,0.56,0.127,-0.15,-3.77,-8.657,-4.091,1548692061733
3,0.58,0.201,-0.149,-4.084,-9.165,-3.587,1548692061753
3,0.653,0.252,-0.11,-3.575,-9.185,-4.469,1548692061773
3,0.771,0.213,-0.104,-3.595,-8.765,-4.366,1548692061794
3,0.752,0.217,-0.11,-3.738,-9.392,-4.792,1548692061814
3,0.492,0.178,-0.132,-3.808,-9.234,-4.565,1548692061833
3,0.638,0.136,-0.124,-3.964,-8.813,-4.254,1548692061853
3,0.706,0.094,-0.18,-4.099,-8.521,-4.114,1548692061873
3,0.783,0.08,-0.17,-4.391,-8.639,-4.079,1548692061894
3,0.746,0.054,-0.166,-4.453,-7.887,-4.118,1548692061913
3,0.567,0.076,-0.199,-4.133,-8.537,-3.555,1548692061933
3,0.395,0.102,-0.178,-4.427,-8.793,-3.62,1548692061953
4,0.252,0.112,-0.166,-4.134,-8.111,-3.104,1548692061973
4,0.379,0.114,-0.127,-4.229,-9.013,-3.837,1548692061993
4,0.501,0.064,-0.179,-4.23,-8.343,-3.747,1548692062014
4,0.635,0.062,-0.173,-3.945,-8.738,-3.486,1548692062033
4,0.28,0.088,-0.156,-4.017,-9.327,-3.044,1548692062053
4,0.144,0.07,-0.116,-4.003,-8.997,-3.564,1548692062073
4,0.224,0.02,-0.08,-4.109,-9.058,-2.623,1548692062094
4,0.269,0.039,-0.036,-4.058,-10.061,-2.717,1548692062114
4,0.115,0.06,-0.015,-4.447,-9.933,-4.503,1548692062134
4,0.043,0.106,0.294,-3.246,-8.876,-3.024,1548692062153
4,0.348,0.071,0.43,-4.015,-8.731,-3.267,1548692062173
4,0.168,-0.012,0.307,-4.299,-8.456,-3.224,1548692062193
4,0.012,-0.011,0.083,-4.756,-7.565,-2.608,1548692062213
4,0.133,-0.096,-0.454,-3.806,-10.773,-2.814,1548692062232
5,0.05,-0.048,-0.313,-2.621,-13.231,-3.482,1548692062253
5,0.063,0.007,-0.119,-3.508,-9.294,-2.563,1548692062273
5,0.268,-0.043,-0.092,-3.59,-10.405,-2.51,1548692062292
5,0.192,-0.128,-0.117,-3.119,-10.115,-2.656,1548692062313
5,0.094,-0.098,0.034,-3.665,-9.066,-2.982,1548692062332
5,0.081,-0.089,-0.006,-3.603,-9.501,-3.0,1548692062353
5,0.119,-0.115,-0.036,-3.364,-9.748,-2.88,1548692062373
5,0.153,-0.1,-0.069,-3.588,-9.231,-2.955,1548692062393
5,0.162,-0.09,-0.095,-3.622,-8.701,-3.02,1548692062413
5,0.194,-0.049,-0.082,-3.532,-8.991,-2.954,1548692062433
5,0.191,-0.028,-0.092,-3.509,-8.846,-3.265,1548692062453
5,0.135,-0.007,-0.092,-3.434,-8.987,-2.899,1548692062473
5,0.061,0.013,-0.117,-3.457,-8.635,-3.173,1548692062493
5,0.097,0.031,-0.148,-3.4,-8.682,-2.741,1548692062512
6,0.176,0.051,-0.183,-3.181,-9.148,-2.535,1548692062533
6,0.206,0.059,-0.233,-3.275,-8.833,-2.423,1548692062553
6,0.179,0.097,-0.244,-3.185,-8.737,-2.796,1548692062573
6,0.094,0.169,-0.263,-3.126,-8.938,-3.025,1548692062592
6,0.011,0.252,-0.265,-3.119,-9.813,-3.207,1548692062613
6,-0.14,0.274,-0.217,-3.269,-9.32,-2.355,1548692062632
6,-0.279,0.155,-0.205,-3.641,-9.214,-1.781,1548692062652
6,-0.08,0.116,-0.089,-3.346,-9.554,-2.329,1548692062673
6,0.11,0.121,-0.089,-3.478,-9.247,-2.301,1548692062692
6,0.173,0.174,-0.046,-3.344,-9.252,-2.366,1548692062713
6,0.047,0.233,-0.006,-2.935,-9.222,-3.099,1548692062733
7,0.011,0.246,0.026,-2.853,-9.808,-2.863,1548692062753
7,0.063,0.243,0.025,-2.875,-10.139,-2.808,1548692062773
7,0.108,0.228,0.0,-2.808,-9.721,-2.919,1548692062793
7,0.106,0.207,-0.007,-2.894,-9.582,-3.03,1548692062812
7,0.129,0.176,-0.019,-3.17,-9.924,-3.108,1548692062833
7,0.081,0.143,-0.051,-3.326,-9.559,-3.093,1548692062852
7,0.157,0.112,-0.057,-3.323,-9.226,-3.207,1548692062872
7,0.134,0.089,-0.053,-3.372,-9.601,-3.48,1548692062892
7,0.065,0.102,-0.043,-3.454,-9.658,-3.173,1548692062912
7,-0.024,0.077,-0.044,-3.839,-9.369,-2.787,1548692062932
7,-0.097,0.008,-0.107,-2.718,-9.41,-2.811,1548692062952
7,0.034,-0.032,-0.066,-3.031,-9.677,-2.564,1548692062972
7,0.083,-0.01,-0.059,-2.475,-9.597,-2.524,1548692062992
8,0.022,-0.035,-0.201,-2.381,-9.557,-2.931,1548692063013
8,-0.029,0.011,-0.189,-2.78,-8.92,-3.39,1548692063033
8,-0.213,0.059,-0.251,-2.855,-8.797,-3.087,1548692063052
8,-0.22,0.025,-0.235,-2.719,-10.299,-3.424,1548692063073
8,-0.196,-0.045,-0.289,-2.318,-9.256,-3.12,1548692063093
8,-0.086,-0.103,-0.332,-2.15,-9.759,-2.749,1548692063113
8,-0.143,-0.139,-0.352,-2.081,-9.588,-3.295,1548692063133
8,0.04,-0.142,-0.315,-2.836,-9.029,-2.911,1548692063153
8,0.065,-0.092,-0.267,-2.818,-8.997,-3.218,1548692063173
8,-0.129,-0.072,-0.265,-2.783,-9.038,-3.014,1548692063192
8,-0.231,-0.044,-0.229,-2.924,-9.216,-2.587,1548692063213
8,-0.184,-0.038,-0.168,-1.654,-9.175,-3.411,1548692063232
8,-0.08,-0.079,-0.156,-1.633,-9.858,-3.301,1548692063252
9,-0.111,-0.105,-0.16,-3.058,-9.519,-2.996,1548692063272
9,-0.143,-0.027,-0.073,-3.147,-9.089,-2.357,1548692063292
9,-0.174,0.047,-0.082,-2.999,-8.829,-2.631,1548692063313
9,-0.084,0.064,-0.118,-3.012,-9.329,-3.195,1548692063333
9,-0.046,-0.022,-0.117,-2.161,-9.741,-2.304,1548692063353
9,0.166,-0.065,-0.15,-2.883,-10.487,-1.8,1548692063373
9,0.187,-0.063,-0.132,-2.806,-9.579,-1.875,1548692063393
9,0.177,-0.024,-0.108,-2.355,-9.647,-2.66,1548692063413
9,0.146,0.012,-0.078,-2.633,-9.265,-2.602,1548692063432
9,0.212,0.084,0.007,-2.336,-10.065,-2.729,1548692063453
9,0.116,0.097,0.044,-1.99,-10.423,-2.799,1548692063472
10,0.157,0.123,0.044,-1.996,-10.192,-2.999,1548692063492
10,0.155,0.11,0.03,-2.262,-9.957,-2.354,1548692063513
10,0.136,0.115,0.052,-2.113,-10.049,-3.168,1548692063532
10,0.17,0.077,0.036,-2.392,-9.595,-2.825,1548692063552
10,0.239,0.072,0.021,-2.721,-9.865,-2.67,1548692063572
10,0.269,0.043,0.009,-2.582,-9.633,-2.682,1548692063592
10,0.365,0.018,-0.022,-2.328,-9.375,-2.88,1548692063612
10,0.264,0.013,-0.044,-1.819,-9.772,-3.587,1548692063633
10,0.121,0.024,-0.036,-2.886,-9.852,-2.376,1548692063652
10,-0.171,0.047,-0.066,-1.217,-9.533,-2.86,1548692063672
10,0.069,0.0,-0.077,-2.223,-10.107,-2.786,1548692063693
10,0.081,-0.013,-0.065,-2.127,-9.158,-2.235,1548692063713
10,0.071,-0.017,-0.082,-1.788,-9.951,-2.56,1548692063732
11,-0.008,-0.027,-0.06,-1.908,-9.928,-2.92,1548692063752
11,0.055,0.008,-0.04,-1.78,-10.21,-2.332,1548692063772
11,0.037,-0.008,-0.031,-1.904,-10.266,-2.491,1548692063792
11,0.049,0.005,-0.024,-1.917,-10.078,-2.116,1548692063811
11,0.139,0.029,-0.02,-2.032,-10.116,-1.838,1548692063832
11,0.114,0.039,-0.016,-2.138,-9.788,-2.574,1548692063852
11,0.144,0.066,-0.033,-2.106,-9.659,-2.666,1548692063872
11,0.177,0.092,-0.033,-2.086,-9.732,-2.41,1548692063892
11,0.125,0.111,-0.039,-2.064,-9.89,-2.394,1548692063912
11,0.084,0.118,-0.041,-1.698,-10.014,-2.37,1548692063932
11,0.084,0.11,-0.082,-2.058,-9.533,-2.266,1548692063952
11,0.059,0.145,-0.115,-1.743,-9.682,-2.619,1548692063972
12,0.118,0.156,-0.144,-1.894,-10.254,-2.595,1548692063992
12,0.092,0.148,-0.205,-1.936,-9.458,-2.814,1548692064013
12,0.063,0.143,-0.215,-1.823,-10.148,-2.375,1548692064032
12,-0.021,0.106,-0.203,-2.143,-10.454,-2.498,1548692064053
12,-0.002,0.06,-0.21,-1.769,-9.74,-2.713,1548692064072
12,0.131,0.019,-0.213,-1.9,-10.271,-2.574,1548692064093
12,0.202,0.012,-0.214,-2.101,-9.62,-2.905,1548692064112
12,0.239,0.008,-0.174,-2.381,-9.596,-2.387,1548692064131
12,0.077,-0.036,-0.125,-2.049,-9.832,-2.583,1548692064152
12,0.109,-0.078,-0.125,-2.03,-10.061,-1.988,1548692064172
13,0.189,-0.076,-0.108,-1.894,-10.221,-1.918,1548692064192
13,0.205,-0.057,-0.061,-1.707,-9.76,-2.362,1548692064212
13,0.229,-0.025,-0.017,-1.669,-10.201,-2.789,1548692064232
13,0.343,-0.033,-0.014,-1.533,-10.523,-1.624,1548692064252
13,0.326,-0.048,0.0,-1.46,-10.105,-0.94,1548692064272
13,0.124,-0.016,-0.015,-1.503,-10.552,-1.666,1548692064292
13,0.063,-0.022,-0.031,-1.357,-9.735,-2.35,1548692064312
13,0.188,-0.023,-0.069,-1.267,-9.426,-2.299,1548692064332
13,0.23,-0.044,-0.109,-1.6,-9.926,-1.454,1548692064352
13,0.162,-0.075,-0.151,-1.776,-10.247,-1.493,1548692064372
13,0.19,-0.096,-0.178,-1.625,-10.364,-1.804,1548692064392
13,0.261,-0.119,-0.231,-1.627,-9.338,-2.314,1548692064412
13,0.255,-0.08,-0.23,-1.929,-9.097,-2.065,1548692064432
14,0.018,-0.079,-0.22,-1.683,-10.148,-1.665,1548692064451
14,-0.123,-0.124,-0.203,-1.626,-9.853,-1.573,1548692064471
14,-0.036,-0.112,-0.155,-1.976,-9.482,-1.398,1548692064491
14,-0.068,-0.068,-0.15,-1.767,-10.058,-1.477,1548692064512
14,-0.171,-0.092,-0.119,-1.805,-9.64,-1.023,1548692064531
14,-0.012,-0.059,-0.05,-1.648,-10.202,-1.16,1548692064551
14,0.078,-0.011,-0.053,-1.549,-9.793,-1.656,1548692064571
14,0.078,0.053,0.008,-1.111,-9.893,-2.032,1548692064592
14,-0.057,0.09,0.013,-1.042,-10.396,-1.632,1548692064612
14,-0.029,0.114,0.002,-0.901,-10.184,-1.573,1548692064631
14,0.09,0.107,0.004,-0.926,-10.104,-1.454,1548692064652
14,0.14,0.083,-0.019,-1.135,-10.223,-1.516,1548692064672
14,0.144,0.068,-0.043,-1.013,-10.246,-1.68,1548692064692
14,0.196,0.053,-0.066,-0.905,-10.293,-1.759,1548692064712
15,0.246,0.024,-0.084,-1.103,-10.318,-1.535,1548692064731
15,0.247,0.011,-0.077,-1.288,-10.345,-1.561,1548692064752
15,0.308,-0.005,-0.06,-1.366,-10.099,-1.632,1548692064772
15,0.285,0.0,-0.043,-1.441,-10.356,-1.484,1548692064791
15,0.335,-0.014,-0.029,-1.289,-9.926,-0.829,1548692064811
15,0.437,0.003,-0.006,-1.035,-9.327,-0.687,1548692064831
15,0.362,0.036,-0.032,-1.297,-10.036,-0.81,1548692064851
15,0.315,0.059,-0.074,-1.472,-10.796,-1.104,1548692064871
15,0.413,0.073,-0.039,-1.023,-10.981,-0.929,1548692064891
15,0.366,0.092,0.024,-1.223,-10.32,-1.135,1548692064912
15,0.32,0.096,0.065,-0.909,-10.022,-0.471,1548692064932
15,0.296,0.049,0.073,-0.819,-9.909,0.18,1548692064951
15,0.174,0.021,0.005,-0.721,-10.176,-0.504,1548692064971
15,0.159,0.032,-0.052,-1.163,-9.579,-1.571,1548692064991
16,0.237,0.081,-0.056,-1.245,-9.871,-0.892,1548692065011
16,0.136,0.087,-0.065,-1.235,-10.5,-1.14,1548692065032
16,-0.034,0.071,-0.068,-1.068,-9.951,-1.085,1548692065051
16,0.201,0.076,-0.092,-1.138,-9.31,-1.199,1548692065072
16,0.445,0.091,-0.117,-1.373,-9.303,-0.568,1548692065091
16,0.126,0.105,-0.058,-1.707,-10.458,-1.229,1548692065111
16,-0.557,0.09,0.02,-2.005,-11.353,-1.769,1548692065131
16,-0.805,0.07,0.129,-1.478,-11.223,-1.334,1548692065152
16,-0.256,0.015,0.188,-0.916,-9.89,-0.138,1548692065171
16,0.171,0.005,0.195,-1.203,-9.893,0.43,1548692065191
16,0.055,0.046,0.144,-1.593,-10.121,0.073,1548692065212
16,-0.08,0.095,0.103,-1.474,-10.524,-0.33,1548692065232
17,-0.01,0.104,0.065,-1.51,-10.214,-0.858,1548692065252
17,0.122,0.097,0.043,-1.439,-10.018,-1.793,1548692065272
17,0.063,0.053,0.029,-1.151,-10.008,-1.911,1548692065291
17,-0.024,-0.026,0.001,-1.015,-9.98,-1.419,1548692065312
17,-0.002,-0.043,-0.029,-0.736,-10.003,-0.572,1548692065331
17,0.105,-0.054,-0.047,-1.007,-10.136,-0.22,1548692065351
17,0.148,0.018,-0.045,-1.631,-10.305,-0.604,1548692065371
17,0.194,0.053,-0.027,-1.426,-10.072,-0.883,1548692065391
17,0.217,0.056,-0.003,-1.503,-9.982,-0.901,1548692065411
17,0.081,0.067,0.006,-1.701,-10.24,-0.768,1548692065431
17,-0.083,0.071,0.005,-1.472,-10.641,-0.624,1548692065451
17,-0.084,0.062,-0.005,-1.198,-10.606,-0.611,1548692065471
18,0.03,0.077,-0.016,-1.207,-10.264,-0.649,1548692065491
18,0.126,0.091,-0.052,-1.245,-9.916,-0.874,1548692065511
18,0.027,0.051,-0.058,-0.923,-9.828,-0.436,1548692065531
18,-0.15,0.029,-0.07,-1.169,-10.39,-0.752,1548692065551
18,-0.222,0.055,-0.09,-1.167,-10.268,-1.269,1548692065571
18,-0.113,0.0,-0.078,-0.95,-10.186,-1.234,1548692065592
18,-0.013,-0.032,-0.041,-0.963,-10.092,-0.937,1548692065612
18,-0.054,-0.05,-0.066,-1.22,-9.957,-0.678,1548692065630
18,-0.202,-0.021,-0.078,-1.25,-10.318,-0.94,1548692065651
18,-0.167,-0.017,-0.071,-1.111,-10.327,-0.901,1548692065670
18,0.036,0.012,-0.049,-1.241,-9.945,-1.104,1548692065691
18,0.054,0.03,-0.018,-1.105,-9.814,-1.123,1548692065711
18,-0.071,0.017,-0.017,-1.22,-10.084,-1.312,1548692065731
19,-0.163,0.016,-0.05,-1.254,-10.301,-1.137,1548692065751
19,-0.147,0.018,-0.023,-1.248,-10.252,-0.958,1548692065771
19,-0.087,0.059,-0.015,-1.101,-10.412,-1.212,1548692065791
19,-0.153,0.069,-0.002,-1.093,-10.029,-1.249,1548692065811
19,-0.244,0.047,0.053,-1.157,-10.455,-0.92,1548692065831
19,-0.176,0.039,0.02,-1.068,-9.711,-0.964,1548692065851
19,-0.101,0.057,0.038,-1.279,-9.732,-1.117,1548692065871
19,-0.111,0.059,0.009,-1.316,-10.253,-1.0,1548692065891
19,-0.086,0.037,-0.002,-1.774,-10.17,-0.958,1548692065911
19,0.0,0.068,-0.015,-1.543,-10.486,-1.033,1548692065931
19,0.049,0.084,0.063,-1.319,-10.003,-1.036,1548692065951
19,0.013,0.127,0.092,-1.237,-10.22,-1.078,1548692065970
19,-0.116,0.084,0.057,-0.819,-10.292,-1.04,1548692065990
20,-0.169,0.056,0.019,-1.001,-9.972,-1.187,1548692066011
20,-0.133,0.076,-0.006,-1.059,-10.13,-1.294,1548692066030
20,-0.131,0.059,-0.005,-1.031,-10.449,-1.423,1548692066050
20,-0.178,0.033,0.001,-1.047,-10.14,-1.369,1548692066071
20,-0.213,0.031,0.001,-1.125,-9.816,-1.379,1548692066090
20,-0.317,0.037,0.007,-1.168,-10.076,-1.606,1548692066111
20,-0.387,0.033,0.007,-1.288,-10.279,-1.722,1548692066131
20,-0.273,0.039,0.001,-1.203,-9.999,-1.566,1548692066150
20,-0.182,0.06,0.006,-1.345,-9.671,-1.192,1548692066171
20,-0.344,0.09,0.016,-1.154,-10.126,-1.684,1548692066190
20,-0.597,0.052,0.018,-1.229,-10.129,-1.898,1548692066210
20,-0.612,0.069,0.031,-0.862,-10.136,-2.223,1548692066230
20,-0.551,0.082,0.056,-0.813,-9.858,-2.344,1548692066251
20,-0.68,0.168,0.144,-1.469,-9.707,-1.655,1548692066270
21,-1.076,0.182,0.127,-1.264,-11.186,-2.207,1548692066291
21,-0.897,0.034,0.064,-1.057,-10.666,-2.863,1548692066311
21,-0.234,0.024,0.139,-1.2,-11.393,-2.716,1548692066330
21,0.127,0.037,0.268,-1.295,-9.114,-1.435,1548692066351
21,-0.321,0.158,0.204,-1.766,-10.022,-2.767,1548692066370
21,-1.706,0.153,0.251,-2.1,-10.276,-4.616,1548692066391
21,-1.894,0.233,0.296,-2.218,-10.61,-4.41,1548692066411
21,-0.974,0.16,0.329,-2.237,-10.074,-3.327,1548692066430
21,-0.196,0.059,0.332,-1.816,-9.999,-4.02,1548692066451
21,0.1,-0.108,0.391,-2.162,-9.27,-4.152,1548692066471
21,0.103,-0.165,0.47,-1.666,-7.712,-3.208,1548692066491
21,-0.228,-0.101,0.398,-1.112,-7.863,-3.719,1548692066510
21,-0.48,-0.074,0.293,-1.399,-7.749,-4.132,1548692066530
21,-0.767,-0.029,0.213,-2.212,-8.446,-5.151,1548692066550
21,-1.224,-0.082,0.194,-2.233,-9.332,-4.084,1548692066570
21,-1.425,-0.13,0.25,-1.917,-11.673,-2.072,1548692066590
22,-1.041,-0.103,0.27,-1.711,-9.253,-2.412,1548692066610
22,-0.548,0.018,0.414,-1.727,-7.398,-3.478,1548692066631
22,-0.385,0.067,0.333,-1.913,-8.622,-3.987,1548692066650
22,-0.57,0.129,0.223,-2.626,-9.598,-4.259,1548692066671
22,-0.531,0.153,0.223,-2.647,-9.634,-4.969,1548692066691
22,-0.449,0.112,0.236,-2.678,-9.352,-5.207,1548692066711
22,-0.164,0.092,0.241,-2.858,-8.728,-5.261,1548692066731
22,0.136,0.04,0.217,-2.488,-9.101,-4.548,1548692066750
22,0.118,-0.048,0.216,-2.865,-8.99,-4.776,1548692066770
22,-0.008,-0.068,0.243,-2.846,-10.259,-4.398,1548692066790
22,0.003,-0.113,0.252,-3.021,-9.541,-3.788,1548692066810
22,-0.021,-0.107,0.246,-2.782,-9.275,-4.297,1548692066830
22,-0.025,-0.107,0.244,-3.013,-8.2,-6.323,1548692066850
22,0.069,-0.112,0.271,-2.553,-8.468,-4.766,1548692066870
23,0.172,-0.075,0.296,-2.696,-9.605,-5.251,1548692066890
23,-0.004,-0.068,0.388,-3.046,-8.99,-5.059,1548692066910
23,-0.075,-0.025,0.449,-3.157,-9.021,-4.948,1548692066930
23,-0.042,-0.056,0.472,-3.506,-8.435,-5.978,1548692066950
23,0.085,-0.073,0.515,-3.487,-8.77,-6.022,1548692066971
23,-0.045,-0.103,0.574,-3.502,-8.325,-5.935,1548692066990
23,0.036,-0.158,0.625,-3.637,-8.566,-5.392,1548692067009
23,-0.001,-0.217,0.634,-3.761,-8.383,-4.919,1548692067030
23,0.016,-0.292,0.646,-4.076,-7.302,-6.036,1548692067050
23,-0.025,-0.381,0.577,-3.822,-7.582,-5.109,1548692067070
23,-0.212,-0.417,0.476,-3.976,-8.206,-5.636,1548692067090
23,-0.275,-0.39,0.341,-4.072,-8.13,-6.121,1548692067109
23,-0.332,-0.329,0.2,-3.614,-6.609,-5.451,1548692067129
24,-0.285,-0.249,0.095,-3.889,-5.133,-5.756,1548692067149
24,-0.226,-0.198,-0.002,-3.736,-7.986,-6.299,1548692067170
24,-0.56,-0.228,-0.027,-4.164,-7.974,-5.687,1548692067190
24,-0.554,-0.142,0.085,-3.617,-5.428,-4.742,1548692067210
24,-0.54,-0.081,0.126,-4.251,-6.685,-5.274,1548692067229
24,-0.774,-0.012,0.205,-4.908,-5.784,-6.707,1548692067250
24,-0.586,0.056,0.293,-4.706,-6.774,-5.498,1548692067270
24,-0.429,0.049,0.322,-5.099,-7.048,-4.659,1548692067289
24,-0.514,0.076,0.419,-4.61,-6.52,-5.247,1548692067309
24,-0.448,0.121,0.485,-4.228,-6.127,-5.889,1548692067329
24,-0.413,0.163,0.538,-4.153,-6.725,-5.649,1548692067349
25,-0.177,0.21,0.518,-5.078,-8.27,-5.945,1548692067369
25,-0.16,0.267,0.517,-4.47,-6.978,-5.044,1548692067390
25,-0.006,0.247,0.512,-4.648,-5.852,-6.341,1548692067409
25,0.206,0.337,0.452,-4.737,-8.257,-5.255,1548692067430
25,0.256,0.353,0.284,-5.072,-8.137,-4.766,1548692067449
25,0.403,0.363,0.257,-4.643,-8.331,-5.626,1548692067470
25,0.451,0.34,0.178,-4.712,-7.216,-5.902,1548692067489
25,0.641,0.275,0.122,-4.684,-6.249,-5.266,1548692067510
25,0.867,0.193,-0.029,-4.939,-8.071,-5.436,1548692067530
25,0.709,0.086,-0.119,-4.922,-7.888,-4.94,1548692067549
25,0.743,-0.042,-0.111,-4.292,-7.515,-5.163,1548692067569
25,0.749,-0.117,-0.209,-5.284,-9.514,-5.72,1548692067590
25,0.768,-0.058,-0.269,-6.109,-8.045,-4.479,1548692067609
25,1.083,-0.068,-0.244,-5.65,-7.495,-3.588,1548692067629
25,0.95,-0.161,-0.277,-5.399,-7.539,-3.609,1548692067649
25,0.774,-0.21,-0.28,-6.117,-8.895,-6.657,1548692067670
25,0.659,-0.286,-0.177,-5.722,-8.221,-3.912,1548692067690
25,0.372,-0.353,-0.095,-5.78,-9.848,-3.382,1548692067710
26,0.112,-0.279,0.032,-4.527,-8.835,-4.1,1548692067730
26,0.703,-0.297,0.109,-4.411,-8.481,-5.096,1548692067749
26,0.615,-0.371,0.162,-6.043,-9.245,-3.474,1548692067769
26,0.707,-0.396,0.333,-5.242,-9.852,-2.563,1548692067789
26,0.629,-0.532,0.328,-5.855,-8.602,-3.378,1548692067810
26,0.729,-0.51,0.368,-5.694,-9.327,-5.152,1548692067829
26,0.856,-0.579,0.368,-6.179,-8.639,-3.287,1548692067849
26,0.595,-0.6,0.445,-5.156,-9.152,-4.239,1548692067869
26,0.157,-0.699,0.351,-6.666,-8.505,-3.312,1548692067889
26,-0.202,-0.724,0.409,-5.418,-9.421,-3.683,1548692067909
26,-0.107,-0.802,0.296,-6.347,-7.615,-2.869,1548692067930
26,0.206,-0.775,0.337,-6.153,-7.23,-2.932,1548692067949
27,0.218,-0.744,0.372,-6.175,-8.613,-2.449,1548692067970
27,-0.002,-0.72,0.38,-6.124,-7.989,-2.174,1548692067989
27,0.026,-0.595,0.382,-6.013,-8.252,-1.825,1548692068009
27,0.107,-0.483,0.348,-5.991,-8.62,-1.074,1548692068029
27,0.317,-0.416,0.33,-6.343,-7.162,-0.817,1548692068050
27,0.433,-0.286,0.31,-5.885,-7.44,-2.713,1548692068070
27,0.433,-0.277,0.239,-5.898,-7.173,-2.168,1548692068089
27,0.675,-0.22,0.217,-5.39,-7.799,-2.398,1548692068109
27,0.271,-0.192,0.079,-5.054,-8.168,-0.993,1548692068128
27,0.055,-0.218,-0.007,-5.002,-6.941,-1.784,1548692068148
27,0.191,-0.215,-0.075,-5.133,-7.965,-3.237,1548692068168
27,0.211,-0.114,-0.124,-5.288,-7.375,-0.214,1548692068189
27,0.143,0.094,0.026,-4.724,-8.632,-1.233,1548692068209
28,0.206,0.204,0.069,-4.266,-7.105,-2.896,1548692068229
28,0.169,0.298,0.049,-3.246,-8.571,-3.073,1548692068249
28,-0.155,0.402,0.054,-3.573,-9.333,-1.554,1548692068268
28,-0.066,0.448,0.01,-4.328,-8.226,-1.321,1548692068289
28,-0.037,0.419,-0.087,-4.696,-8.13,-0.367,1548692068309
28,-0.188,0.452,-0.145,-3.919,-7.108,-3.461,1548692068329
28,-0.348,0.41,-0.22,-5.849,-8.552,-1.5,1548692068349
28,-0.277,0.38,-0.243,-5.688,-8.144,-0.467,1548692068368
28,-0.249,0.338,-0.285,-5.684,-7.515,-0.754,1548692068389
28,-0.091,0.299,-0.305,-5.002,-6.786,-1.666,1548692068408
28,0.099,0.325,-0.275,-4.692,-8.835,-2.422,1548692068429
28,0.205,0.363,-0.238,-4.524,-10.389,-0.582,1548692068449
28,0.543,0.294,-0.19,-4.704,-8.713,-2.137,1548692068469
29,0.555,0.255,-0.217,-5.65,-9.017,-0.945,1548692068489
29,0.632,0.139,-0.259,-5.243,-7.665,-2.744,1548692068509
29,0.559,0.206,-0.267,-5.259,-9.177,-1.046,1548692068529
29,0.271,0.327,-0.243,-5.152,-9.541,-1.624,1548692068549
29,-0.025,0.39,-0.22,-4.759,-10.731,-2.247,1548692068569
29,0.155,0.421,-0.239,-4.521,-9.366,-1.705,1548692068589
29,0.324,0.524,-0.313,-5.148,-7.849,-1.518,1548692068608
29,0.373,0.628,-0.254,-4.498,-9.893,-1.192,1548692068629
29,0.169,0.628,-0.245,-5.066,-8.675,-1.253,1548692068648
29,0.216,0.617,-0.163,-4.446,-10.262,-1.356,1548692068669
29,0.313,0.615,-0.166,-4.154,-10.53,-1.318,1548692068688
29,0.526,0.675,-0.165,-4.22,-8.76,-1.85,1548692068709
30,0.33,0.694,-0.128,-4.022,-8.594,-2.863,1548692068729
30,0.209,0.581,-0.123,-3.99,-9.727,-2.994,1548692068748
30,0.285,0.445,-0.123,-3.867,-10.471,-1.459,1548692068768
30,0.51,0.385,-0.17,-3.534,-8.798,-0.68,1548692068788
30,0.438,0.416,-0.159,-3.169,-9.44,-1.93,1548692068808
30,0.179,0.435,-0.111,-3.56,-9.134,-2.696,1548692068829
30,0.183,0.396,-0.115,-3.475,-9.641,-3.105,1548692068849
30,0.294,0.285,-0.142,-3.481,-10.017,0.165,1548692068869
30,0.361,0.194,-0.156,-2.968,-8.854,-2.369,1548692068888
30,0.151,0.213,-0.141,-3.969,-9.307,-2.457,1548692068908
30,0.228,0.228,-0.04,-3.445,-8.522,-3.424,1548692068928
30,0.198,0.171,-0.078,-3.638,-9.736,-1.738,1548692068948
31,0.33,0.694,-0.128,-3.706,-9.048,-1.901,1548692068968
31,0.229,0.141,-0.07,-3.947,-9.219,-1.967,1548692068988
31,0.182,0.147,-0.049,-4.105,-8.54,-1.945,1548692069009
31,-0.061,0.164,-0.048,-4.239,-7.895,-2.244,1548692069028
31,-0.019,0.174,-0.077,-3.839,-9.245,-1.285,1548692069048
31,0.044,0.158,-0.14,-4.123,-8.984,-1.312,1548692069068
31,-0.114,0.138,-0.183,-3.961,-8.881,-1.763,1548692069088
31,-0.167,0.136,-0.211,-3.327,-8.976,-1.419,1548692069109
31,-0.073,0.108,-0.316,-3.319,-9.747,-1.474,1548692069128
31,0.039,0.062,-0.4,-2.801,-9.972,-2.254,1548692069148
31,0.13,0.048,-0.398,-3.052,-8.749,-2.078,1548692069168
31,0.059,0.085,-0.373,-3.598,-9.866,-1.459,1548692069189
31,0.09,0.134,-0.329,-3.506,-10.07,-1.503,1548692069208
31,0.028,0.093,-0.305,-3.746,-9.677,-1.742,1548692069228
32,0.222,0.034,-0.298,-3.202,-10.397,-1.216,1548692069248
32,0.398,0.013,-0.257,-3.327,-10.297,-1.987,1548692069268
32,0.428,-0.01,-0.233,-3.225,-10.571,-2.745,1548692069288
32,0.44,-0.017,-0.198,-3.426,-9.303,-2.295,1548692069308
32,0.346,-0.053,-0.157,-2.927,-10.395,-1.662,1548692069328
32,0.345,-0.029,-0.118,-3.047,-10.381,-1.434,1548692069348
32,0.331,-0.021,-0.054,-3.506,-10.253,-1.673,1548692069368
32,0.277,-0.005,0.013,-3.346,-10.411,-1.797,1548692069388
32,0.184,0.033,0.041,-3.677,-10.135,-1.311,1548692069408
32,0.275,0.051,0.018,-3.942,-9.943,-0.324,1548692069428
32,0.442,0.013,-0.002,-3.939,-9.878,-0.364,1548692069448
32,0.403,-0.04,-0.009,-3.773,-10.153,-0.707,1548692069469
32,0.336,-0.075,-0.015,-3.701,-9.664,-0.861,1548692069489
33,0.5,-0.074,-0.03,-3.47,-9.849,-0.602,1548692069508
33,0.722,-0.05,-0.061,-3.707,-9.428,-0.49,1548692069527
33,0.474,-0.068,-0.049,-3.49,-10.171,-0.805,1548692069548
33,0.32,-0.017,-0.006,-3.494,-9.179,-0.636,1548692069568
33,0.432,0.023,-0.017,-3.496,-9.316,-0.591,1548692069588
33,0.483,0.048,-0.036,-3.215,-9.277,-1.513,1548692069607
33,0.342,0.073,-0.021,-3.331,-9.17,-0.652,1548692069628
33,0.352,0.11,-0.015,-3.101,-9.741,-0.846,1548692069648
33,0.376,0.141,0.014,-3.26,-9.006,-0.693,1548692069668
33,0.29,0.09,-0.014,-3.363,-8.662,-2.17,1548692069688
33,0.221,0.093,-0.029,-3.182,-9.063,-1.323,1548692069708
34,0.206,0.076,-0.052,-3.201,-9.548,-0.053,1548692069728
34,0.343,0.001,-0.118,-3.154,-9.025,-0.916,1548692069748
34,0.206,-0.088,-0.154,-2.978,-8.635,-1.419,1548692069768
34,0.057,-0.112,-0.174,-3.114,-9.265,-0.389,1548692069788
34,0.065,-0.099,-0.178,-3.01,-9.767,0.158,1548692069807
34,0.057,-0.066,-0.175,-3.222,-9.59,-0.146,1548692069828
34,-0.069,-0.037,-0.137,-3.237,-9.576,-0.388,1548692069848
34,-0.081,0.004,-0.153,-3.238,-10.697,1.102,1548692069867
34,-0.014,0.001,-0.183,-2.797,-10.193,0.716,1548692069887
34,0.041,-0.021,-0.209,-2.615,-10.316,-0.254,1548692069907
34,0.105,-0.093,-0.237,-2.555,-9.772,-1.142,1548692069927
34,0.328,-0.099,-0.277,-2.572,-9.76,-0.587,1548692069948
34,0.382,-0.068,-0.252,-2.615,-9.839,0.02,1548692069968
34,0.178,-0.131,-0.222,-2.869,-9.943,-0.44,1548692069987
35,-0.051,-0.158,-0.173,-2.7,-9.82,-0.84,1548692070008
35,-0.013,-0.14,-0.13,-2.871,-9.839,0.379,1548692070027
35,0.123,-0.067,-0.12,-3.068,-10.184,-0.823,1548692070048
35,0.068,-0.007,-0.073,-3.021,-10.311,1.144,1548692070067
35,-0.059,0.027,-0.056,-3.124,-10.46,0.535,1548692070088
35,-0.145,-0.014,-0.085,-3.204,-9.411,-1.14,1548692070108
35,-0.048,-0.033,-0.109,-3.398,-10.206,0.014,1548692070127
35,0.137,-0.029,-0.095,-2.949,-10.508,0.551,1548692070148
35,0.187,-0.093,-0.043,-2.893,-10.533,0.576,1548692070168
35,0.142,-0.081,-0.091,-2.82,-9.735,-0.901,1548692070187
35,0.24,-0.037,-0.096,-2.875,-9.853,-0.942,1548692070208
36,0.196,-0.007,-0.067,-2.736,-10.126,1.281,1548692070227
36,0.083,-0.014,-0.046,-2.517,-9.936,0.789,1548692070248
36,-0.075,-0.008,-0.08,-3.204,-9.242,0.009,1548692070267
36,-0.17,-0.004,-0.127,-2.753,-9.072,-1.02,1548692070287
36,0.035,0.046,-0.1,-2.58,-9.744,0.254,1548692070308
36,0.087,0.037,-0.099,-2.546,-10.167,0.485,1548692070327
36,0.061,-0.006,-0.108,-2.356,-9.932,-0.066,1548692070347
36,0.085,-0.046,-0.149,-2.427,-9.139,-0.541,1548692070367
36,0.223,-0.035,-0.188,-2.552,-9.541,-0.054,1548692070388
36,0.273,0.02,-0.185,-2.671,-9.818,0.706,1548692070408
36,0.024,-0.003,-0.159,-2.42,-10.341,0.633,1548692070428
36,-0.059,-0.037,-0.12,-2.456,-9.996,-0.643,1548692070447
36,0.05,-0.04,-0.102,-2.64,-9.356,-0.195,1548692070467
37,0.096,0.008,-0.097,-2.582,-10.183,0.354,1548692070487
37,0.049,0.034,-0.062,-2.643,-10.083,0.564,1548692070507
37,-0.032,0.036,-0.055,-2.534,-10.181,0.136,1548692070528
37,0.072,0.027,-0.052,-2.521,-9.965,0.426,1548692070547
37,0.131,0.021,-0.069,-2.507,-9.872,0.316,1548692070568
37,0.14,0.018,-0.084,-2.47,-9.883,0.424,1548692070587
37,0.137,0.016,-0.093,-2.552,-9.796,0.255,1548692070608
37,0.119,0.021,-0.095,-2.214,-10.297,0.021,1548692070628
37,0.099,0.026,-0.087,-2.522,-9.702,-0.166,1548692070647
37,0.068,0.027,-0.098,-2.319,-9.876,0.368,1548692070668
37,0.149,0.033,-0.092,-2.293,-9.997,0.63,1548692070688
37,0.159,-0.016,-0.114,-2.149,-10.089,0.739,1548692070708
37,0.197,-0.053,-0.113,-2.239,-10.184,0.733,1548692070728
38,0.299,-0.042,-0.111,-2.015,-10.227,0.66,1548692070747
38,0.337,-0.012,-0.125,-2.093,-10.116,0.629,1548692070767
38,0.36,0.004,-0.117,-2.086,-9.977,0.778,1548692070787
38,0.437,0.026,-0.124,-2.321,-9.673,0.739,1548692070808
38,0.517,0.009,-0.146,-2.174,-9.616,1.06,1548692070827
38,0.411,-0.005,-0.123,-1.967,-10.037,0.942,1548692070847
38,0.247,-0.06,-0.129,-2.177,-9.717,1.094,1548692070867
38,0.169,-0.056,-0.132,-2.1,-9.294,1.084,1548692070887
38,0.133,0.002,-0.144,-1.985,-9.702,0.609,1548692070907
38,0.057,0.029,-0.158,-1.967,-9.538,0.315,1548692070927
38,-0.019,0.046,-0.139,-2.152,-9.583,0.723,1548692070947
38,-0.108,0.037,-0.1,-2.11,-10.499,0.966,1548692070968
39,-0.2,0.018,-0.061,-1.883,-9.851,0.912,1548692070987
39,-0.17,-0.016,-0.078,-1.885,-10.092,0.883,1548692071007
39,-0.044,0.0,-0.079,-1.708,-10.041,0.629,1548692071027
39,-0.113,0.014,-0.089,-2.09,-9.778,1.109,1548692071046
39,-0.185,0.027,-0.058,-1.788,-10.19,0.927,1548692071067
39,-0.181,0.029,-0.026,-2.146,-9.776,0.672,1548692071086
39,-0.08,0.004,-0.022,-2.124,-10.22,0.536,1548692071107
39,0.042,0.044,0.001,-2.165,-10.149,1.016,1548692071127
39,0.027,0.049,-0.005,-2.417,-9.897,0.977,1548692071147
39,0.018,0.045,-0.008,-1.971,-10.291,0.786,1548692071167
39,0.047,0.036,-0.006,-1.911,-9.914,0.84,1548692071187
39,0.106,0.008,-0.045,-1.905,-10.127,0.867,1548692071207
40,0.152,0.02,-0.06,-1.837,-10.192,0.958,1548692071227
40,0.123,0.024,-0.084,-1.864,-9.947,1.028,1548692071247
40,0.073,0.01,-0.09,-1.716,-10.046,0.748,1548692071267
40,0.059,-0.003,-0.089,-1.798,-9.902,0.498,1548692071287
40,0.088,-0.013,-0.094,-1.746,-9.867,0.785,1548692071306
40,0.114,0.0,-0.089,-1.757,-10.051,1.18,1548692071326
40,0.063,-0.004,-0.089,-1.677,-10.023,1.017,1548692071346
40,0.025,-0.002,-0.079,-1.785,-9.943,0.689,1548692071367
40,0.071,0.02,-0.061,-1.768,-9.986,0.71,1548692071387
40,0.058,0.03,-0.056,-1.723,-9.948,1.079,1548692071406
40,0.002,0.02,-0.059,-1.863,-10.074,1.079,1548692071427
40,-0.018,0.017,-0.065,-1.808,-10.152,1.006,1548692071447
40,0.0,0.022,-0.073,-1.67,-9.983,1.104,1548692071467
41,0.054,0.028,-0.096,-1.647,-9.814,1.199,1548692071487
41,0.098,0.029,-0.118,-1.493,-10.023,1.299,1548692071507
41,0.121,0.037,-0.099,-1.557,-9.778,1.953,1548692071527
41,0.17,0.021,-0.097,-1.618,-10.406,1.487,1548692071547
41,0.241,0.016,-0.079,-1.604,-10.274,0.634,1548692071567
41,0.24,0.005,-0.088,-1.649,-9.521,1.023,1548692071586
41,0.183,-0.019,-0.077,-1.35,-9.272,1.365,1548692071607
41,0.066,-0.049,-0.061,-1.403,-10.231,0.952,1548692071626
41,-0.005,-0.054,-0.058,-1.394,-10.403,1.094,1548692071646
41,0.103,-0.004,-0.041,-1.743,-10.503,1.337,1548692071666
41,0.16,0.021,-0.061,-1.823,-10.139,1.372,1548692071686
41,0.179,0.013,-0.063,-1.644,-10.051,1.257,1548692071706
41,0.064,-0.025,-0.052,-1.694,-10.253,1.027,1548692071726
41,0.074,-0.034,-0.082,-1.795,-10.172,0.827,1548692071747
42,0.16,-0.012,-0.062,-1.658,-10.381,1.456,1548692071767
42,0.159,-0.018,-0.086,-1.45,-10.371,2.135,1548692071786
42,0.18,-0.036,-0.102,-1.381,-10.076,1.661,1548692071806
42,0.21,0.015,-0.133,-1.449,-10.09,0.968,1548692071827
42,0.249,0.05,-0.143,-1.625,-9.872,1.381,1548692071847
42,0.329,0.051,-0.14,-1.476,-9.918,1.812,1548692071867
42,0.385,0.042,-0.14,-1.414,-10.327,1.5,1548692071887
42,0.244,0.028,-0.142,-1.267,-9.822,1.499,1548692071906
42,0.209,0.016,-0.099,-1.31,-9.445,1.792,1548692071926
42,0.34,0.035,-0.13,-1.318,-9.576,2.012,1548692071947
42,0.341,0.042,-0.117,-1.245,-9.992,1.849,1548692071966
43,0.263,0.021,-0.1,-1.281,-9.88,1.769,1548692071986
43,0.164,-0.005,-0.064,-1.288,-9.383,2.003,1548692072007
43,0.192,0.0,-0.07,-1.32,-9.595,1.875,1548692072026
43,0.113,-0.014,-0.063,-1.309,-9.664,1.862,1548692072046
43,0.04,-0.03,-0.061,-1.364,-9.782,1.994,1548692072067
43,0.061,-0.039,-0.058,-1.314,-9.792,2.199,1548692072086
43,0.08,-0.042,-0.069,-1.079,-9.911,2.009,1548692072106
43,0.069,-0.054,-0.065,-1.017,-9.442,1.666,1548692072126
43,0.063,-0.057,-0.065,-1.034,-9.886,2.005,1548692072147
43,0.069,-0.038,-0.05,-1.153,-9.962,2.342,1548692072166
43,0.064,-0.042,0.014,-1.339,-9.363,2.093,1548692072186
44,0.149,-0.01,0.063,-1.25,-9.711,1.974,1548692072206
44,0.104,-0.006,0.065,-1.02,-10.083,2.036,1548692072226
44,-0.101,-0.039,0.066,-1.11,-10.139,2.157,1548692072246
44,-0.144,-0.006,0.084,-1.541,-9.378,2.48,1548692072266
44,-0.118,0.027,0.086,-1.338,-9.751,2.796,1548692072286
44,-0.11,0.055,0.136,-1.425,-9.883,1.772,1548692072306
44,-0.276,0.027,0.179,-1.422,-10.37,1.682,1548692072326
44,-0.151,0.058,0.14,-1.169,-9.885,1.171,1548692072347
44,0.05,0.032,0.095,-1.4,-9.735,1.306,1548692072366
44,0.168,0.005,0.064,-1.142,-10.062,1.943,1548692072386
44,0.079,-0.002,0.06,-1.467,-10.089,2.142,1548692072406
44,0.003,-0.027,0.031,-1.475,-9.858,1.773,1548692072426
44,0.059,0.024,0.018,-1.368,-9.81,2.322,1548692072447
45,0.051,0.022,-0.019,-1.397,-9.808,2.35,1548692072466
45,0.044,0.025,-0.031,-1.4,-10.214,1.892,1548692072485
45,-0.027,0.056,-0.046,-1.255,-10.008,1.978,1548692072505
45,-0.107,0.072,-0.07,-1.45,-9.711,2.175,1548692072525
45,-0.105,0.07,-0.094,-1.439,-9.722,2.006,1548692072545
45,-0.23,0.087,-0.08,-1.364,-9.509,1.644,1548692072565
45,-0.263,0.064,-0.056,-1.379,-9.972,1.536,1548692072585
45,-0.483,0.044,-0.027,-1.289,-9.376,1.685,1548692072605
45,-0.704,-0.016,0.037,-1.439,-9.419,1.718,1548692072625
45,-0.747,-0.037,0.065,-1.538,-9.447,1.015,1548692072645
45,-0.891,-0.056,0.128,-1.416,-9.617,0.558,1548692072666
45,-1.103,-0.079,0.14,-1.985,-11.342,-1.565,1548692072685
