pack,vx,vy,vz,ax,ay,az,time
1,-0.125,-0.41,-0.14,-3.087,-8.174,-5.805,1549046532736
1,-0.053,-0.455,-0.129,-3.347,-7.314,-5.765,1549046532756
1,-0.058,-0.458,-0.151,-3.419,-8.679,-5.277,1549046532776
1,-0.104,-0.462,-0.197,-3.785,-9.672,-5.241,1549046532797
1,-0.003,-0.457,-0.255,-4.233,-8.781,-5.633,1549046532817
1,0.188,-0.533,-0.339,-4.108,-8.196,-5.271,1549046532837
1,0.267,-0.698,-0.359,-3.927,-7.862,-4.786,1549046532856
1,0.312,-0.783,-0.374,-3.856,-8.202,-4.854,1549046532877
1,0.259,-0.85,-0.383,-3.869,-8.157,-4.572,1549046532897
1,0.164,-0.836,-0.375,-4.161,-7.235,-4.513,1549046532917
2,-0.034,-0.867,-0.382,-3.453,-7.013,-4.35,1549046532936
2,-0.17,-0.949,-0.385,-3.67,-7.901,-4.395,1549046532957
2,-0.353,-0.794,-0.281,-4.252,-8.215,-4.813,1549046532977
2,-0.417,-0.834,-0.274,-4.51,-6.739,-4.64,1549046532996
2,-0.379,-0.848,-0.385,-4.921,-5.387,-4.804,1549046533016
2,-0.507,-0.821,-0.491,-5.155,-7.294,-5.805,1549046533037
2,-0.534,-0.864,-0.76,-3.945,-10.489,-5.81,1549046533057
2,-0.216,-1.115,-0.875,-3.456,-9.417,-5.749,1549046533076
2,0.068,-1.232,-0.804,-4.686,-7.207,-6.362,1549046533096
2,-0.231,-1.274,-0.512,-4.467,-5.696,-5.924,1549046533117
3,-0.587,-1.452,-0.385,-2.736,-9.898,-4.237,1549046533136
3,-0.701,-1.635,-0.466,-1.532,-12.254,-5.31,1549046533156
3,-0.072,-1.468,-0.626,-2.547,-8.801,-6.461,1549046533177
3,0.752,-1.111,-0.531,-3.544,-3.55,-5.612,1549046533196
3,0.514,-0.895,-0.309,-3.753,-3.341,-4.469,1549046533217
3,-0.36,-1.217,-0.363,-2.674,-10.057,-5.746,1549046533237
3,-0.963,-1.687,-0.483,-2.67,-11.161,-6.053,1549046533257
3,-0.33,-1.677,-0.545,-3.859,-7.944,-5.477,1549046533277
3,-0.004,-1.474,-0.322,-4.226,-6.551,-4.529,1549046533297
3,-0.329,-1.428,-0.264,-4.149,-10.497,-3.063,1549046533317
3,-0.933,-1.585,-0.232,-4.078,-10.737,-4.803,1549046533337
3,-0.923,-1.598,-0.288,-4.539,-7.074,-5.529,1549046533356
4,-0.411,-1.201,-0.338,-3.82,-7.007,-4.168,1549046533378
4,-0.354,-1.324,-0.464,-3.995,-10.759,-3.572,1549046533397
4,-1.005,-1.365,-0.391,-3.821,-9.596,-5.487,1549046533417
4,-0.924,-1.138,-0.323,-2.538,-8.798,-5.965,1549046533437
4,-0.706,-1.057,-0.241,-2.67,-9.66,-2.364,1549046533457
4,-0.791,-0.97,-0.249,-4.357,-9.835,-2.923,1549046533478
4,-0.855,-0.516,-0.25,-4.702,-8.391,-5.368,1549046533498
4,-0.588,-0.286,-0.194,-4.074,-8.868,-4.426,1549046533517
4,-0.542,-0.447,-0.185,-3.763,-10.233,-3.671,1549046533537
4,-0.816,-0.55,-0.195,-4.52,-10.928,-4.348,1549046533558
4,-0.579,-0.316,-0.028,-4.358,-10.161,-4.328,1549046533578
5,-0.318,-0.353,0.054,-4.318,-9.259,-4.546,1549046533598
5,-0.133,-0.391,0.152,-4.332,-8.126,-4.964,1549046533618
5,0.075,-0.367,0.157,-4.643,-7.655,-5.102,1549046533637
5,0.102,-0.194,0.178,-5.071,-8.915,-4.556,1549046533657
5,-0.119,-0.286,0.138,-4.854,-9.37,-4.253,1549046533678
5,-0.011,-0.396,0.201,-4.698,-8.468,-4.207,1549046533698
5,0.159,-0.329,0.245,-4.942,-7.465,-4.932,1549046533718
5,0.315,-0.137,0.266,-4.759,-8.509,-4.426,1549046533738
5,0.258,-0.269,0.232,-5.024,-8.625,-4.413,1549046533757
5,0.28,-0.174,0.296,-5.072,-7.373,-4.742,1549046533778
5,0.328,-0.135,0.347,-4.956,-7.331,-4.112,1549046533797
5,0.254,-0.125,0.342,-5.087,-8.407,-4.056,1549046533818
6,0.071,-0.104,0.323,-5.075,-8.931,-4.014,1549046533838
6,0.183,-0.082,0.294,-4.826,-8.024,-3.876,1549046533857
6,0.412,-0.019,0.35,-5.086,-6.895,-4.333,1549046533878
6,0.422,0.116,0.361,-5.108,-8.268,-3.556,1549046533898
6,0.314,0.1,0.254,-5.059,-8.553,-3.323,1549046533918
6,0.426,0.136,0.266,-4.985,-7.299,-3.507,1549046533938
6,0.569,0.188,0.296,-5.102,-7.048,-3.525,1549046533958
6,0.585,0.228,0.27,-4.95,-7.524,-3.732,1549046533978
6,0.498,0.274,0.277,-4.968,-7.808,-3.517,1549046533998
6,0.449,0.339,0.306,-5.405,-7.715,-3.395,1549046534018
7,0.576,0.38,0.326,-5.441,-7.555,-2.875,1549046534038
7,0.649,0.378,0.338,-5.48,-7.167,-3.08,1549046534057
7,0.701,0.419,0.381,-5.536,-7.302,-2.708,1549046534077
7,0.771,0.456,0.427,-5.497,-8.083,-2.423,1549046534098
7,0.625,0.463,0.472,-5.502,-7.55,-3.181,1549046534117
7,0.52,0.495,0.521,-5.71,-8.184,-2.554,1549046534138
7,0.447,0.518,0.528,-5.956,-7.655,-2.931,1549046534158
7,0.54,0.485,0.518,-5.729,-7.311,-2.28,1549046534178
7,0.564,0.43,0.485,-5.882,-7.508,-2.429,1549046534198
7,0.334,0.416,0.48,-5.719,-8.197,-1.936,1549046534218
7,0.269,0.397,0.473,-6.389,-7.202,-2.87,1549046534238
7,0.375,0.413,0.482,-6.016,-6.759,-2.989,1549046534258
8,0.368,0.366,0.435,-5.937,-7.564,-2.919,1549046534277
8,0.175,0.343,0.407,-4.078,-9.982,-7.573,1549046534298
8,0.258,0.062,0.423,-2.55,-8.113,-0.457,1549046534318
8,0.571,0.068,0.257,-9.242,-6.363,-2.113,1549046534338
8,0.342,0.296,0.529,-5.02,-6.212,-2.987,1549046534358
8,0.475,0.054,0.206,-6.374,-6.437,-2.856,1549046534378
8,0.273,0.202,0.194,-6.167,-6.199,-3.058,1549046534398
8,0.178,0.164,0.12,-5.749,-7.069,-1.797,1549046534418
8,0.403,0.111,0.014,-6.282,-7.133,-1.963,1549046534438
8,0.628,0.098,-0.036,-5.15,-6.109,-3.538,1549046534459
8,0.521,0.116,-0.082,-5.869,-5.886,-2.9,1549046534478
9,0.28,0.185,-0.064,-6.197,-7.257,-2.581,1549046534498
9,0.011,0.176,-0.148,-6.048,-6.531,-2.696,1549046534519
9,0.405,0.12,-0.214,-5.553,-7.001,-2.811,1549046534538
9,0.725,0.11,-0.253,-5.769,-5.536,-2.91,1549046534558
9,0.732,0.153,-0.242,-5.744,-7.067,-2.451,1549046534579
9,0.24,0.156,-0.226,-5.982,-6.898,-3.539,1549046534599
9,0.376,0.231,-0.119,-5.63,-6.986,-2.57,1549046534618
9,0.614,0.227,-0.162,-6.449,-5.818,-2.189,1549046534638
9,0.83,0.244,-0.121,-5.392,-7.005,-3.3,1549046534659
9,0.775,0.258,-0.19,-5.691,-6.619,-3.312,1549046534679
10,0.737,0.312,-0.156,-6.184,-5.997,-2.337,1549046534699
10,0.717,0.361,-0.182,-6.13,-6.664,-2.175,1549046534719
10,0.517,0.361,-0.186,-5.5,-7.267,-2.207,1549046534739
10,0.321,0.484,-0.156,-5.612,-8.194,-2.805,1549046534759
10,0.156,0.533,-0.122,-6.518,-7.25,-2.374,1549046534779
10,0.211,0.521,-0.167,-6.652,-8.096,-2.41,1549046534799
10,0.137,0.44,-0.262,-5.84,-8.7,-2.687,1549046534819
10,0.197,0.376,-0.229,-6.361,-7.663,-3.336,1549046534839
10,0.285,0.393,-0.214,-6.163,-7.28,-3.741,1549046534858
10,0.074,0.366,-0.297,-6.347,-9.083,-2.971,1549046534878
11,-0.225,0.324,-0.246,-6.055,-9.617,-3.037,1549046534899
11,-0.043,0.218,-0.215,-5.718,-8.889,-3.109,1549046534919
11,0.296,0.24,-0.122,-6.323,-7.859,-3.302,1549046534939
11,0.414,0.275,-0.044,-5.965,-8.557,-3.469,1549046534959
11,0.192,0.188,-0.183,-6.117,-9.037,-2.676,1549046534979
11,0.366,0.159,-0.068,-5.398,-8.925,-3.164,1549046534999
11,0.441,0.149,-0.05,-5.594,-8.314,-3.096,1549046535019
11,0.321,0.181,-0.031,-6.276,-7.82,-3.046,1549046535039
11,0.051,0.114,-0.282,-6.393,-8.929,-2.519,1549046535059
11,-0.024,0.076,-0.151,-5.413,-9.604,-2.819,1549046535079
11,0.185,0.073,0.045,-5.736,-8.568,-2.381,1549046535098
11,0.281,0.124,0.049,-5.916,-8.688,-2.62,1549046535119
11,-0.016,0.125,0.047,-5.928,-9.134,-2.067,1549046535139
12,-0.019,0.155,0.084,-5.903,-8.734,-2.255,1549046535159
12,0.166,0.117,0.081,-5.768,-8.822,-1.995,1549046535180
12,0.315,0.103,0.133,-5.805,-8.409,-2.318,1549046535199
12,0.338,0.092,0.05,-5.735,-8.551,-1.948,1549046535219
12,0.326,0.11,0.104,-5.812,-8.318,-2.049,1549046535239
12,0.329,0.085,0.094,-5.422,-8.522,-2.718,1549046535259
12,0.17,0.066,0.057,-5.436,-8.369,-2.084,1549046535279
12,0.067,0.067,0.042,-5.85,-8.485,-2.388,1549046535299
12,0.007,0.06,-0.095,-6.032,-8.336,-1.837,1549046535319
12,0.128,0.063,-0.075,-5.434,-8.365,-2.055,1549046535339
12,0.206,0.081,0.038,-5.253,-8.196,-1.879,1549046535360
13,0.115,0.107,0.05,-5.686,-8.376,-1.782,1549046535380
13,-0.044,0.064,-0.038,-5.425,-8.957,-1.806,1549046535399
13,0.078,0.114,0.046,-5.066,-8.533,-2.704,1549046535420
13,0.13,0.165,0.157,-5.391,-8.057,-2.386,1549046535440
13,-0.088,0.161,0.175,-5.618,-8.32,-2.076,1549046535460
13,-0.348,0.1,0.225,-5.623,-8.829,-2.398,1549046535479
13,-0.259,0.089,0.107,-4.804,-8.875,-2.986,1549046535500
13,-0.299,0.158,0.243,-5.527,-8.582,-2.397,1549046535520
13,-0.365,0.194,0.211,-5.528,-8.394,-2.618,1549046535540
13,-0.351,0.142,0.219,-5.348,-8.602,-2.391,1549046535560
13,-0.353,0.109,0.245,-5.281,-8.724,-2.589,1549046535579
14,-0.436,0.091,0.257,-5.698,-8.349,-2.77,1549046535599
14,-0.436,0.11,0.286,-5.741,-8.263,-3.202,1549046535620
14,-0.5,0.092,0.319,-5.654,-8.387,-2.641,1549046535640
14,-0.487,0.068,0.333,-5.404,-8.443,-2.567,1549046535660
14,-0.485,0.066,0.339,-5.58,-8.164,-3.48,1549046535680
14,-0.479,0.131,0.341,-5.703,-8.012,-3.699,1549046535699
14,-0.728,0.136,0.324,-5.626,-8.527,-3.134,1549046535720
14,-0.815,0.107,0.343,-5.529,-8.289,-2.748,1549046535739
14,-0.746,0.1,0.357,-5.506,-7.831,-3.596,1549046535760
14,-0.671,0.14,0.386,-5.425,-7.961,-3.838,1549046535779
14,-0.704,0.168,0.373,-5.146,-8.232,-3.512,1549046535799
15,-0.717,0.121,0.355,-4.916,-7.934,-3.645,1549046535819
15,-0.689,0.094,0.332,-5.216,-7.604,-4.147,1549046535840
15,-0.722,0.128,0.315,-5.749,-7.204,-3.951,1549046535860
15,-0.813,0.083,0.184,-5.591,-7.515,-4.201,1549046535880
15,-0.766,0.04,0.237,-5.422,-7.326,-3.882,1549046535900
15,-0.73,0.015,0.169,-5.005,-7.117,-3.847,1549046535920
15,-0.762,0.031,0.105,-5.403,-6.634,-4.348,1549046535939
15,-0.69,0.114,0.043,-6.013,-6.822,-4.354,1549046535960
15,-0.555,0.148,0.08,-5.594,-6.379,-4.303,1549046535980
15,-0.511,0.128,0.052,-5.605,-6.748,-4.834,1549046536000
15,-0.536,0.178,0.096,-5.462,-6.822,-5.355,1549046536020
15,-0.546,0.136,0.064,-5.738,-6.353,-4.827,1549046536040
15,-0.528,0.126,0.074,-6.086,-6.576,-5.766,1549046536060
16,-0.568,0.081,0.012,-6.092,-6.3,-5.479,1549046536080
16,-0.442,0.067,0.085,-5.679,-6.386,-5.133,1549046536099
16,-0.401,0.106,0.106,-5.694,-6.113,-5.691,1549046536120
16,-0.415,0.18,0.111,-5.98,-6.449,-5.745,1549046536140
16,-0.544,0.27,0.084,-6.041,-6.604,-5.416,1549046536160
16,-0.506,0.293,0.032,-6.208,-6.575,-5.722,1549046536180
16,-0.431,0.351,0.068,-5.831,-6.811,-6.124,1549046536200
16,-0.411,0.289,0.084,-5.592,-6.022,-6.585,1549046536220
16,-0.428,0.232,0.07,-5.402,-6.457,-5.386,1549046536240
16,-0.433,0.237,0.025,-5.647,-6.841,-5.583,1549046536260
16,-0.42,0.258,-0.021,-6.144,-7.043,-6.219,1549046536280
17,-0.27,0.283,0.006,-5.582,-6.146,-7.485,1549046536300
17,-0.277,0.242,0.047,-5.469,-6.029,-6.487,1549046536320
17,-0.436,0.205,0.008,-5.399,-7.15,-5.566,1549046536340
17,-0.623,0.196,-0.04,-5.771,-6.628,-6.046,1549046536360
17,-0.424,0.256,-0.054,-6.38,-5.703,-7.223,1549046536380
17,-0.316,0.322,0.009,-5.554,-5.694,-5.918,1549046536400
17,-0.506,0.144,0.033,-4.99,-7.254,-5.627,1549046536421
17,-0.553,0.15,-0.036,-5.491,-6.037,-7.258,1549046536440
17,-0.254,0.353,0.06,-6.025,-5.202,-7.366,1549046536460
17,-0.359,0.321,0.019,-5.988,-6.088,-6.331,1549046536480
17,-0.532,0.143,-0.074,-5.498,-6.447,-5.805,1549046536501
18,-0.35,0.051,-0.239,-5.85,-6.11,-7.226,1549046536521
18,-0.09,0.358,-0.041,-5.655,-5.171,-7.594,1549046536540
18,-0.183,0.262,-0.075,-5.515,-5.75,-6.884,1549046536561
18,-0.475,0.092,-0.13,-5.277,-6.091,-6.984,1549046536581
18,-0.363,0.036,-0.179,-5.791,-4.685,-6.574,1549046536601
18,-0.156,0.161,-0.123,-5.981,-4.302,-7.18,1549046536621
18,-0.4,0.17,-0.2,-5.48,-5.898,-6.425,1549046536641
18,-0.551,0.06,-0.257,-5.525,-5.86,-8.033,1549046536660
18,-0.412,0.142,-0.12,-5.19,-5.435,-7.361,1549046536681
18,-0.136,0.03,-0.122,-5.183,-4.889,-5.435,1549046536701
19,-0.15,0.038,-0.143,-5.298,-5.888,-7.208,1549046536720
19,-0.237,0.109,-0.187,-5.149,-5.19,-6.732,1549046536741
19,0.051,0.064,-0.191,-5.293,-5.478,-7.307,1549046536761
19,0.099,0.037,-0.212,-5.044,-5.378,-6.93,1549046536781
19,0.109,-0.041,-0.217,-4.622,-5.814,-7.349,1549046536801
19,0.045,-0.047,-0.234,-5.399,-5.443,-7.913,1549046536821
19,0.135,-0.032,-0.22,-5.329,-5.383,-6.95,1549046536841
19,0.126,-0.121,-0.246,-5.612,-5.339,-7.723,1549046536861
19,0.108,-0.079,-0.215,-5.177,-5.32,-7.87,1549046536880
19,0.098,-0.121,-0.199,-4.959,-5.531,-7.124,1549046536901
19,0.103,-0.195,-0.258,-5.709,-5.658,-7.442,1549046536921
20,0.053,-0.065,-0.202,-5.512,-5.497,-6.984,1549046536941
20,0.048,-0.121,-0.168,-5.461,-5.403,-7.545,1549046536961
20,0.006,-0.116,-0.169,-5.199,-5.714,-6.669,1549046536981
20,0.059,-0.175,-0.182,-5.05,-5.786,-6.59,1549046537001
20,0.028,-0.186,-0.234,-5.605,-5.721,-6.436,1549046537021
20,0.063,-0.118,-0.199,-5.453,-5.781,-6.596,1549046537041
20,0.068,-0.133,-0.158,-5.13,-6.232,-6.443,1549046537061
20,0.12,-0.145,-0.148,-5.0,-6.148,-6.73,1549046537081
20,0.072,-0.101,-0.152,-4.727,-6.288,-6.381,1549046537101
20,-0.006,-0.102,-0.152,-4.827,-6.311,-6.477,1549046537121
20,-0.04,-0.067,-0.146,-5.077,-6.171,-6.576,1549046537141
21,0.015,-0.086,-0.163,-5.086,-6.456,-6.297,1549046537160
21,0.01,-0.139,-0.196,-4.534,-6.4,-6.781,1549046537181
21,0.071,-0.157,-0.182,-4.783,-6.175,-6.9,1549046537201
21,0.099,-0.149,-0.177,-4.691,-6.613,-6.606,1549046537221
21,0.023,-0.156,-0.188,-4.749,-6.615,-6.541,1549046537241
21,0.011,-0.136,-0.166,-4.766,-6.316,-6.554,1549046537261
21,0.026,-0.127,-0.136,-4.918,-6.223,-6.319,1549046537281
21,-0.006,-0.143,-0.147,-5.165,-6.332,-5.95,1549046537301
21,-0.025,-0.132,-0.178,-5.377,-6.142,-6.035,1549046537321
21,0.038,-0.076,-0.189,-6.011,-6.325,-5.935,1549046537341
21,0.06,-0.044,-0.206,-5.696,-6.693,-5.956,1549046537361
21,0.16,-0.082,-0.193,-5.582,-5.977,-6.14,1549046537381
22,0.3,-0.045,-0.118,-4.89,-6.707,-5.974,1549046537402
22,0.248,-0.039,-0.132,-5.087,-6.316,-6.444,1549046537421
22,0.179,0.102,-0.087,-5.233,-6.311,-6.835,1549046537441
22,0.069,0.164,-0.073,-5.356,-6.273,-6.561,1549046537461
22,0.059,0.104,-0.051,-5.09,-6.574,-6.315,1549046537481
22,0.026,-0.011,-0.078,-4.618,-6.391,-6.836,1549046537502
22,0.018,-0.013,-0.107,-4.942,-5.997,-7.336,1549046537521
22,0.006,0.034,-0.089,-4.683,-7.057,-6.778,1549046537541
22,-0.067,-0.057,-0.131,-4.83,-6.801,-6.755,1549046537562
22,0.055,-0.008,-0.052,-4.64,-6.547,-6.552,1549046537581
22,0.187,-0.041,-0.039,-4.583,-6.406,-6.64,1549046537601
22,0.19,-0.04,-0.019,-4.674,-6.499,-6.579,1549046537622
22,0.048,-0.051,-0.049,-5.068,-6.391,-5.778,1549046537642
22,0.021,-0.1,-0.128,-5.284,-6.538,-6.498,1549046537662
23,0.104,-0.068,-0.136,-4.855,-7.063,-6.022,1549046537681
23,0.176,-0.19,-0.192,-4.347,-6.932,-5.946,1549046537701
23,0.145,-0.19,-0.159,-4.276,-6.854,-5.71,1549046537721
23,0.174,-0.151,-0.172,-4.391,-6.712,-6.148,1549046537741
23,0.229,-0.152,-0.221,-4.398,-5.834,-7.224,1549046537762
23,0.337,-0.084,-0.179,-4.52,-5.896,-5.724,1549046537782
23,0.246,-0.244,-0.347,-4.203,-7.831,-4.652,1549046537802
23,-0.036,-0.416,-0.562,-3.685,-8.841,-4.473,1549046537822
23,0.093,-0.393,-0.59,-3.884,-7.865,-5.393,1549046537842
23,0.555,-0.013,-0.289,-4.607,-6.169,-6.116,1549046537862
23,0.772,0.122,-0.155,-4.915,-7.527,-6.222,1549046537881
23,0.702,-0.141,-0.433,-5.225,-8.694,-5.618,1549046537902
23,0.861,-0.275,-0.526,-4.866,-8.233,-4.827,1549046537922
24,0.953,-0.212,-0.36,-4.797,-7.563,-4.773,1549046537941
24,0.935,-0.093,-0.274,-5.08,-7.634,-5.388,1549046537962
24,0.907,-0.037,-0.323,-4.918,-6.908,-5.948,1549046537982
24,1.029,-0.072,-0.321,-4.311,-6.898,-6.047,1549046538002
24,0.987,-0.195,-0.472,-4.144,-8.112,-5.871,1549046538021
24,0.704,-0.228,-0.372,-3.972,-8.934,-5.881,1549046538042
24,0.764,-0.197,-0.319,-4.235,-8.266,-6.228,1549046538062
24,0.741,-0.202,-0.241,-4.296,-7.513,-6.601,1549046538082
24,0.568,-0.294,-0.238,-5.25,-7.288,-6.162,1549046538102
24,0.354,-0.284,-0.123,-5.452,-8.333,-4.96,1549046538122
24,0.135,-0.337,-0.139,-5.646,-8.308,-4.059,1549046538142
24,-0.031,-0.286,-0.058,-5.233,-8.846,-4.404,1549046538162
24,-0.308,-0.244,0.056,-5.173,-8.276,-4.5,1549046538182
24,-0.291,-0.179,0.108,-4.809,-7.275,-3.323,1549046538202
24,0.022,-0.146,0.064,-4.251,-6.619,-2.481,1549046538222
25,0.015,-0.078,0.038,-3.572,-7.634,-3.981,1549046538242
25,-0.261,-0.025,-0.01,-4.248,-9.286,-4.056,1549046538262
25,-0.126,0.006,-0.095,-4.472,-8.132,-2.786,1549046538282
25,-0.001,0.046,0.008,-4.558,-7.767,-3.747,1549046538302
25,-0.201,0.111,0.031,-4.679,-8.115,-4.437,1549046538322
25,-0.158,0.114,0.014,-4.618,-8.627,-4.335,1549046538342
25,-0.03,0.052,-0.036,-4.008,-8.491,-3.393,1549046538362
25,0.014,0.046,-0.018,-4.186,-8.566,-3.78,1549046538382
25,-0.035,0.128,0.0,-4.442,-8.277,-4.483,1549046538402
25,0.036,0.16,0.021,-4.883,-7.743,-4.503,1549046538422
25,0.115,0.137,0.0,-4.516,-7.807,-4.577,1549046538443
25,0.116,0.062,-0.042,-4.347,-8.5,-4.853,1549046538462
25,0.098,0.029,-0.081,-4.364,-8.821,-4.381,1549046538482
25,0.115,0.022,-0.071,-4.138,-8.394,-4.089,1549046538502
26,0.142,0.044,-0.014,-4.115,-7.912,-4.214,1549046538522
26,0.209,0.102,0.002,-4.307,-8.576,-4.781,1549046538542
26,0.214,0.092,-0.042,-3.966,-8.709,-4.428,1549046538563
26,0.203,0.049,-0.015,-4.401,-8.027,-4.2,1549046538582
26,0.133,0.088,0.033,-4.38,-8.044,-4.335,1549046538603
26,0.01,0.054,0.0,-4.318,-8.639,-4.677,1549046538623
26,-0.007,0.024,-0.014,-4.47,-8.131,-4.059,1549046538642
26,0.085,0.021,-0.006,-4.656,-7.858,-3.937,1549046538663
26,0.03,0.035,-0.025,-4.333,-8.807,-4.075,1549046538682
26,0.024,0.027,-0.066,-4.197,-9.188,-4.19,1549046538703
26,0.164,0.053,-0.031,-4.066,-8.86,-4.293,1549046538723
26,0.224,0.05,0.02,-4.176,-7.802,-4.288,1549046538743
26,0.163,0.058,0.058,-4.048,-8.221,-4.663,1549046538763
26,0.031,-0.012,-0.013,-4.177,-8.569,-4.146,1549046538783
27,0.072,-0.033,-0.029,-4.408,-8.501,-3.674,1549046538803
27,0.14,0.002,-0.032,-4.615,-8.127,-4.06,1549046538823
27,0.1,0.045,-0.005,-4.495,-8.499,-4.529,1549046538843
27,-0.036,0.014,-0.012,-3.914,-8.852,-4.245,1549046538863
27,0.023,-0.022,-0.008,-4.13,-8.485,-4.064,1549046538882
27,0.071,0.005,0.003,-4.293,-8.633,-3.957,1549046538903
27,0.055,0.005,0.008,-4.382,-8.021,-3.897,1549046538923
27,-0.002,0.03,0.034,-4.535,-8.062,-4.445,1549046538943
27,-0.04,0.045,0.003,-4.459,-8.369,-4.323,1549046538963
27,0.011,0.013,-0.033,-4.336,-8.582,-4.096,1549046538982
27,-0.028,0.006,-0.03,-4.435,-8.439,-4.379,1549046539003
27,-0.093,0.011,-0.006,-4.327,-8.4,-4.407,1549046539023
28,-0.07,-0.006,-0.011,-4.293,-8.574,-4.191,1549046539043
28,-0.016,-0.036,-0.02,-4.16,-8.627,-3.763,1549046539063
28,0.001,-0.05,-0.011,-4.214,-8.555,-3.791,1549046539083
28,0.026,-0.007,-0.002,-4.152,-8.491,-4.356,1549046539103
28,0.055,0.003,0.006,-4.147,-8.477,-4.353,1549046539123
28,0.072,-0.019,-0.004,-3.915,-8.485,-3.706,1549046539143
28,0.049,-0.029,-0.007,-4.165,-8.543,-4.019,1549046539163
28,-0.015,0.015,0.003,-4.461,-8.369,-4.347,1549046539183
28,-0.022,0.02,0.013,-4.238,-8.308,-3.962,1549046539202
28,-0.027,-0.007,0.001,-4.365,-8.572,-3.921,1549046539223
28,-0.052,0.011,-0.007,-4.303,-8.535,-4.146,1549046539243
29,-0.05,0.009,0.0,-4.354,-8.259,-4.401,1549046539262
29,-0.047,-0.004,-0.003,-4.389,-8.484,-3.922,1549046539283
29,-0.017,-0.025,-0.03,-4.565,-8.727,-4.037,1549046539303
29,0.041,-0.008,-0.037,-4.868,-8.731,-4.464,1549046539323
29,0.011,0.012,-0.012,-3.719,-8.261,-3.903,1549046539343
29,-0.007,-0.039,0.014,-4.222,-8.266,-4.2,1549046539363
29,-0.025,0.02,0.003,-4.003,-8.144,-4.353,1549046539383
29,-0.009,-0.001,-0.017,-4.16,-8.726,-4.188,1549046539403
29,0.012,-0.008,-0.034,-3.992,-8.532,-3.701,1549046539423
29,-0.005,0.011,-0.011,-4.166,-8.645,-4.174,1549046539443
29,-0.057,0.04,0.006,-4.355,-8.431,-4.214,1549046539463
30,-0.054,0.028,0.009,-4.383,-8.178,-4.107,1549046539483
30,-0.048,0.011,-0.009,-4.261,-8.629,-4.237,1549046539503
30,-0.032,-0.006,-0.023,-4.309,-8.609,-4.139,1549046539523
30,0.03,-0.009,-0.015,-4.198,-8.383,-3.995,1549046539543
30,0.028,-0.018,-0.015,-4.064,-8.56,-4.082,1549046539564
30,0.0,-0.015,-0.036,-4.05,-8.594,-4.194,1549046539584
30,0.043,-0.001,-0.036,-3.992,-8.641,-3.864,1549046539604
30,0.161,-0.001,-0.046,-4.17,-8.86,-3.88,1549046539624
30,0.194,0.0,-0.055,-4.046,-9.084,-3.943,1549046539643
30,0.171,0.004,-0.029,-4.391,-8.211,-4.095,1549046539664
30,0.119,0.023,0.026,-4.634,-7.8,-3.838,1549046539683
30,0.018,0.0,-0.002,-4.327,-8.575,-4.402,1549046539704
30,-0.171,-0.022,-0.034,-4.172,-8.897,-4.427,1549046539723
30,-0.388,-0.058,-0.007,-4.161,-9.063,-3.982,1549046539744
30,-0.662,-0.057,0.047,-4.189,-8.97,-4.113,1549046539763
31,-1.186,-0.03,0.135,-4.432,-8.534,-4.212,1549046539784
31,-1.179,0.057,0.185,-5.112,-8.22,-4.954,1549046539804
31,-0.822,0.137,0.194,-4.78,-7.551,-4.717,1549046539824
31,-0.288,0.099,0.138,-4.357,-6.999,-4.437,1549046539844
31,-0.186,0.126,0.102,-4.398,-7.003,-4.513,1549046539864
31,-0.571,0.133,0.065,-4.548,-6.839,-4.811,1549046539884
31,-1.337,0.162,0.117,-5.146,-7.52,-5.01,1549046539903
31,-1.944,0.067,0.035,-3.75,-10.779,-6.181,1549046539924
31,-0.789,-0.072,-0.172,-4.232,-8.602,-5.54,1549046539944
31,0.99,0.278,0.055,-4.658,-5.843,-6.434,1549046539964
31,0.373,0.257,0.15,-4.881,-6.926,-6.557,1549046539983
31,-0.485,-0.067,-0.037,-3.233,-7.92,-5.145,1549046540004
31,-0.556,-0.139,-0.063,-3.973,-5.938,-5.424,1549046540024
32,-0.352,0.166,-0.024,-4.034,-7.241,-6.204,1549046540044
32,-0.586,0.133,-0.117,-4.254,-7.732,-7.163,1549046540064
32,-0.472,0.125,-0.108,-4.267,-7.588,-6.521,1549046540084
32,-0.196,0.133,-0.117,-4.316,-8.056,-5.182,1549046540104
32,-0.448,0.052,-0.075,-4.756,-7.699,-5.509,1549046540123
32,-0.791,0.162,-0.023,-4.914,-7.623,-6.027,1549046540144
32,-0.597,0.198,0.0,-3.942,-7.233,-5.61,1549046540164
32,-0.58,0.215,0.032,-3.7,-6.964,-6.922,1549046540184
32,-0.914,0.272,0.119,-3.423,-7.139,-7.736,1549046540204
32,-0.753,0.02,-0.003,-2.702,-8.491,-6.327,1549046540224
33,-0.112,-0.164,-0.182,-3.471,-8.105,-6.409,1549046540244
33,0.09,0.1,-0.036,-4.71,-7.074,-6.925,1549046540264
33,-0.102,0.211,0.071,-3.856,-7.262,-7.017,1549046540284
33,-0.103,-0.048,0.018,-3.888,-7.527,-6.95,1549046540304
33,0.0,-0.007,0.032,-4.62,-7.319,-6.648,1549046540324
33,0.058,-0.007,0.045,-4.496,-7.55,-6.452,1549046540344
33,-0.087,-0.113,0.036,-3.763,-7.474,-7.156,1549046540364
33,0.102,-0.144,0.063,-4.286,-7.074,-6.816,1549046540384
33,0.186,-0.138,0.061,-4.647,-6.98,-6.398,1549046540404
33,0.039,-0.142,0.06,-4.772,-7.067,-6.124,1549046540424
33,0.063,-0.168,0.067,-4.102,-7.757,-6.031,1549046540444
33,0.168,-0.191,0.042,-4.648,-6.997,-6.959,1549046540465
34,0.218,-0.065,0.119,-4.511,-6.776,-6.573,1549046540484
34,0.176,-0.162,0.082,-4.426,-7.042,-6.512,1549046540504
34,0.033,-0.161,0.092,-4.497,-6.956,-6.177,1549046540524
34,-0.066,-0.127,0.108,-4.587,-7.214,-5.962,1549046540544
34,-0.03,-0.147,0.086,-4.211,-7.376,-6.058,1549046540564
34,0.155,-0.188,0.084,-4.045,-7.004,-7.474,1549046540585
34,0.122,-0.151,0.119,-5.036,-5.884,-4.716,1549046540605
34,0.166,-0.205,0.09,-4.177,-7.911,-6.643,1549046540625
34,-0.192,-0.197,0.021,-3.903,-8.264,-5.586,1549046540644
34,0.081,-0.294,0.037,-4.642,-6.743,-6.685,1549046540664
34,0.142,-0.091,0.166,-4.739,-6.449,-6.969,1549046540685
35,0.044,-0.175,0.107,-4.728,-7.41,-5.92,1549046540705
35,-0.083,-0.273,0.057,-4.466,-6.966,-5.955,1549046540725
35,-0.117,-0.278,0.072,-4.89,-6.645,-6.444,1549046540745
35,0.03,-0.203,0.089,-4.539,-6.906,-6.165,1549046540765
35,0.028,-0.263,0.066,-4.939,-6.958,-5.806,1549046540785
35,0.004,-0.231,0.09,-4.351,-7.427,-5.886,1549046540805
35,-0.068,-0.277,0.084,-4.324,-7.125,-5.739,1549046540825
35,-0.008,-0.228,0.114,-4.758,-6.903,-5.609,1549046540844
35,0.076,-0.175,0.13,-5.028,-6.61,-5.747,1549046540864
35,0.102,-0.151,0.126,-4.784,-7.15,-5.947,1549046540884
35,-0.01,-0.172,0.099,-5.272,-6.116,-6.081,1549046540904
36,0.052,-0.126,0.126,-4.823,-7.197,-5.386,1549046540924
36,-0.057,-0.257,0.043,-4.452,-8.539,-5.082,1549046540945
36,-0.082,-0.257,0.036,-5.154,-6.666,-5.616,1549046540964
36,0.222,-0.094,0.123,-4.686,-7.346,-4.757,1549046540985
36,0.241,-0.223,-0.001,-4.812,-6.888,-6.035,1549046541005
36,0.206,-0.096,0.035,-5.741,-5.977,-5.898,1549046541025
36,0.288,-0.119,-0.015,-4.547,-7.826,-5.324,1549046541045
36,0.13,-0.315,-0.109,-4.971,-7.186,-5.478,1549046541065
36,0.326,-0.124,-0.038,-4.978,-7.317,-5.016,1549046541085
36,0.311,-0.147,-0.076,-5.39,-7.097,-5.949,1549046541105
36,0.272,-0.043,-0.023,-6.148,-6.242,-5.467,1549046541125
36,0.287,-0.102,-0.025,-4.96,-7.731,-4.609,1549046541145
37,0.094,-0.236,-0.087,-4.877,-8.052,-4.894,1549046541164
37,0.172,-0.089,-0.028,-5.217,-7.913,-4.8,1549046541185
37,0.284,0.007,-0.029,-5.97,-5.597,-6.109,1549046541205
37,0.555,0.142,0.038,-6.499,-6.169,-5.14,1549046541224
37,0.583,-0.039,-0.13,-4.395,-8.843,-4.842,1549046541245
37,0.24,-0.288,-0.211,-4.954,-7.432,-5.368,1549046541265
37,0.339,-0.037,-0.065,-5.283,-6.512,-5.022,1549046541285
37,0.56,-0.095,-0.104,-5.112,-7.583,-5.078,1549046541305
37,0.451,-0.112,-0.144,-5.178,-7.489,-5.13,1549046541325
37,0.386,-0.098,-0.102,-4.553,-7.536,-4.653,1549046541345
37,0.36,-0.145,-0.121,-4.641,-7.464,-5.172,1549046541365
37,0.423,-0.06,-0.089,-5.705,-6.726,-4.973,1549046541385
38,0.384,-0.013,-0.043,-4.499,-8.306,-4.095,1549046541405
38,0.101,-0.241,-0.089,-3.587,-8.375,-3.906,1549046541425
38,0.153,-0.212,-0.033,-4.628,-8.236,-5.196,1549046541445
38,0.368,-0.066,0.011,-5.305,-6.844,-4.702,1549046541466
38,0.427,-0.069,-0.001,-5.068,-8.058,-4.721,1549046541485
38,0.215,-0.219,-0.095,-4.266,-8.033,-4.151,1549046541505
38,0.055,-0.231,-0.075,-5.502,-7.354,-4.541,1549046541525
38,0.196,-0.11,-0.027,-5.172,-7.486,-4.841,1549046541546
38,0.258,-0.181,-0.056,-5.183,-7.468,-2.818,1549046541565
38,0.215,-0.167,-0.09,-5.071,-8.263,-4.357,1549046541585
38,0.005,-0.115,-0.033,-4.959,-8.176,-4.333,1549046541605
39,0.147,-0.069,-0.038,-5.378,-6.985,-4.919,1549046541625
39,0.262,-0.011,0.002,-5.328,-8.226,-3.845,1549046541646
39,0.204,-0.145,-0.111,-4.272,-8.765,-3.933,1549046541665
39,0.098,-0.165,-0.115,-5.104,-7.867,-4.917,1549046541685
39,0.191,0.036,0.006,-5.579,-7.018,-4.971,1549046541705
39,0.352,-0.02,-0.036,-5.311,-8.321,-3.476,1549046541725
39,0.281,-0.183,-0.127,-4.565,-8.507,-3.99,1549046541746
39,0.11,-0.118,-0.085,-5.114,-7.577,-4.575,1549046541765
39,0.3,0.037,0.028,-5.153,-6.773,-3.959,1549046541786
39,0.42,0.002,-0.025,-4.808,-7.551,-3.453,1549046541806
39,0.145,-0.051,-0.061,-4.86,-8.146,-3.208,1549046541826
39,0.129,0.067,-0.031,-4.741,-7.717,-4.156,1549046541846
40,0.19,0.2,0.021,-5.056,-6.938,-4.232,1549046541866
40,0.292,0.231,0.024,-4.656,-7.819,-3.497,1549046541886
40,0.187,0.092,-0.034,-4.221,-8.493,-3.587,1549046541906
40,0.251,0.173,0.01,-4.133,-7.78,-3.713,1549046541926
40,0.239,0.274,0.079,-4.507,-7.543,-4.206,1549046541946
40,0.202,0.342,0.102,-4.961,-7.513,-4.27,1549046541966
40,0.177,0.34,0.135,-4.734,-8.481,-3.528,1549046541986
40,0.11,0.284,0.07,-4.885,-8.851,-3.668,1549046542005
40,0.222,0.353,0.083,-4.66,-8.345,-4.25,1549046542025
40,0.356,0.454,0.123,-5.225,-7.796,-4.654,1549046542046
41,0.294,0.482,0.117,-5.025,-8.303,-3.8,1549046542065
41,0.102,0.359,0.07,-5.022,-8.72,-3.713,1549046542086
41,0.108,0.369,0.062,-4.878,-8.218,-3.913,1549046542105
41,0.198,0.385,0.115,-4.93,-8.119,-3.787,1549046542126
41,0.285,0.351,0.127,-4.723,-8.552,-3.288,1549046542146
41,0.25,0.302,0.127,-4.674,-8.058,-3.927,1549046542165
41,0.114,0.352,0.181,-5.15,-8.143,-4.294,1549046542185
41,0.182,0.311,0.154,-4.984,-7.765,-4.932,1549046542206
41,0.219,0.22,0.158,-5.268,-7.903,-2.804,1549046542226
41,0.07,0.094,0.09,-4.699,-8.001,-3.656,1549046542246
41,-0.011,0.079,0.117,-4.975,-7.544,-3.49,1549046542266
41,0.067,0.124,0.126,-4.502,-7.759,-4.15,1549046542286
42,-0.003,0.082,0.066,-5.385,-7.668,-3.069,1549046542306
42,-0.023,0.068,-0.011,-5.21,-8.547,-3.177,1549046542326
42,-0.098,-0.004,-0.092,-4.415,-8.037,-3.303,1549046542346
42,-0.01,-0.035,-0.105,-4.898,-7.386,-3.468,1549046542365
42,0.06,-0.001,-0.142,-5.554,-7.679,-3.553,1549046542386
42,0.069,-0.032,-0.189,-5.587,-8.182,-3.443,1549046542406
42,0.025,-0.202,-0.202,-4.496,-8.059,-3.663,1549046542426
42,-0.077,-0.297,-0.192,-4.626,-7.951,-4.116,1549046542446
42,-0.114,-0.272,-0.189,-5.404,-7.718,-3.468,1549046542466
42,-0.017,-0.238,-0.134,-5.628,-7.375,-4.013,1549046542486
42,-0.195,-0.267,-0.141,-4.899,-7.968,-3.88,1549046542506
42,-0.27,-0.399,-0.201,-5.377,-7.951,-3.58,1549046542526
42,-0.258,-0.404,-0.222,-5.577,-8.251,-3.152,1549046542546
43,-0.02,-0.409,-0.168,-4.806,-8.326,-2.693,1549046542566
43,-0.278,-0.529,-0.15,-4.962,-7.438,-3.719,1549046542586
43,-0.301,-0.357,-0.061,-5.925,-7.97,-3.775,1549046542606
43,-0.221,-0.424,-0.111,-5.114,-8.496,-2.015,1549046542626
43,-0.046,-0.716,-0.216,-4.264,-9.354,-2.758,1549046542646
43,-0.018,-0.485,-0.145,-4.702,-8.559,-3.568,1549046542666
43,-0.039,-0.247,-0.054,-6.104,-7.475,-3.614,1549046542686
43,-0.091,-0.215,0.005,-5.472,-7.983,-3.08,1549046542706
43,-0.182,-0.512,-0.072,-5.052,-8.615,-2.394,1549046542726
43,-0.196,-0.474,-0.056,-5.359,-7.982,-3.004,1549046542747
43,-0.126,-0.252,0.035,-5.272,-8.122,-3.376,1549046542766
43,-0.096,-0.21,0.033,-5.334,-7.861,-3.633,1549046542786
43,0.02,-0.124,0.02,-5.437,-8.545,-3.265,1549046542806
43,0.118,-0.117,-0.075,-4.897,-8.86,-3.223,1549046542826
44,0.138,-0.087,-0.129,-5.434,-8.049,-3.844,1549046542847
44,0.049,-0.016,-0.16,-5.555,-7.877,-3.732,1549046542866
44,-0.038,-0.064,-0.242,-5.625,-8.382,-2.526,1549046542887
44,-0.065,-0.14,-0.314,-5.071,-8.894,-3.008,1549046542907
44,-0.012,-0.141,-0.293,-5.187,-8.424,-2.698,1549046542927
44,0.31,-0.059,-0.162,-4.987,-8.206,-3.12,1549046542946
44,0.254,0.021,-0.109,-5.05,-8.171,-3.758,1549046542966
44,0.028,0.084,-0.054,-5.172,-7.921,-3.765,1549046542986
44,-0.184,0.14,0.001,-5.35,-8.063,-3.012,1549046543006
44,-0.168,0.195,0.056,-5.363,-8.009,-3.29,1549046543027
44,-0.108,0.28,0.095,-5.329,-7.727,-3.311,1549046543047
44,-0.105,0.33,0.134,-4.984,-8.019,-3.423,1549046543066
45,-0.304,0.275,0.127,-5.074,-8.074,-3.215,1549046543086
45,-0.317,0.258,0.184,-5.025,-8.475,-2.951,1549046543107
45,-0.111,0.326,0.181,-5.006,-8.372,-4.388,1549046543127
45,-0.027,0.452,0.165,-5.481,-7.659,-3.913,1549046543147
45,-0.144,0.442,0.17,-5.522,-8.778,-2.281,1549046543167
45,-0.292,0.352,0.145,-5.267,-8.946,-2.639,1549046543186
45,-0.078,0.425,0.248,-4.833,-8.616,-3.655,1549046543207
45,0.132,0.442,0.387,-4.746,-8.408,-4.247,1549046543226
45,0.06,0.426,0.416,-4.768,-8.923,-3.394,1549046543247
45,-0.11,0.324,0.372,-4.935,-8.609,-3.384,1549046543267
45,0.014,0.38,0.372,-5.168,-8.241,-3.423,1549046543287
45,0.135,0.395,0.277,-5.442,-8.219,-3.215,1549046543307
45,0.153,0.371,0.221,-5.453,-7.993,-3.994,1549046543327
46,0.224,0.312,0.197,-5.008,-8.202,-3.538,1549046543346
46,0.077,0.191,0.115,-5.069,-8.754,-3.177,1549046543367
46,0.034,0.132,0.076,-5.103,-8.457,-3.149,1549046543387
46,0.223,0.134,0.081,-5.044,-8.04,-3.57,1549046543407
46,0.183,0.124,0.097,-5.178,-7.983,-3.894,1549046543427
46,0.073,0.098,0.078,-5.281,-8.083,-3.196,1549046543447
46,0.004,0.063,0.055,-5.047,-8.265,-2.948,1549046543467
46,0.088,0.06,0.046,-5.158,-8.1,-2.85,1549046543487
46,0.219,0.072,0.059,-4.859,-8.321,-3.396,1549046543507
46,0.191,0.044,0.032,-4.914,-8.128,-3.195,1549046543527
46,0.164,0.059,0.028,-4.961,-8.108,-2.992,1549046543547
46,0.077,0.064,0.012,-5.334,-8.018,-3.121,1549046543567
47,0.18,0.095,0.016,-5.168,-8.338,-3.204,1549046543588
47,0.223,0.089,0.006,-4.676,-8.647,-3.37,1549046543608
47,0.085,0.086,0.018,-4.73,-8.906,-3.074,1549046543627
47,0.033,0.068,-0.003,-5.086,-8.56,-3.282,1549046543647
47,0.27,0.09,-0.007,-5.078,-8.133,-2.993,1549046543667
47,0.397,0.093,0.004,-4.781,-8.584,-3.6,1549046543687
47,0.433,0.121,-0.006,-4.684,-8.629,-3.753,1549046543707
47,0.277,0.072,-0.032,-4.956,-8.937,-3.226,1549046543727
47,0.098,0.052,-0.048,-4.947,-8.478,-3.384,1549046543748
47,0.264,0.058,-0.036,-4.789,-8.397,-3.687,1549046543768
47,0.369,0.028,-0.061,-4.712,-8.634,-3.434,1549046543788
47,0.169,-0.053,-0.083,-4.649,-8.681,-3.37,1549046543808
48,-0.011,-0.079,-0.086,-4.72,-8.515,-3.755,1549046543827
48,-0.033,-0.065,-0.087,-4.808,-8.704,-3.545,1549046543848
48,-0.029,-0.064,-0.106,-4.736,-8.438,-3.469,1549046543867
48,0.124,-0.055,-0.091,-4.721,-8.829,-3.569,1549046543887
48,0.204,-0.031,-0.106,-4.673,-8.424,-3.721,1549046543908
48,0.204,0.0,-0.111,-4.773,-8.358,-3.808,1549046543928
48,0.066,0.004,-0.125,-4.839,-8.414,-3.126,1549046543948
48,-0.047,-0.055,-0.12,-4.74,-8.701,-3.571,1549046543967
48,-0.045,-0.062,-0.11,-4.712,-8.65,-3.771,1549046543988
48,0.044,-0.012,-0.098,-4.676,-8.739,-3.6,1549046544007
48,0.014,0.011,-0.085,-4.862,-8.58,-3.55,1549046544027
48,-0.073,-0.018,-0.065,-4.674,-8.465,-3.426,1549046544048
48,-0.155,-0.029,-0.049,-4.568,-8.653,-3.267,1549046544068
49,-0.062,0.028,-0.049,-4.577,-8.635,-3.237,1549046544087
49,0.012,0.069,-0.051,-4.568,-8.625,-3.207,1549046544108
49,-0.041,0.102,-0.045,-4.827,-8.514,-2.774,1549046544127
49,0.056,0.139,-0.015,-4.413,-8.822,-2.582,1549046544148
49,0.147,0.129,-0.014,-4.303,-8.595,-3.162,1549046544167
49,0.062,0.104,0.013,-4.423,-8.802,-2.91,1549046544187
49,-0.038,0.087,0.01,-4.671,-8.515,-2.811,1549046544208
49,0.023,0.116,0.024,-4.785,-8.524,-2.861,1549046544227
49,0.071,0.113,0.004,-4.79,-8.628,-2.921,1549046544248
49,0.148,0.156,0.015,-4.534,-8.695,-2.863,1549046544268
49,0.067,0.195,0.049,-4.427,-8.826,-3.733,1549046544288
49,-0.044,0.22,0.075,-4.934,-8.249,-3.424,1549046544308
49,-0.017,0.267,0.135,-4.948,-8.55,-3.277,1549046544327
50,-0.024,0.289,0.162,-4.741,-8.789,-3.626,1549046544348
50,0.063,0.333,0.209,-4.652,-8.916,-3.143,1549046544368
50,0.083,0.328,0.244,-4.454,-8.896,-3.907,1549046544388
50,0.002,0.32,0.257,-4.831,-8.378,-4.291,1549046544408
50,-0.076,0.337,0.304,-5.133,-8.094,-3.899,1549046544428
50,-0.212,0.379,0.341,-5.222,-8.557,-3.145,1549046544449
50,-0.125,0.436,0.374,-4.827,-8.558,-3.663,1549046544469
50,-0.128,0.386,0.413,-4.847,-8.489,-3.007,1549046544488
50,-0.293,0.349,0.381,-5.022,-8.052,-3.364,1549046544508
50,-0.312,0.385,0.314,-4.977,-8.176,-3.414,1549046544528
50,-0.317,0.377,0.274,-5.043,-8.734,-2.806,1549046544548
50,-0.2,0.322,0.265,-5.247,-8.157,-3.531,1549046544569
50,0.164,0.286,0.247,-5.302,-7.876,-4.089,1549046544589
50,0.219,0.254,0.184,-5.162,-8.497,-4.738,1549046544609
51,0.007,0.205,0.158,-4.852,-7.901,-4.391,1549046544628
51,-0.263,0.137,0.145,-5.204,-8.77,-4.191,1549046544648
51,-0.306,0.071,0.104,-5.557,-7.645,-4.377,1549046544669
51,0.015,0.036,0.145,-5.362,-8.274,-3.697,1549046544689
51,-0.023,0.053,0.163,-5.49,-8.045,-4.128,1549046544709
51,0.075,0.094,0.205,-5.34,-8.002,-4.645,1549046544729
51,0.159,0.086,0.18,-5.067,-8.025,-4.821,1549046544748
51,-0.083,0.047,0.138,-5.119,-8.131,-3.835,1549046544769
51,-0.212,0.022,0.11,-5.347,-7.532,-4.091,1549046544789
51,0.011,0.006,0.112,-5.337,-7.28,-4.239,1549046544809
51,0.04,-0.008,0.076,-5.003,-8.175,-4.452,1549046544829
51,-0.042,0.005,0.028,-5.021,-7.721,-4.395,1549046544849
52,-0.086,-0.009,0.04,-5.073,-7.695,-4.407,1549046544869
52,-0.055,0.0,0.018,-5.03,-7.651,-4.564,1549046544890
52,-0.089,0.015,-0.029,-5.08,-7.769,-4.547,1549046544910
52,-0.256,0.011,-0.069,-5.337,-7.917,-3.893,1549046544929
52,-0.206,-0.014,-0.054,-5.041,-8.125,-4.124,1549046544949
52,-0.026,-0.069,-0.078,-5.142,-7.696,-4.679,1549046544969
52,-0.022,-0.102,-0.076,-5.089,-7.568,-4.569,1549046544989
52,-0.275,-0.181,-0.099,-4.76,-7.812,-4.147,1549046545009
52,-0.279,-0.225,-0.168,-5.033,-7.771,-3.62,1549046545029
52,-0.204,-0.244,-0.185,-4.745,-8.047,-4.483,1549046545049
52,-0.236,-0.229,-0.234,-4.533,-8.005,-3.603,1549046545069
53,-0.219,-0.25,-0.244,-4.367,-8.039,-3.595,1549046545090
53,-0.214,-0.252,-0.316,-4.891,-7.295,-4.141,1549046545109
53,-0.078,-0.204,-0.377,-5.333,-7.544,-4.306,1549046545129
53,-0.087,-0.236,-0.402,-5.154,-8.172,-4.014,1549046545149
53,-0.133,-0.225,-0.413,-4.714,-8.019,-3.916,1549046545169
53,-0.046,-0.212,-0.411,-4.274,-7.494,-3.977,1549046545190
53,0.065,-0.23,-0.462,-4.349,-7.373,-4.857,1549046545209
53,0.088,-0.229,-0.506,-4.611,-7.713,-4.658,1549046545230
53,-0.108,-0.27,-0.551,-4.899,-8.563,-4.219,1549046545249
53,-0.172,-0.292,-0.546,-4.92,-8.621,-4.164,1549046545270
53,0.132,-0.242,-0.489,-4.617,-7.918,-4.661,1549046545289
53,0.271,-0.147,-0.402,-4.577,-7.763,-3.818,1549046545309
54,0.217,-0.127,-0.434,-4.493,-9.436,-4.896,1549046545330
54,0.046,-0.159,-0.459,-4.734,-9.882,-6.153,1549046545350
54,0.322,-0.213,-0.375,-4.172,-7.921,-3.35,1549046545370
54,0.489,-0.304,-0.256,-4.271,-9.361,-3.392,1549046545390
54,0.224,-0.306,-0.38,-4.178,-8.844,-3.989,1549046545410
54,0.647,-0.115,-0.258,-4.961,-7.776,-4.199,1549046545430
54,0.737,0.0,-0.216,-4.586,-8.658,-4.462,1549046545450
54,0.377,-0.204,-0.264,-4.183,-8.973,-3.721,1549046545469
54,0.382,-0.245,-0.268,-4.503,-8.851,-3.427,1549046545489
54,0.617,-0.114,-0.235,-4.722,-8.61,-3.925,1549046545510
54,0.609,-0.04,-0.173,-5.178,-8.164,-3.583,1549046545530
55,0.324,-0.082,-0.098,-4.616,-8.732,-3.645,1549046545550
55,0.075,-0.134,-0.077,-4.612,-9.02,-3.371,1549046545570
55,0.094,-0.048,-0.064,-4.349,-9.069,-2.66,1549046545589
55,-0.073,0.031,-0.005,-3.771,-8.451,-2.605,1549046545610
55,-0.033,0.119,0.027,-4.224,-9.071,-3.18,1549046545630
55,0.038,0.169,0.002,-4.21,-8.954,-2.849,1549046545650
55,0.235,0.097,0.016,-4.173,-8.882,-2.976,1549046545670
55,0.277,0.078,0.01,-3.495,-8.744,-2.549,1549046545690
55,0.303,0.012,-0.047,-3.228,-9.321,-2.755,1549046545709
55,0.446,0.06,-0.077,-4.189,-9.05,-3.851,1549046545730
55,0.538,0.148,-0.037,-4.881,-9.121,-3.883,1549046545750
56,0.545,0.041,-0.135,-4.62,-8.506,-3.15,1549046545770
56,0.27,-0.033,-0.03,-4.226,-8.647,-3.017,1549046545790
56,0.047,-0.051,-0.037,-4.266,-8.829,-3.058,1549046545810
56,0.036,0.005,-0.031,-4.279,-8.806,-3.089,1549046545830
56,0.114,0.016,-0.02,-4.104,-8.847,-2.896,1549046545850
56,0.167,-0.004,-0.009,-4.035,-9.041,-2.307,1549046545869
56,0.096,-0.015,-0.011,-4.047,-9.509,-2.605,1549046545890
56,0.016,0.023,-0.007,-4.19,-8.84,-3.161,1549046545909
56,0.131,0.067,0.026,-4.245,-8.484,-2.948,1549046545930
56,0.204,0.027,0.009,-4.126,-9.375,-2.825,1549046545950
56,-0.025,-0.038,-0.022,-3.664,-9.989,-2.636,1549046545970
56,-0.15,-0.083,0.01,-3.545,-9.157,-2.322,1549046545990
57,-0.031,-0.027,0.041,-4.197,-8.352,-2.545,1549046546010
57,0.018,0.055,0.032,-4.642,-8.789,-2.983,1549046546030
57,0.002,0.017,-0.017,-3.967,-9.265,-2.626,1549046546050
57,0.014,-0.045,-0.016,-3.926,-9.716,-2.477,1549046546070
57,-0.001,-0.03,0.003,-4.172,-8.984,-3.013,1549046546090
57,0.044,0.027,0.044,-4.397,-8.549,-2.92,1549046546110
57,-0.005,0.008,0.037,-4.108,-9.256,-2.691,1549046546130
57,-0.059,-0.051,0.001,-3.823,-9.44,-2.338,1549046546150
57,-0.019,-0.024,0.016,-3.928,-9.095,-2.687,1549046546170
57,-0.054,0.001,0.043,-4.165,-8.381,-2.639,1549046546190
57,-0.052,0.015,0.041,-4.249,-8.809,-2.773,1549046546210
57,-0.031,-0.003,-0.012,-4.102,-9.579,-2.485,1549046546230
57,-0.013,-0.027,-0.032,-4.034,-9.267,-2.85,1549046546250
57,-0.035,-0.004,0.012,-4.291,-9.076,-2.677,1549046546270
58,-0.011,-0.016,0.006,-4.102,-8.426,-2.692,1549046546291
58,-0.007,-0.02,0.012,-4.022,-9.61,-2.472,1549046546310
58,-0.071,0.003,-0.022,-3.997,-9.091,-2.651,1549046546331
58,0.051,0.031,0.007,-4.274,-9.112,-2.819,1549046546350
58,0.042,0.033,0.001,-4.11,-8.572,-2.895,1549046546371
58,-0.001,-0.003,0.007,-4.207,-9.112,-2.717,1549046546390
58,-0.057,-0.025,-0.017,-4.248,-9.748,-2.831,1549046546410
58,0.003,-0.031,-0.005,-4.305,-9.394,-2.995,1549046546431
58,0.047,-0.024,0.045,-4.152,-8.327,-2.86,1549046546451
58,0.011,-0.04,0.061,-4.077,-9.239,-2.372,1549046546471
58,-0.047,-0.045,0.018,-4.151,-9.319,-2.921,1549046546491
58,0.012,0.02,0.047,-4.34,-9.073,-3.278,1549046546511
58,0.019,-0.014,0.063,-4.316,-8.921,-2.623,1549046546530
58,-0.012,-0.053,0.065,-4.244,-8.809,-2.505,1549046546551
58,-0.001,-0.036,0.053,-4.303,-8.852,-2.473,1549046546571
59,0.018,0.004,0.035,-4.091,-9.056,-2.574,1549046546590
59,0.024,0.014,0.018,-3.997,-8.796,-2.569,1549046546611
59,0.076,0.026,0.004,-4.03,-9.247,-2.47,1549046546630
59,0.068,0.016,-0.02,-4.007,-9.195,-2.526,1549046546650
59,0.151,0.015,-0.018,-3.94,-9.128,-2.458,1549046546671
59,0.186,-0.001,-0.025,-4.058,-8.933,-2.827,1549046546691
59,0.222,0.014,-0.029,-4.157,-9.181,-2.768,1549046546711
59,0.177,-0.022,-0.056,-4.135,-8.965,-2.725,1549046546731
59,0.058,-0.046,-0.048,-4.059,-8.912,-2.406,1549046546751
59,-0.056,-0.062,-0.041,-4.052,-9.101,-2.322,1549046546771
60,-0.048,-0.031,-0.049,-4.176,-8.856,-2.652,1549046546790
60,0.053,0.028,-0.052,-4.198,-9.157,-3.075,1549046546811
60,-0.002,0.014,-0.058,-4.345,-9.077,-3.264,1549046546831
60,-0.103,-0.01,-0.032,-4.507,-8.828,-3.131,1549046546851
60,-0.187,-0.047,-0.023,-4.579,-9.297,-3.204,1549046546871
60,-0.279,-0.064,-0.038,-4.33,-9.242,-2.666,1549046546891
60,-0.372,-0.093,0.0,-4.154,-8.71,-2.257,1549046546911
60,-0.168,-0.008,-0.022,-4.348,-9.282,-2.77,1549046546931
60,-0.207,0.043,-0.021,-4.523,-8.931,-3.296,1549046546951
60,-0.157,0.072,0.001,-4.02,-8.666,-2.783,1549046546971
60,-0.299,0.013,-0.007,-3.784,-8.997,-2.66,1549046546991
60,-0.309,0.031,-0.053,-4.084,-9.114,-2.569,1549046547011
60,-0.103,0.088,-0.086,-4.072,-9.065,-2.651,1549046547031
60,-0.042,0.101,-0.102,-3.794,-8.807,-2.649,1549046547051
60,-0.114,0.111,-0.108,-3.662,-9.106,-2.72,1549046547071
61,-0.151,0.108,-0.153,-3.834,-9.282,-2.865,1549046547091
61,0.014,0.106,-0.194,-3.841,-8.972,-2.869,1549046547111
61,0.046,0.089,-0.199,-3.742,-9.1,-2.83,1549046547131
61,-0.053,0.064,-0.203,-3.761,-9.571,-2.938,1549046547151
61,-0.105,0.091,-0.203,-4.025,-9.269,-3.161,1549046547172
61,-0.042,0.124,-0.198,-3.8,-8.741,-3.149,1549046547191
61,0.03,0.128,-0.187,-3.658,-8.966,-3.352,1549046547212
61,-0.06,0.102,-0.203,-3.778,-8.893,-3.218,1549046547232
61,-0.065,0.092,-0.245,-3.696,-8.845,-2.914,1549046547251
61,-0.199,0.075,-0.246,-3.114,-9.496,-3.307,1549046547271
61,-0.245,0.037,-0.228,-3.387,-9.013,-2.956,1549046547291
61,0.042,0.059,-0.265,-3.682,-9.127,-2.873,1549046547312
62,0.018,0.055,-0.275,-3.487,-9.761,-2.867,1549046547331
62,-0.118,0.016,-0.27,-3.138,-9.571,-3.105,1549046547352
62,-0.096,0.045,-0.249,-3.191,-9.173,-3.267,1549046547372
62,-0.02,0.086,-0.294,-3.369,-9.386,-3.557,1549046547392
62,0.016,0.064,-0.328,-3.064,-9.341,-3.136,1549046547411
62,0.067,0.015,-0.319,-2.853,-9.141,-3.475,1549046547431
62,0.0,-0.012,-0.26,-3.078,-9.251,-3.283,1549046547452
62,0.04,0.037,-0.273,-3.082,-9.16,-3.029,1549046547472
62,0.154,0.078,-0.234,-3.11,-9.012,-3.249,1549046547491
62,0.216,0.111,-0.211,-3.532,-9.204,-3.184,1549046547512
62,0.119,0.078,-0.194,-3.34,-9.463,-2.988,1549046547531
62,-0.043,-0.037,-0.211,-3.176,-9.331,-2.749,1549046547552
62,0.054,0.013,-0.126,-3.068,-9.135,-2.887,1549046547572
62,0.143,0.044,-0.102,-3.188,-9.567,-3.119,1549046547591
63,0.166,0.038,-0.109,-2.833,-9.534,-3.239,1549046547612
63,0.194,-0.009,-0.072,-2.712,-9.395,-3.039,1549046547632
63,0.141,-0.043,-0.052,-2.558,-9.465,-3.199,1549046547652
63,0.069,-0.048,-0.019,-2.638,-9.339,-3.104,1549046547672
63,0.066,-0.039,0.025,-2.816,-9.071,-3.023,1549046547692
63,0.033,-0.012,0.058,-2.955,-9.375,-3.126,1549046547712
63,0.004,0.006,0.05,-3.038,-9.392,-3.059,1549046547732
63,0.05,0.001,0.079,-3.013,-9.376,-2.981,1549046547752
63,0.04,-0.02,0.103,-2.957,-9.592,-2.881,1549046547772
63,0.041,-0.026,0.102,-3.06,-9.704,-2.773,1549046547792
63,0.078,-0.014,0.107,-3.025,-9.294,-2.477,1549046547812
64,0.096,-0.01,0.094,-2.987,-9.552,-2.871,1549046547831
64,0.055,-0.003,0.067,-3.078,-9.558,-3.139,1549046547852
64,0.114,-0.002,0.062,-3.243,-9.482,-3.17,1549046547872
64,0.125,-0.016,0.042,-2.995,-9.486,-2.915,1549046547892
64,0.137,-0.049,0.028,-2.99,-9.333,-2.775,1549046547912
64,0.098,-0.048,0.022,-2.997,-9.447,-2.854,1549046547931
64,0.063,-0.041,0.003,-3.034,-9.505,-2.793,1549046547952
64,0.096,-0.017,-0.006,-3.059,-9.433,-2.567,1549046547972
64,0.129,-0.004,0.003,-2.977,-9.475,-2.987,1549046547992
64,0.062,0.016,0.024,-3.064,-9.415,-3.065,1549046548011
64,-0.019,0.024,0.041,-2.958,-9.56,-3.102,1549046548032
