pack,vx,vy,vz,ax,ay,az,time
1,-0.07,-0.023,0.011,1.733,-5.9,7.262,1549047139940
1,-0.106,-0.025,0.015,1.785,-5.781,7.292,1549047139960
1,-0.018,-0.08,-0.013,1.919,-5.669,7.515,1549047139980
1,0.013,-0.101,-0.05,1.724,-5.662,7.611,1549047140000
1,-0.04,-0.088,-0.038,1.361,-5.809,7.623,1549047140020
1,-0.095,-0.064,0.0,1.289,-5.985,7.604,1549047140040
1,-0.054,-0.105,0.028,1.253,-5.721,7.899,1549047140060
1,0.026,-0.109,0.052,1.161,-5.272,7.629,1549047140080
1,-0.061,-0.044,0.056,1.077,-5.184,7.202,1549047140100
1,-0.224,-0.032,0.095,1.082,-5.641,7.11,1549047140119
1,-0.293,-0.068,0.11,1.074,-5.66,7.073,1549047140140
1,-0.195,-0.089,0.056,1.085,-5.709,7.169,1549047140160
2,-0.184,-0.154,0.036,0.942,-5.95,7.162,1549047140180
2,-0.224,-0.193,0.061,0.897,-5.928,7.074,1549047140200
2,-0.245,-0.2,0.102,0.767,-5.912,7.048,1549047140220
2,-0.307,-0.178,0.186,1.003,-6.104,6.943,1549047140240
2,-0.395,-0.195,0.208,1.207,-6.445,6.968,1549047140260
2,-0.438,-0.239,0.213,0.899,-6.684,6.906,1549047140280
2,-0.432,-0.237,0.228,0.849,-6.518,7.079,1549047140300
2,-0.408,-0.314,0.287,1.165,-6.844,7.192,1549047140320
2,-0.439,-0.439,0.382,1.315,-7.101,7.671,1549047140340
2,-0.419,-0.443,0.441,0.869,-7.066,7.95,1549047140360
2,-0.34,-0.402,0.513,0.666,-7.377,7.917,1549047140380
2,-0.41,-0.443,0.598,0.603,-7.693,8.301,1549047140400
2,-0.462,-0.525,0.731,0.346,-7.793,8.036,1549047140420
3,-0.46,-0.525,0.896,0.197,-7.858,7.815,1549047140441
3,-0.537,-0.468,1.06,-0.262,-7.95,7.363,1549047140460
3,-0.632,-0.297,1.188,-0.926,-8.585,7.219,1549047140480
3,-0.67,-0.109,1.192,-1.099,-8.659,7.05,1549047140500
3,-0.647,-0.196,1.19,-0.965,-7.994,6.512,1549047140520
3,-0.75,-0.422,1.361,-1.279,-8.05,5.833,1549047140540
3,-1.0,-0.465,1.565,-0.643,-8.291,4.023,1549047140560
3,-1.28,-0.475,1.557,0.275,-8.522,2.996,1549047140580
3,-1.296,-0.346,1.563,0.682,-7.677,4.276,1549047140600
3,-1.43,-0.134,1.588,1.177,-8.777,4.779,1549047140621
3,-1.951,-0.273,1.486,1.656,-10.754,4.157,1549047140641
3,-2.202,-0.69,1.355,2.262,-10.81,4.344,1549047140660
3,-1.944,-0.83,1.193,1.098,-10.725,3.649,1549047140681
4,-1.766,-0.948,1.249,0.131,-12.365,1.9,1549047140701
4,-1.705,-1.245,1.341,-0.554,-11.843,0.899,1549047140720
4,-1.494,-1.215,1.103,-2.102,-10.621,1.158,1549047140741
4,-1.383,-1.187,0.82,-3.383,-11.269,-0.398,1549047140761
4,-1.528,-1.176,0.831,-3.201,-11.237,-1.277,1549047140781
4,-1.297,-1.125,0.728,-1.655,-10.095,-1.148,1549047140800
4,-0.937,-1.158,0.636,-1.407,-9.309,-0.119,1549047140821
4,-0.839,-0.967,0.617,-1.749,-9.609,0.391,1549047140841
4,-0.906,-0.896,0.445,-1.501,-9.976,-1.078,1549047140861
4,-1.071,-1.28,0.27,-0.848,-9.599,-2.626,1549047140881
4,-1.129,-1.615,0.087,-0.483,-9.197,-1.742,1549047140901
4,-0.794,-1.558,0.037,-0.29,-8.938,-0.348,1549047140921
5,-0.524,-1.328,0.201,-0.081,-9.26,-0.04,1549047140941
5,-0.797,-1.348,0.232,0.196,-8.864,1.112,1549047140960
5,-1.007,-1.424,0.228,0.169,-10.134,-0.322,1549047140980
5,-1.425,-1.367,0.361,-0.272,-10.952,-1.523,1549047141001
5,-1.387,-1.276,0.34,-0.156,-10.648,-0.445,1549047141021
5,-1.209,-1.197,0.36,-0.127,-11.513,-0.269,1549047141041
5,-1.255,-1.276,0.369,-0.111,-11.391,-0.687,1549047141061
5,-1.111,-1.277,0.229,0.615,-10.899,-1.073,1549047141081
5,-0.789,-1.112,0.178,1.351,-10.436,-0.08,1549047141101
5,-0.61,-0.889,0.269,1.614,-9.127,3.616,1549047141120
5,-0.929,-0.465,0.392,0.644,-10.343,0.379,1549047141140
5,-1.803,-0.678,0.657,-0.062,-12.039,-1.379,1549047141160
5,-1.434,-0.732,0.69,-1.295,-10.965,-1.963,1549047141180
6,-0.956,-0.526,0.239,-2.65,-9.547,-3.376,1549047141200
6,-0.911,-1.068,-0.078,-1.921,-9.611,-4.01,1549047141221
6,-0.845,-1.484,0.08,-2.075,-8.541,-3.388,1549047141241
6,-0.526,-1.108,0.159,-2.043,-8.451,-0.841,1549047141261
6,-0.505,-1.004,0.258,-0.467,-10.049,-1.128,1549047141281
6,-0.952,-1.215,0.417,-0.684,-10.646,-3.467,1549047141300
6,-0.687,-1.101,0.461,-1.639,-8.364,-2.732,1549047141320
6,-0.42,-0.891,0.433,-2.085,-7.445,-2.074,1549047141340
6,-0.647,-0.978,0.49,-1.281,-8.347,-2.419,1549047141360
6,-0.981,-1.066,0.447,-1.873,-9.266,-2.819,1549047141381
6,-0.906,-0.862,0.372,-2.452,-9.952,-3.137,1549047141401
6,-0.891,-0.809,0.411,-2.375,-9.428,-3.584,1549047141420
7,-0.93,-0.852,0.462,-1.412,-9.594,-4.091,1549047141441
7,-0.926,-0.903,0.578,-1.408,-10.347,-3.323,1549047141460
7,-0.862,-0.795,0.661,-2.753,-10.643,-2.306,1549047141480
7,-0.659,-0.624,0.594,-3.35,-9.448,-3.243,1549047141501
7,-0.246,-0.525,0.499,-3.147,-7.608,-3.477,1549047141520
7,-0.279,-0.437,0.572,-2.813,-9.023,-4.277,1549047141540
7,-0.833,-0.445,0.721,-2.613,-9.37,-3.595,1549047141560
7,-0.859,-0.44,0.639,-2.826,-8.975,-3.725,1549047141580
7,-0.621,-0.372,0.53,-2.834,-8.563,-4.308,1549047141600
7,-0.447,-0.158,0.637,-3.202,-8.478,-4.304,1549047141620
7,-0.519,-0.015,0.725,-3.271,-10.289,-3.674,1549047141641
8,-0.708,-0.143,0.654,-4.21,-11.088,-3.614,1549047141661
8,-0.489,-0.105,0.427,-4.094,-10.927,-3.691,1549047141680
8,-0.194,-0.127,0.356,-4.351,-8.97,-3.943,1549047141701
8,0.078,-0.084,0.304,-4.305,-8.257,-4.218,1549047141721
8,0.011,-0.134,0.253,-4.023,-9.373,-3.778,1549047141741
8,-0.212,-0.155,0.201,-3.994,-8.994,-4.26,1549047141761
8,-0.175,-0.122,0.192,-3.76,-8.603,-3.614,1549047141781
8,-0.146,-0.08,0.202,-4.559,-9.032,-4.382,1549047141801
8,-0.072,-0.116,0.084,-3.619,-8.17,-5.051,1549047141821
8,0.069,-0.186,0.043,-3.562,-9.109,-4.489,1549047141841
8,-0.072,-0.109,0.1,-3.485,-8.753,-4.077,1549047141861
8,-0.01,-0.021,-0.006,-4.508,-8.676,-4.366,1549047141881
8,-0.015,0.165,-0.066,-4.806,-8.884,-3.868,1549047141901
9,-0.009,0.04,0.005,-4.401,-8.625,-4.408,1549047141921
9,-0.08,-0.198,0.044,-4.07,-9.463,-4.25,1549047141941
9,-0.012,-0.279,0.129,-4.407,-8.471,-4.562,1549047141961
9,0.127,-0.18,0.005,-5.068,-8.299,-4.094,1549047141982
9,0.152,-0.112,-0.146,-4.728,-9.247,-3.771,1549047142001
9,0.308,-0.251,-0.072,-4.768,-8.895,-3.602,1549047142022
9,0.212,-0.218,-0.077,-4.595,-8.493,-3.528,1549047142042
9,0.076,-0.22,-0.086,-4.313,-8.139,-3.832,1549047142061
9,-0.061,-0.259,-0.138,-4.771,-8.501,-3.69,1549047142082
9,-0.238,-0.216,-0.103,-4.355,-8.713,-3.418,1549047142101
9,-0.218,-0.348,0.051,-4.495,-8.318,-3.27,1549047142121
9,-0.292,-0.351,0.041,-5.096,-8.601,-3.569,1549047142142
10,-0.407,-0.371,-0.006,-5.219,-9.548,-3.412,1549047142162
10,-0.337,-0.397,0.008,-4.921,-9.09,-3.505,1549047142181
10,-0.157,-0.39,0.03,-4.255,-7.565,-3.908,1549047142201
10,-0.156,-0.412,0.026,-4.79,-6.549,-3.568,1549047142221
10,-0.458,-0.353,-0.032,-5.004,-10.486,-4.11,1549047142242
10,-0.799,-0.48,-0.023,-5.085,-10.177,-3.651,1549047142261
10,-0.347,-0.298,-0.097,-5.288,-7.574,-3.054,1549047142282
10,-0.09,-0.312,-0.089,-4.996,-7.214,-3.331,1549047142302
10,-0.372,-0.401,-0.061,-4.508,-8.119,-4.289,1549047142321
10,-0.692,-0.449,0.004,-4.098,-7.668,-4.144,1549047142342
10,-0.688,-0.366,0.06,-4.298,-7.621,-4.252,1549047142362
11,-0.747,-0.339,0.181,-4.993,-7.083,-4.494,1549047142382
11,-0.75,-0.274,0.241,-4.455,-7.018,-4.967,1549047142402
11,-0.918,-0.359,0.334,-4.236,-8.408,-4.109,1549047142422
11,-0.924,-0.361,0.346,-4.751,-8.921,-4.364,1549047142442
11,-0.822,-0.242,0.297,-5.015,-7.676,-4.527,1549047142462
11,-0.656,-0.184,0.193,-4.507,-7.455,-4.867,1549047142482
11,-0.697,-0.254,0.193,-5.1,-7.607,-4.938,1549047142502
11,-0.616,-0.039,0.124,-5.275,-7.759,-4.845,1549047142522
11,-0.513,-0.02,0.045,-4.934,-8.713,-4.427,1549047142542
11,-0.37,-0.043,0.037,-5.273,-8.828,-4.666,1549047142562
11,-0.273,0.038,-0.031,-5.361,-8.224,-4.322,1549047142581
11,-0.051,0.003,-0.115,-5.047,-7.887,-4.507,1549047142602
12,0.025,-0.089,-0.084,-4.897,-7.396,-5.114,1549047142621
12,0.059,-0.068,-0.092,-4.597,-7.189,-4.72,1549047142642
12,0.084,-0.035,-0.041,-5.079,-7.9,-4.432,1549047142662
12,-0.011,-0.009,0.041,-5.118,-7.882,-4.441,1549047142681
12,0.0,0.033,-0.004,-5.453,-8.394,-5.176,1549047142701
12,-0.017,0.049,0.021,-5.978,-7.864,-4.769,1549047142721
12,0.152,0.247,-0.097,-5.65,-7.543,-3.981,1549047142742
12,0.15,0.148,-0.02,-5.229,-8.524,-4.077,1549047142761
12,0.015,-0.21,0.16,-4.97,-8.807,-4.177,1549047142782
12,0.119,-0.226,0.094,-5.187,-8.101,-5.349,1549047142801
12,0.294,-0.039,0.177,-4.676,-6.603,-5.821,1549047142822
13,0.379,-0.087,0.179,-4.591,-7.176,-4.365,1549047142841
13,0.092,-0.031,0.23,-5.893,-9.363,-3.423,1549047142862
13,-0.055,0.067,0.272,-6.129,-9.0,-3.459,1549047142882
13,0.264,-0.042,0.238,-5.246,-7.301,-4.838,1549047142902
13,0.383,-0.191,0.128,-4.848,-6.585,-5.423,1549047142922
13,0.188,-0.148,0.186,-5.804,-8.321,-3.772,1549047142941
13,-0.064,-0.031,0.288,-5.787,-8.744,-4.037,1549047142962
13,0.05,-0.216,0.133,-5.447,-7.782,-4.076,1549047142981
13,0.324,-0.27,0.218,-5.487,-6.616,-4.872,1549047143002
13,0.169,-0.17,0.062,-5.56,-7.717,-4.356,1549047143021
13,-0.065,-0.316,0.208,-5.713,-7.475,-4.202,1549047143042
13,0.046,-0.37,0.181,-5.811,-7.644,-3.941,1549047143062
14,0.181,-0.4,0.196,-5.757,-6.77,-3.989,1549047143082
14,0.33,-0.382,0.162,-5.838,-6.048,-4.031,1549047143101
14,0.076,-0.339,0.069,-6.154,-7.611,-3.874,1549047143121
14,-0.128,-0.39,0.037,-5.907,-7.433,-3.695,1549047143141
14,0.127,-0.476,0.023,-5.957,-6.503,-3.614,1549047143161
14,0.328,-0.424,-0.009,-6.092,-6.019,-3.706,1549047143182
14,0.341,-0.317,-0.117,-6.687,-6.742,-2.83,1549047143202
14,0.162,-0.292,-0.106,-6.304,-7.154,-3.394,1549047143221
14,0.16,-0.515,-0.134,-5.723,-6.041,-4.401,1549047143242
14,0.278,-0.455,-0.096,-6.049,-5.961,-3.787,1549047143262
14,0.131,-0.328,-0.042,-6.254,-7.235,-2.923,1549047143281
15,0.06,-0.401,0.034,-6.262,-7.918,-1.791,1549047143302
15,0.145,-0.421,0.046,-6.3,-7.016,-2.437,1549047143322
15,0.211,-0.408,-0.041,-5.532,-6.036,-3.249,1549047143342
15,0.302,-0.26,-0.058,-6.251,-6.229,-2.981,1549047143362
15,0.248,-0.072,0.0,-6.037,-7.139,-2.247,1549047143382
15,0.083,-0.045,-0.288,-6.268,-8.206,-2.645,1549047143402
15,0.093,-0.021,-0.285,-5.987,-7.963,-2.095,1549047143422
15,0.271,-0.154,0.078,-5.335,-7.223,-2.314,1549047143442
15,0.092,-0.335,0.173,-5.722,-8.364,-2.263,1549047143462
15,0.104,-0.189,0.244,-5.666,-8.672,-2.103,1549047143482
15,0.369,-0.263,0.256,-5.491,-7.8,-1.843,1549047143502
15,0.461,-0.291,0.147,-5.266,-7.651,-2.46,1549047143523
16,0.251,-0.356,0.047,-5.741,-8.036,-2.042,1549047143542
16,0.299,-0.399,0.035,-5.671,-8.249,-2.113,1549047143563
16,0.349,-0.402,-0.068,-5.068,-7.798,-2.453,1549047143582
16,0.4,-0.553,-0.117,-5.538,-7.294,-1.239,1549047143602
16,0.246,-0.378,-0.236,-6.149,-7.858,-2.211,1549047143623
16,0.102,-0.481,-0.277,-5.94,-6.843,-1.801,1549047143643
16,0.225,-0.554,-0.304,-5.925,-7.06,-1.821,1549047143662
16,0.106,-0.573,-0.26,-5.845,-7.381,-1.441,1549047143682
16,-0.15,-0.576,-0.363,-5.873,-7.461,-2.569,1549047143702
16,-0.247,-0.55,-0.372,-5.688,-8.059,-1.734,1549047143722
16,-0.258,-0.546,-0.352,-6.815,-7.31,-0.587,1549047143743
16,-0.195,-0.403,-0.38,-5.938,-7.4,-1.755,1549047143763
16,-0.347,-0.57,-0.421,-5.45,-8.51,-2.413,1549047143783
16,-0.369,-0.66,-0.382,-5.897,-6.82,-2.219,1549047143802
17,-0.274,-0.421,-0.495,-6.257,-8.122,-1.073,1549047143822
17,-0.38,-0.579,-0.372,-6.135,-8.381,-1.335,1549047143843
17,-0.389,-0.605,-0.36,-5.397,-8.565,-1.488,1549047143863
17,-0.377,-0.557,-0.302,-5.323,-8.076,-1.909,1549047143882
17,-0.386,-0.412,-0.341,-5.815,-7.173,-2.125,1549047143902
17,-0.606,-0.341,-0.381,-5.743,-8.201,-1.655,1549047143923
17,-0.578,-0.509,-0.214,-5.735,-8.412,-2.495,1549047143943
17,-0.196,-0.412,0.028,-5.552,-7.102,-1.46,1549047143963
17,-0.197,-0.282,0.058,-5.34,-8.885,-0.254,1549047143982
17,-0.846,-0.351,-0.2,-5.857,-9.923,-1.559,1549047144003
17,-0.92,-0.246,-0.134,-5.263,-8.147,-1.693,1549047144023
18,-0.577,-0.214,-0.168,-5.662,-9.04,-0.726,1549047144043
18,-0.65,-0.176,-0.139,-6.812,-8.664,-1.555,1549047144063
18,-0.678,-0.149,-0.166,-5.835,-9.164,-1.759,1549047144083
18,-0.631,-0.358,-0.228,-4.958,-8.366,-2.318,1549047144103
18,-0.499,-0.321,-0.12,-4.403,-8.122,-3.283,1549047144123
18,-0.548,-0.279,-0.091,-5.208,-9.842,-2.057,1549047144143
18,-0.35,-0.198,0.056,-5.578,-9.904,-1.781,1549047144163
18,-0.048,-0.23,0.088,-4.593,-9.436,-1.628,1549047144183
18,0.153,-0.465,-0.081,-4.248,-7.663,-2.896,1549047144202
18,0.061,-0.242,-0.054,-4.787,-7.245,-3.087,1549047144223
18,-0.291,-0.168,-0.042,-5.3,-10.668,-1.755,1549047144243
18,-0.123,-0.269,0.084,-4.853,-9.153,-0.983,1549047144263
18,0.312,-0.304,0.012,-4.88,-8.232,-1.925,1549047144283
18,0.269,-0.174,-0.051,-4.69,-7.485,-2.662,1549047144303
19,0.071,-0.105,-0.176,-5.518,-8.269,-1.54,1549047144323
19,-0.14,0.009,-0.281,-5.224,-9.101,-1.747,1549047144343
19,-0.142,-0.094,-0.261,-4.202,-8.359,-1.628,1549047144363
19,-0.013,-0.08,-0.259,-4.925,-8.297,-2.192,1549047144383
19,-0.115,0.17,-0.36,-5.103,-8.071,-2.57,1549047144402
19,-0.189,0.162,-0.388,-5.26,-8.931,-2.059,1549047144423
19,-0.274,0.089,-0.31,-5.278,-9.634,-2.016,1549047144442
19,-0.198,0.078,-0.302,-4.493,-7.562,-3.5,1549047144463
19,-0.183,0.007,-0.284,-4.952,-8.213,-3.558,1549047144483
19,-0.248,0.137,-0.161,-4.741,-8.794,-3.086,1549047144503
19,-0.326,0.07,-0.064,-4.843,-9.079,-2.614,1549047144523
20,-0.401,0.085,-0.076,-5.424,-10.066,-1.638,1549047144543
20,-0.324,0.13,-0.093,-5.834,-9.176,-2.063,1549047144563
20,-0.028,0.119,-0.07,-5.632,-7.756,-2.767,1549047144582
20,-0.022,0.171,-0.13,-5.183,-7.189,-3.678,1549047144603
20,-0.23,0.153,-0.063,-5.443,-10.089,-2.831,1549047144623
20,-0.34,0.081,-0.043,-4.609,-9.334,-2.83,1549047144642
20,-0.151,-0.094,-0.161,-4.937,-7.527,-2.766,1549047144662
20,-0.014,0.151,-0.184,-5.557,-7.473,-4.071,1549047144682
20,-0.015,0.278,-0.077,-5.2,-8.18,-2.393,1549047144702
20,-0.236,0.117,-0.119,-5.718,-10.284,-2.145,1549047144723
20,-0.33,0.166,-0.106,-5.318,-9.598,-2.626,1549047144743
21,-0.008,0.066,-0.144,-5.158,-7.629,-2.955,1549047144763
21,0.07,0.087,-0.166,-5.454,-8.977,-2.944,1549047144783
21,-0.11,0.023,-0.132,-4.459,-9.519,-2.89,1549047144803
21,-0.127,-0.077,-0.157,-3.905,-8.494,-3.938,1549047144823
21,-0.049,0.064,-0.167,-4.612,-7.664,-4.041,1549047144842
21,-0.02,0.189,-0.109,-5.209,-9.452,-2.864,1549047144862
21,-0.22,0.061,-0.148,-4.792,-10.262,-2.576,1549047144882
21,-0.139,-0.05,-0.121,-4.284,-8.945,-3.815,1549047144903
21,0.074,-0.097,-0.12,-4.567,-7.732,-4.066,1549047144923
21,0.139,-0.018,-0.111,-4.423,-8.568,-3.421,1549047144943
21,-0.158,-0.123,-0.132,-4.443,-8.929,-3.074,1549047144963
21,-0.195,-0.079,-0.124,-4.174,-9.574,-2.285,1549047144983
22,-0.108,-0.11,-0.162,-4.442,-9.322,-2.363,1549047145003
22,0.05,-0.056,-0.197,-5.031,-8.445,-2.985,1549047145023
22,0.058,-0.051,-0.229,-4.055,-7.932,-3.238,1549047145043
22,-0.019,-0.167,-0.239,-3.905,-8.468,-3.293,1549047145063
22,-0.205,-0.073,-0.239,-3.713,-8.034,-3.814,1549047145083
22,-0.26,-0.042,-0.23,-4.136,-9.582,-2.608,1549047145103
22,-0.377,0.004,-0.205,-3.92,-9.417,-3.24,1549047145123
22,-0.239,0.005,-0.192,-4.328,-7.862,-3.599,1549047145143
22,-0.125,0.16,-0.135,-4.467,-9.053,-3.405,1549047145163
22,-0.301,0.03,-0.088,-3.642,-9.178,-2.855,1549047145183
22,-0.192,0.016,-0.104,-4.58,-9.002,-3.321,1549047145203
22,-0.173,0.14,-0.114,-3.671,-8.916,-3.081,1549047145223
23,-0.168,0.033,-0.166,-4.408,-9.448,-3.206,1549047145243
23,-0.144,0.152,-0.174,-4.339,-8.953,-3.481,1549047145263
23,-0.059,0.038,-0.224,-3.998,-8.958,-3.442,1549047145283
23,0.025,0.024,-0.205,-3.576,-8.659,-3.807,1549047145304
23,-0.029,0.031,-0.208,-3.878,-8.903,-3.514,1549047145323
23,-0.105,0.095,-0.226,-3.876,-9.417,-3.381,1549047145343
23,-0.142,0.105,-0.213,-3.721,-8.943,-3.583,1549047145364
23,-0.069,0.161,-0.188,-4.13,-8.95,-3.731,1549047145384
23,-0.073,0.209,-0.178,-3.77,-8.933,-3.766,1549047145403
23,-0.039,0.147,-0.161,-3.59,-9.05,-3.446,1549047145424
23,-0.087,0.171,-0.149,-3.716,-9.378,-3.682,1549047145443
23,-0.106,0.196,-0.161,-3.841,-9.0,-3.766,1549047145464
24,-0.052,0.201,-0.171,-3.866,-9.125,-3.755,1549047145483
24,-0.028,0.169,-0.164,-3.821,-9.052,-3.73,1549047145504
24,-0.013,0.117,-0.162,-3.635,-9.064,-3.725,1549047145523
24,-0.093,0.068,-0.175,-3.676,-9.513,-3.677,1549047145544
24,-0.115,0.057,-0.185,-3.602,-9.217,-4.059,1549047145564
24,-0.007,0.075,-0.171,-3.359,-8.668,-4.223,1549047145584
24,-0.007,0.044,-0.174,-3.788,-9.178,-3.731,1549047145604
24,-0.115,0.086,-0.166,-3.71,-9.417,-3.691,1549047145624
24,-0.175,0.06,-0.128,-3.418,-9.247,-4.016,1549047145644
24,-0.225,0.019,-0.118,-3.539,-9.281,-4.708,1549047145663
24,-0.181,0.024,-0.11,-3.483,-9.137,-4.356,1549047145684
24,-0.074,0.002,-0.062,-3.227,-9.076,-4.181,1549047145704
25,-0.074,-0.034,-0.039,-3.413,-8.744,-4.266,1549047145724
25,-0.121,-0.023,-0.049,-3.213,-9.676,-3.62,1549047145744
25,-0.246,-0.108,-0.089,-3.558,-10.347,-2.836,1549047145764
25,-0.276,-0.061,-0.152,-3.229,-10.139,-3.29,1549047145784
25,-0.299,-0.215,-0.244,-3.226,-9.726,-5.074,1549047145803
25,0.076,-0.192,-0.263,-2.899,-7.818,-3.536,1549047145824
25,0.431,-0.147,-0.301,-2.694,-8.089,-2.754,1549047145844
25,0.166,-0.061,-0.32,-3.498,-8.943,-2.37,1549047145864
25,-0.214,0.076,-0.33,-2.476,-9.898,-2.016,1549047145884
25,-0.38,0.014,-0.232,-2.467,-10.395,-3.531,1549047145904
25,-0.067,0.252,-0.273,-3.418,-8.978,-4.393,1549047145924
26,0.291,0.489,-0.34,-3.595,-7.746,-4.631,1549047145944
26,0.051,0.421,-0.29,-3.403,-8.744,-4.263,1549047145964
26,-0.356,0.181,-0.19,-2.125,-10.615,-4.769,1549047145984
26,-0.299,-0.031,-0.123,-1.368,-10.639,-4.329,1549047146004
26,0.282,0.129,-0.113,-1.794,-9.867,-4.453,1549047146024
26,0.373,0.335,-0.095,-2.509,-8.497,-4.947,1549047146044
26,0.274,0.341,-0.059,-2.869,-8.037,-4.498,1549047146064
26,0.144,0.312,-0.005,-2.764,-9.664,-4.775,1549047146084
26,0.343,0.215,0.0,-2.658,-8.401,-3.619,1549047146104
26,0.862,0.28,-0.17,-3.646,-9.192,-3.633,1549047146124
26,0.602,0.253,-0.177,-3.368,-7.903,-3.777,1549047146144
27,0.284,0.124,-0.146,-3.921,-9.77,-4.801,1549047146164
27,0.084,-0.034,-0.005,-3.012,-9.614,-3.74,1549047146184
27,0.483,-0.018,-0.083,-2.915,-9.164,-1.586,1549047146204
27,0.515,0.058,-0.146,-2.665,-10.733,-2.979,1549047146224
27,0.195,-0.151,-0.133,-2.513,-9.798,-3.25,1549047146244
27,0.33,-0.056,-0.152,-2.822,-9.633,-3.45,1549047146263
27,0.382,-0.1,-0.147,-3.088,-8.775,-3.157,1549047146284
27,0.371,-0.096,-0.209,-2.84,-9.176,-2.987,1549047146304
27,0.193,-0.249,-0.274,-2.445,-10.414,-3.206,1549047146324
27,0.264,-0.315,-0.324,-2.149,-10.379,-3.34,1549047146344
27,0.409,-0.323,-0.301,-2.471,-9.504,-3.355,1549047146364
27,0.395,-0.254,-0.208,-2.394,-9.114,-4.867,1549047146384
28,0.366,-0.289,-0.203,-1.969,-7.806,-4.306,1549047146404
28,0.497,-0.141,-0.142,-1.944,-9.504,-2.269,1549047146424
28,0.539,-0.13,-0.172,-1.55,-9.951,-1.804,1549047146445
28,0.478,-0.114,-0.279,-2.031,-9.289,-2.687,1549047146464
28,0.379,0.0,-0.214,-2.362,-9.062,-2.873,1549047146484
28,0.153,0.042,-0.08,-2.157,-9.585,-3.001,1549047146505
28,0.105,0.0,-0.077,-1.741,-10.522,-3.194,1549047146524
28,0.396,0.011,-0.062,-1.542,-10.043,-2.852,1549047146544
28,0.708,0.179,0.06,-2.279,-9.525,-1.566,1549047146564
28,0.551,0.259,0.215,-2.242,-9.16,-1.693,1549047146584
28,0.323,0.055,0.132,-1.726,-9.633,-1.979,1549047146604
28,0.441,0.05,0.096,-2.192,-10.655,-1.859,1549047146624
29,0.457,0.175,0.112,-2.245,-10.472,-1.784,1549047146644
29,0.45,0.187,0.1,-2.532,-10.268,-1.441,1549047146664
29,0.394,0.177,0.122,-2.074,-9.792,-1.876,1549047146684
29,0.431,0.13,0.08,-1.961,-10.527,-1.962,1549047146704
29,0.52,0.138,0.157,-1.863,-9.29,-1.597,1549047146724
29,0.647,0.223,0.118,-3.124,-8.757,-1.006,1549047146745
29,0.51,0.242,0.025,-2.433,-8.496,-1.21,1549047146764
29,0.092,-0.043,-0.108,-2.159,-9.53,-2.188,1549047146784
29,-0.196,-0.078,-0.049,-1.955,-10.883,-2.016,1549047146804
29,-0.174,-0.058,-0.026,-1.937,-10.496,-1.4,1549047146824
29,0.027,-0.001,-0.06,-2.325,-9.797,-1.36,1549047146845
29,0.047,-0.013,-0.045,-1.948,-9.277,-1.216,1549047146864
30,-0.033,-0.073,-0.057,-2.238,-9.502,-1.043,1549047146884
30,-0.068,0.02,-0.064,-2.474,-9.928,-1.143,1549047146905
30,-0.134,0.043,-0.061,-1.965,-10.234,-1.598,1549047146924
30,-0.121,0.003,-0.049,-2.096,-10.386,-1.671,1549047146944
30,-0.084,0.076,-0.037,-2.402,-10.055,-1.446,1549047146964
30,-0.057,0.079,-0.029,-1.936,-10.076,-1.637,1549047146984
30,-0.058,0.037,-0.004,-1.556,-10.027,-1.929,1549047147004
30,-0.035,0.036,0.01,-1.843,-10.164,-1.486,1549047147024
30,-0.015,0.126,-0.029,-2.237,-10.347,-1.546,1549047147045
30,-0.2,0.082,-0.055,-2.15,-9.66,-1.646,1549047147065
30,-0.37,0.006,-0.083,-2.18,-10.26,-1.388,1549047147084
31,-0.484,-0.089,-0.061,-2.121,-9.888,-1.324,1549047147105
31,-0.378,-0.065,-0.049,-2.258,-9.635,-1.2,1549047147125
31,-0.418,-0.012,0.003,-2.47,-9.686,-1.434,1549047147145
31,-0.631,-0.05,0.005,-2.27,-9.486,-2.636,1549047147165
31,-0.657,-0.118,0.033,-1.674,-7.964,-2.16,1549047147185
31,-0.658,0.052,0.16,-3.174,-10.797,-2.938,1549047147205
31,-1.124,0.003,0.271,-1.209,-9.705,-3.209,1549047147225
31,-0.847,-0.157,0.278,-2.368,-10.198,-2.974,1549047147245
31,-0.632,0.072,0.283,-1.378,-8.213,-4.363,1549047147265
31,-0.278,0.081,0.378,-3.622,-9.283,-3.131,1549047147284
31,-0.431,0.481,0.633,-3.426,-10.377,-2.945,1549047147305
31,-0.558,0.139,0.547,-3.047,-9.49,-2.894,1549047147325
32,-0.34,0.056,0.436,-3.253,-8.075,-2.939,1549047147345
32,-0.263,0.123,0.36,-3.88,-8.979,-3.94,1549047147366
32,-0.526,0.081,0.398,-3.207,-8.972,-4.207,1549047147386
32,-0.259,0.029,0.37,-3.128,-8.132,-2.034,1549047147405
32,-0.005,0.21,0.282,-2.445,-9.02,-2.332,1549047147425
32,-0.589,-0.117,0.293,-2.048,-8.515,-4.644,1549047147445
32,-0.939,-0.186,0.323,-2.539,-8.587,-5.086,1549047147465
32,-0.957,-0.135,0.406,-2.605,-8.837,-4.337,1549047147485
32,-0.968,-0.203,0.442,-3.071,-8.973,-3.43,1549047147505
32,-1.046,-0.207,0.339,-2.952,-9.921,-4.077,1549047147525
32,-1.11,-0.265,0.34,-3.478,-10.217,-5.061,1549047147545
32,-1.005,-0.159,0.42,-3.516,-9.962,-5.251,1549047147565
33,-0.686,-0.076,0.472,-3.579,-9.081,-4.616,1549047147586
33,-0.361,0.063,0.53,-4.136,-9.31,-4.385,1549047147605
33,-0.248,0.06,0.486,-4.83,-10.429,-5.755,1549047147626
33,0.089,-0.008,0.381,-4.736,-7.906,-4.9,1549047147645
33,0.806,0.209,0.317,-4.726,-6.578,-3.313,1549047147665
33,0.194,0.155,0.519,-1.998,-7.805,-6.41,1549047147686
33,-0.789,-0.591,0.395,0.195,-7.341,-6.875,1549047147705
33,-0.922,-0.437,0.292,-2.34,-8.839,-6.497,1549047147725
33,-0.962,0.139,0.144,-3.807,-7.098,-6.373,1549047147746
33,-0.996,0.272,-0.016,-3.752,-9.845,-5.829,1549047147765
33,-1.108,0.02,0.096,-4.671,-12.08,-5.353,1549047147786
33,-0.862,0.065,0.172,-5.014,-9.583,-5.545,1549047147805
33,-0.231,0.122,0.249,-4.53,-7.36,-6.018,1549047147826
34,-0.085,-0.09,0.281,-4.099,-7.502,-6.39,1549047147846
34,-0.336,-0.228,0.243,-3.911,-9.471,-6.378,1549047147866
34,-0.409,-0.268,0.306,-3.94,-9.275,-5.786,1549047147886
34,-0.138,-0.188,0.298,-4.099,-7.56,-6.173,1549047147905
34,-0.118,-0.06,0.138,-4.29,-8.007,-5.762,1549047147926
34,-0.221,-0.04,0.16,-4.798,-8.707,-6.003,1549047147946
34,0.056,0.062,0.22,-5.112,-8.053,-5.397,1549047147965
34,0.366,0.076,0.178,-4.712,-7.677,-6.156,1549047147986
34,0.311,-0.19,0.241,-3.487,-7.956,-5.345,1549047148005
34,-0.073,-0.2,0.24,-4.667,-9.062,-4.717,1549047148025
35,-0.149,0.335,0.184,-5.618,-8.316,-4.567,1549047148045
35,0.257,0.53,0.006,-5.554,-6.341,-6.387,1549047148065
35,0.506,0.063,0.129,-4.558,-6.172,-5.442,1549047148086
35,0.011,-0.038,0.164,-4.224,-9.204,-4.445,1549047148106
35,-0.59,0.13,0.209,-5.247,-9.839,-4.838,1549047148125
35,-0.028,0.309,0.152,-5.5,-7.504,-5.105,1549047148145
35,0.618,0.104,0.076,-4.881,-5.894,-5.317,1549047148165
35,0.55,0.045,0.048,-4.728,-7.75,-4.835,1549047148185
35,0.05,0.056,0.092,-4.705,-8.445,-5.714,1549047148205
35,0.202,-0.07,0.029,-4.786,-7.219,-5.549,1549047148225
36,0.565,0.025,0.114,-4.464,-6.858,-5.69,1549047148245
36,0.442,0.025,0.104,-4.509,-7.175,-5.116,1549047148266
36,0.227,0.023,0.048,-4.981,-8.031,-5.157,1549047148285
36,0.168,-0.021,0.058,-4.542,-7.531,-5.436,1549047148305
36,0.458,0.073,0.175,-4.912,-6.872,-5.518,1549047148325
36,0.55,0.247,0.241,-4.798,-7.598,-4.957,1549047148346
36,0.308,0.119,0.221,-4.837,-8.395,-4.901,1549047148365
36,0.239,0.015,0.257,-4.72,-7.913,-5.209,1549047148385
36,0.636,0.065,0.368,-4.558,-6.775,-5.177,1549047148406
36,0.804,0.128,0.445,-5.048,-6.119,-5.416,1549047148426
36,0.423,0.264,0.456,-5.129,-6.818,-4.982,1549047148445
36,0.052,0.128,0.443,-4.536,-8.577,-4.569,1549047148465
36,0.014,0.022,0.504,-5.143,-8.889,-3.758,1549047148485
37,0.337,0.242,0.559,-5.415,-7.934,-4.246,1549047148506
37,0.668,0.397,0.628,-4.998,-6.575,-4.98,1549047148526
37,0.679,0.434,0.624,-5.486,-7.212,-4.548,1549047148546
37,0.461,0.42,0.558,-5.221,-8.612,-4.729,1549047148565
37,0.578,0.184,0.445,-4.44,-8.052,-3.641,1549047148585
37,1.067,0.19,0.451,-5.229,-6.816,-4.101,1549047148606
37,1.222,0.523,0.452,-5.61,-6.845,-4.688,1549047148627
37,1.098,0.603,0.44,-4.829,-7.887,-3.963,1549047148646
37,0.922,0.337,0.396,-4.709,-7.819,-4.253,1549047148666
37,1.092,0.522,0.421,-5.565,-6.493,-4.409,1549047148686
37,1.288,0.804,0.51,-5.623,-5.874,-4.961,1549047148706
37,1.133,0.782,0.513,-5.214,-7.43,-3.442,1549047148726
37,0.964,0.516,0.481,-5.336,-7.938,-3.219,1549047148746
37,1.257,0.674,0.528,-5.128,-6.982,-3.276,1549047148765
37,1.469,0.867,0.504,-5.19,-6.872,-3.195,1549047148785
38,1.229,0.932,0.432,-5.838,-7.097,-3.538,1549047148805
38,1.119,0.984,0.389,-5.579,-6.726,-3.751,1549047148825
38,1.227,0.95,0.36,-5.305,-6.883,-2.901,1549047148845
38,0.978,0.931,0.303,-5.429,-7.689,-3.08,1549047148866
38,0.713,1.003,0.254,-5.497,-7.606,-4.008,1549047148886
38,0.726,1.038,0.268,-5.091,-7.689,-3.747,1549047148906
38,0.868,0.986,0.322,-5.629,-7.366,-3.249,1549047148925
38,0.737,0.915,0.26,-6.004,-7.957,-3.031,1549047148945
38,0.647,0.881,0.252,-5.466,-8.408,-2.412,1549047148966
38,0.725,0.787,0.26,-5.241,-8.241,-2.022,1549047148986
38,0.65,0.795,0.196,-5.446,-8.169,-3.271,1549047149006
39,0.403,0.9,0.133,-5.584,-7.07,-4.49,1549047149026
39,0.39,0.791,0.096,-5.706,-7.037,-2.995,1549047149046
39,0.525,0.618,0.078,-5.406,-8.325,-2.164,1549047149067
39,0.429,0.298,-0.163,-5.02,-9.271,-2.001,1549047149087
39,0.234,-0.025,-0.311,-5.528,-9.785,-1.435,1549047149106
39,0.279,0.152,-0.186,-5.122,-8.457,-3.187,1549047149127
39,0.604,0.568,-0.045,-6.35,-6.255,-4.045,1549047149147
39,0.888,0.682,-0.041,-5.836,-6.027,-3.353,1549047149167
39,0.982,0.541,-0.106,-7.267,-7.732,-1.056,1549047149186
39,0.267,0.155,-0.072,-4.847,-8.658,-2.067,1549047149207
39,0.17,-0.009,-0.185,-4.709,-8.659,-3.048,1549047149226
40,0.684,0.006,-0.074,-5.14,-8.201,-2.407,1549047149246
40,1.223,0.089,-0.07,-5.258,-7.853,-1.55,1549047149266
40,1.144,0.143,0.072,-5.01,-8.037,-1.898,1549047149287
40,0.36,0.165,-0.072,-4.984,-8.355,-2.494,1549047149307
40,0.136,0.132,-0.095,-5.634,-7.887,-1.479,1549047149327
40,0.543,0.181,0.032,-6.168,-7.823,-0.853,1549047149347
40,0.41,0.059,-0.046,-5.035,-8.431,-1.942,1549047149367
40,0.259,0.278,0.033,-5.699,-7.855,-1.995,1549047149387
40,0.247,0.479,0.039,-6.244,-7.823,-1.59,1549047149407
40,0.532,0.43,0.188,-5.428,-8.653,-1.155,1549047149427
40,0.321,0.365,0.183,-4.999,-8.574,-1.674,1549047149446
40,0.387,0.411,0.196,-5.525,-7.899,-2.278,1549047149467
40,0.84,0.569,0.264,-5.411,-8.444,-1.484,1549047149486
40,0.849,0.524,0.274,-5.713,-8.02,-0.912,1549047149507
41,0.325,0.495,0.217,-5.874,-8.572,-1.141,1549047149527
41,-0.127,0.346,0.188,-5.73,-9.189,-1.156,1549047149546
41,0.022,0.31,0.216,-5.897,-9.663,-0.702,1549047149567
41,0.434,0.28,0.238,-5.791,-8.992,-0.673,1549047149587
41,0.732,0.329,0.284,-5.149,-8.164,-1.171,1549047149607
41,0.591,0.25,0.189,-5.63,-7.663,-1.962,1549047149627
41,0.255,0.251,0.16,-5.965,-8.915,-2.255,1549047149647
41,0.309,0.291,0.064,-5.238,-9.601,0.553,1549047149667
41,0.383,0.254,0.053,-4.992,-10.291,-1.202,1549047149687
41,0.733,0.297,-0.031,-5.409,-7.35,-1.901,1549047149706
41,0.885,0.277,-0.01,-6.156,-6.592,-1.949,1549047149727
41,0.49,0.221,-0.025,-6.104,-8.807,-0.867,1549047149747
42,0.253,0.138,0.083,-4.297,-10.11,-1.492,1549047149767
42,0.572,0.131,0.071,-4.902,-8.551,-0.952,1549047149787
42,0.885,0.226,0.122,-5.173,-7.848,-1.643,1549047149806
42,0.365,0.145,-0.01,-5.393,-8.24,-0.899,1549047149827
42,0.234,0.115,-0.023,-5.441,-9.664,-0.665,1549047149847
42,0.302,0.098,-0.088,-4.483,-9.621,-1.431,1549047149866
42,0.705,0.216,-0.142,-5.672,-8.216,0.17,1549047149887
42,0.635,0.345,-0.283,-4.676,-9.2,-0.126,1549047149906
42,0.28,0.284,-0.467,-5.461,-8.678,-0.909,1549047149926
42,0.292,0.348,-0.319,-4.996,-8.887,-0.956,1549047149946
42,0.445,0.397,-0.289,-4.516,-8.872,-0.849,1549047149967
42,0.577,0.422,-0.23,-4.915,-8.435,-0.255,1549047149986
42,0.444,0.43,-0.19,-4.831,-8.128,-0.459,1549047150007
42,0.35,0.444,-0.069,-4.83,-8.743,-0.884,1549047150026
43,0.491,0.511,-0.168,-4.253,-9.51,-0.227,1549047150046
43,0.394,0.665,-0.02,-4.254,-9.329,-0.284,1549047150067
43,0.548,0.809,-0.022,-4.158,-8.649,-1.039,1549047150087
43,0.367,0.85,-0.101,-4.553,-8.649,-0.95,1549047150107
43,-0.043,0.796,-0.185,-4.716,-9.584,-0.771,1549047150126
43,-0.019,0.823,-0.223,-4.866,-8.856,-0.411,1549047150146
43,0.424,0.836,-0.196,-4.622,-8.858,-0.611,1549047150166
43,0.697,0.834,-0.149,-4.179,-9.138,-0.652,1549047150187
43,0.363,0.82,-0.215,-3.87,-10.356,-0.927,1549047150207
43,-0.146,0.788,-0.357,-4.822,-8.604,-1.483,1549047150227
43,0.037,0.835,-0.338,-5.378,-7.606,-1.08,1549047150247
44,0.275,0.819,-0.26,-5.538,-7.624,-0.559,1549047150267
44,0.233,0.705,-0.225,-5.222,-8.809,-0.489,1549047150287
44,0.646,0.568,-0.542,-5.031,-9.721,0.21,1549047150307
44,0.629,0.643,-0.241,-3.836,-9.486,-0.607,1549047150326
44,0.127,0.521,-0.364,-4.864,-8.164,-0.911,1549047150347
44,-0.035,0.334,-0.387,-4.997,-8.315,-0.221,1549047150366
44,-0.088,0.212,-0.432,-5.004,-8.503,0.965,1549047150386
44,0.119,0.011,-0.088,-4.408,-11.645,1.015,1549047150407
44,0.226,-0.145,-0.502,-3.729,-10.894,-0.821,1549047150426
44,0.18,0.225,-0.412,-3.879,-7.028,-2.019,1549047150446
44,0.095,0.223,-0.521,-4.111,-8.629,-1.141,1549047150467
44,-0.176,0.063,-0.589,-3.478,-9.521,-0.93,1549047150487
44,-0.065,0.067,-0.552,-3.958,-9.448,0.517,1549047150507
44,0.145,0.099,-0.472,-3.057,-9.157,-1.064,1549047150527
44,0.167,0.068,-0.346,-3.234,-9.14,-1.405,1549047150548
45,0.145,0.064,-0.32,-3.239,-9.698,-0.295,1549047150567
45,0.19,0.053,-0.273,-3.05,-10.089,-1.08,1549047150587
45,0.105,0.067,-0.214,-3.521,-9.367,-0.955,1549047150607
45,0.019,0.053,-0.202,-3.453,-8.593,-0.317,1549047150627
45,-0.173,-0.056,-0.233,-2.838,-10.339,0.149,1549047150648
45,-0.206,-0.104,-0.258,-3.281,-10.003,-0.114,1549047150668
45,0.036,-0.054,-0.234,-2.755,-9.278,-0.204,1549047150688
45,0.159,-0.099,-0.33,-2.58,-10.007,-0.09,1549047150707
45,0.044,-0.083,-0.326,-3.451,-8.425,-0.817,1549047150728
45,0.106,-0.032,-0.273,-3.022,-9.383,-0.036,1549047150747
45,0.0,-0.111,-0.32,-2.382,-11.281,0.848,1549047150767
45,0.093,-0.086,-0.318,-1.732,-10.763,-0.216,1549047150788
46,0.015,-0.044,-0.352,-1.99,-10.347,-0.365,1549047150808
46,-0.017,-0.067,-0.364,-2.309,-9.772,-1.593,1549047150827
46,-0.02,-0.078,-0.386,-3.362,-9.566,-0.554,1549047150847
46,-0.05,-0.113,-0.37,-2.357,-10.639,-0.532,1549047150867
46,-0.136,-0.199,-0.325,-2.046,-11.112,-0.88,1549047150888
46,0.039,-0.189,-0.283,-2.054,-10.627,-0.67,1549047150908
46,0.163,-0.143,-0.283,-1.65,-10.692,-0.555,1549047150928
46,0.001,-0.131,-0.277,-2.252,-9.765,-1.692,1549047150948
46,-0.132,-0.106,-0.214,-2.825,-9.267,-0.823,1549047150968
46,-0.12,-0.144,-0.138,-2.407,-10.83,-0.398,1549047150988
46,-0.072,-0.168,-0.093,-2.079,-11.056,-0.597,1549047151008
46,0.035,-0.108,-0.083,-2.124,-10.145,-0.878,1549047151027
46,0.022,-0.061,-0.092,-1.955,-9.999,-0.861,1549047151047
46,-0.098,-0.085,-0.114,-2.589,-9.727,-0.592,1549047151068
47,-0.15,-0.085,-0.126,-2.761,-9.74,-0.136,1549047151088
47,-0.122,-0.066,-0.138,-2.436,-10.21,-0.214,1549047151108
47,-0.004,-0.059,-0.155,-2.526,-9.998,-1.018,1549047151128
47,0.031,-0.059,-0.117,-2.108,-9.695,-0.856,1549047151147
47,-0.018,-0.113,-0.161,-1.971,-10.743,-0.57,1549047151167
47,-0.094,-0.138,-0.193,-1.919,-10.245,-0.691,1549047151188
47,-0.01,-0.073,-0.184,-2.161,-10.086,-0.436,1549047151208
47,0.08,-0.049,-0.206,-1.9,-10.767,-1.012,1549047151228
47,0.087,-0.05,-0.18,-2.271,-10.001,-1.286,1549047151248
47,0.099,-0.038,-0.133,-1.891,-10.137,-0.689,1549047151268
47,0.022,-0.117,-0.105,-1.689,-10.509,-0.526,1549047151288
47,0.071,-0.108,-0.073,-1.562,-10.527,-0.834,1549047151308
48,0.052,-0.079,-0.083,-1.378,-10.523,-0.464,1549047151328
48,0.018,-0.041,-0.085,-1.53,-9.967,-0.737,1549047151348
48,0.102,0.001,-0.087,-2.179,-9.773,-0.696,1549047151368
48,0.152,0.0,-0.095,-1.898,-10.239,-0.353,1549047151388
48,0.228,-0.021,-0.093,-1.893,-9.874,-0.81,1549047151408
48,0.255,0.004,-0.079,-1.683,-10.187,-0.987,1549047151428
48,0.029,-0.036,-0.073,-1.319,-10.49,-0.448,1549047151447
48,0.063,-0.044,-0.073,-1.581,-10.224,0.098,1549047151468
48,0.202,-0.022,-0.068,-1.495,-10.17,-0.373,1549047151488
48,0.175,-0.043,-0.087,-1.278,-10.291,-0.385,1549047151508
48,0.087,-0.052,-0.076,-1.636,-9.69,-0.889,1549047151527
49,0.027,-0.065,-0.046,-1.581,-10.035,-0.578,1549047151548
49,0.065,-0.14,-0.04,-1.412,-10.804,0.092,1549047151567
49,0.182,-0.143,-0.069,-1.641,-10.612,-0.135,1549047151588
49,0.19,-0.108,-0.047,-1.375,-10.449,-0.604,1549047151607
49,0.185,-0.104,-0.076,-1.403,-10.132,-0.071,1549047151628
49,0.212,-0.093,-0.084,-1.588,-10.091,-0.157,1549047151647
49,0.195,-0.092,-0.082,-1.608,-9.989,0.114,1549047151667
49,0.133,-0.092,-0.1,-1.804,-9.754,-0.015,1549047151687
49,0.043,-0.085,-0.13,-1.758,-10.434,-0.59,1549047151708
49,0.053,-0.098,-0.131,-1.295,-10.037,-0.296,1549047151728
49,0.162,-0.112,-0.087,-1.57,-10.023,-0.063,1549047151747
50,0.119,-0.048,-0.113,-1.33,-10.516,-0.108,1549047151768
50,0.039,-0.092,-0.065,-0.972,-10.466,-0.06,1549047151787
50,0.009,-0.134,-0.065,-1.15,-10.264,-0.154,1549047151808
50,0.011,-0.114,-0.107,-1.273,-9.911,0.218,1549047151828
50,0.019,-0.135,-0.107,-1.42,-9.899,0.271,1549047151848
50,0.072,-0.142,-0.107,-1.239,-9.938,0.164,1549047151868
50,0.16,-0.127,-0.117,-1.211,-10.186,0.367,1549047151887
50,0.119,-0.133,-0.142,-1.154,-10.279,0.634,1549047151908
50,0.072,-0.145,-0.164,-1.453,-10.548,0.944,1549047151928
50,0.057,-0.19,-0.201,-1.179,-10.552,0.685,1549047151948
50,0.136,-0.223,-0.203,-0.847,-9.505,0.937,1549047151968
50,0.206,-0.199,-0.174,-0.655,-10.183,1.4,1549047151988
51,0.3,-0.316,-0.158,-0.888,-11.26,1.029,1549047152008
51,0.452,-0.31,-0.227,-1.028,-10.279,0.161,1549047152028
51,0.741,-0.151,-0.153,-1.439,-10.352,-0.254,1549047152048
51,0.718,-0.198,-0.072,-1.449,-10.785,-0.172,1549047152068
51,0.869,-0.377,-0.154,-1.413,-10.398,0.602,1549047152088
51,0.993,-0.306,-0.158,-1.625,-10.618,0.903,1549047152108
51,0.717,-0.284,-0.176,-1.644,-10.124,0.567,1549047152128
51,0.728,-0.249,-0.157,-1.292,-9.93,0.499,1549047152149
51,0.678,-0.25,-0.166,-1.225,-9.983,0.293,1549047152168
51,0.496,-0.213,-0.148,-1.113,-9.16,0.345,1549047152188
52,0.306,-0.186,-0.175,-1.216,-8.645,0.997,1549047152208
52,0.097,-0.195,-0.148,-0.856,-9.908,1.724,1549047152228
52,0.143,-0.218,-0.191,-0.429,-10.121,1.923,1549047152248
52,0.511,-0.137,-0.158,-0.722,-10.271,1.462,1549047152269
52,0.48,0.002,-0.162,-0.875,-9.469,0.898,1549047152288
52,0.322,0.003,-0.129,-0.862,-9.389,1.403,1549047152309
52,0.161,-0.104,-0.11,-0.862,-10.574,1.75,1549047152328
52,0.125,-0.178,-0.142,-0.471,-10.203,1.956,1549047152348
52,0.296,-0.048,-0.06,-0.385,-10.005,2.056,1549047152368
52,0.067,0.005,-0.022,-0.437,-9.898,1.486,1549047152388
52,-0.228,0.019,-0.06,-0.475,-9.62,1.676,1549047152408
52,-0.14,-0.004,-0.062,-0.462,-9.859,2.016,1549047152429
52,0.015,0.0,-0.074,-0.493,-9.555,2.446,1549047152448
53,0.027,0.101,-0.056,-0.487,-9.938,2.144,1549047152468
53,-0.148,0.105,-0.052,-0.3,-10.103,2.1,1549047152488
53,-0.15,0.049,-0.028,-0.387,-10.555,2.069,1549047152509
53,-0.066,0.028,-0.043,-0.422,-9.822,1.992,1549047152528
53,0.124,0.075,-0.037,-0.707,-9.808,1.817,1549047152548
53,0.066,0.075,-0.053,-0.506,-10.267,1.718,1549047152569
53,0.0,0.023,-0.056,-0.344,-10.005,1.928,1549047152589
53,-0.035,-0.025,-0.03,-0.463,-9.903,1.982,1549047152609
53,-0.004,-0.024,-0.043,-0.436,-9.834,1.98,1549047152629
53,0.024,-0.004,-0.043,-0.505,-9.826,1.705,1549047152649
54,0.025,0.032,-0.036,-0.619,-10.082,1.7,1549047152668
54,-0.031,0.024,-0.036,-0.523,-10.028,1.75,1549047152689
54,-0.083,-0.025,-0.028,-0.419,-9.733,1.785,1549047152708
54,-0.078,-0.011,-0.02,-0.423,-9.817,1.875,1549047152728
54,-0.082,0.015,-0.041,-0.469,-10.09,2.092,1549047152749
54,-0.014,0.035,-0.027,-0.541,-9.995,1.786,1549047152768
54,-0.018,0.044,-0.026,-0.415,-9.959,1.613,1549047152789
54,-0.067,0.003,-0.034,-0.443,-9.891,1.845,1549047152809
54,-0.056,-0.013,-0.036,-0.311,-10.098,2.091,1549047152829
54,-0.071,-0.026,-0.033,-0.253,-10.17,1.962,1549047152849
54,-0.014,0.001,-0.026,-0.399,-9.868,1.407,1549047152869
54,0.046,0.024,-0.03,-0.615,-9.779,1.686,1549047152889
55,-0.013,-0.021,-0.032,-0.271,-10.076,1.914,1549047152909
55,-0.036,-0.047,-0.032,-0.277,-10.018,1.79,1549047152929
55,-0.029,-0.009,-0.026,-0.669,-10.023,1.649,1549047152949
55,-0.002,0.044,-0.037,-0.372,-9.901,1.807,1549047152969
55,-0.033,-0.02,-0.036,-0.269,-9.84,2.009,1549047152989
55,-0.058,-0.003,-0.03,-0.24,-9.939,1.87,1549047153009
55,-0.055,0.023,-0.043,-0.319,-10.078,1.665,1549047153029
55,-0.056,0.019,-0.043,-0.446,-9.863,1.55,1549047153049
55,-0.026,0.021,-0.023,-0.247,-10.246,1.881,1549047153069
55,-0.07,-0.033,-0.018,-0.083,-10.049,1.839,1549047153089
55,-0.029,-0.029,-0.012,-0.461,-9.889,1.631,1549047153109
56,0.003,0.054,-0.013,-0.324,-10.002,1.675,1549047153129
56,0.041,0.008,-0.009,-0.202,-10.08,1.813,1549047153150
56,-0.015,0.015,-0.011,-0.285,-10.118,1.793,1549047153169
56,-0.081,0.024,-0.002,-0.422,-9.848,1.754,1549047153189
56,-0.031,0.046,0.0,-0.205,-10.108,1.881,1549047153209
56,-0.051,0.008,0.01,-0.19,-10.393,1.731,1549047153229
56,-0.029,0.017,0.019,-0.505,-9.943,1.544,1549047153249
56,-0.005,0.058,0.035,-0.333,-10.103,1.498,1549047153269
56,-0.085,-0.025,0.058,-0.308,-10.327,1.584,1549047153290
56,-0.079,-0.061,0.078,-0.494,-9.98,1.71,1549047153309
56,-0.004,-0.02,0.087,-0.474,-9.915,1.441,1549047153330
57,-0.004,-0.042,0.098,-0.533,-10.13,1.312,1549047153350
57,-0.081,-0.055,0.102,-0.667,-10.076,1.734,1549047153369
57,-0.168,-0.089,0.108,-0.734,-10.123,1.612,1549047153390
57,-0.255,-0.072,0.121,-0.65,-10.103,1.262,1549047153409
57,-0.24,-0.054,0.127,-0.623,-9.619,1.16,1549047153430
57,-0.144,-0.038,0.112,-0.774,-9.654,1.265,1549047153450
57,-0.208,-0.02,0.075,-0.809,-10.116,1.25,1549047153470
57,-0.272,-0.015,0.056,-0.655,-10.396,1.065,1549047153489
57,-0.221,-0.014,0.048,-0.318,-10.537,1.181,1549047153509
57,-0.154,0.046,0.043,-0.468,-10.311,0.835,1549047153530
57,-0.166,0.093,0.013,-0.503,-10.212,1.094,1549047153550
58,-0.136,0.169,-0.05,-0.471,-10.331,0.88,1549047153570
58,-0.119,0.18,-0.084,-0.769,-10.024,0.861,1549047153589
58,-0.018,0.228,-0.108,-0.768,-9.952,0.914,1549047153610
58,-0.145,0.232,-0.097,-0.46,-10.009,1.088,1549047153629
58,-0.205,0.185,-0.07,-0.493,-10.347,1.023,1549047153650
58,-0.12,0.217,-0.101,-0.636,-10.126,1.496,1549047153670
58,0.015,0.298,-0.101,-0.466,-9.772,1.094,1549047153690
58,-0.081,0.338,-0.073,-0.494,-9.857,0.643,1549047153709
58,-0.19,0.375,-0.078,-0.719,-10.333,0.703,1549047153729
58,-0.232,0.409,-0.099,-0.335,-10.387,0.859,1549047153750
58,-0.137,0.374,-0.113,-0.243,-10.151,1.125,1549047153770
59,-0.081,0.425,-0.13,-0.259,-10.073,1.253,1549047153790
59,-0.18,0.493,-0.197,-0.154,-10.135,1.123,1549047153810
59,-0.347,0.514,-0.193,0.116,-10.815,0.66,1549047153830
59,-0.395,0.473,-0.201,0.137,-10.934,0.729,1549047153850
59,-0.135,0.525,-0.189,-0.146,-10.095,1.181,1549047153870
59,-0.032,0.605,-0.299,-0.494,-9.817,0.736,1549047153890
59,-0.305,0.623,-0.301,-0.416,-10.002,0.312,1549047153910
59,-0.552,0.533,-0.262,-0.293,-10.496,0.424,1549047153930
59,-0.502,0.468,-0.233,-0.403,-10.273,0.662,1549047153950
59,-0.305,0.553,-0.235,-0.375,-10.151,0.133,1549047153970
59,-0.274,0.57,-0.247,-0.199,-10.136,0.271,1549047153990
60,-0.204,0.493,-0.208,-0.053,-10.202,0.727,1549047154010
60,-0.139,0.469,-0.233,-0.11,-10.635,0.165,1549047154030
60,-0.074,0.471,-0.225,0.146,-10.146,0.197,1549047154050
60,0.102,0.426,-0.212,0.06,-9.766,0.248,1549047154070
60,0.105,0.42,-0.192,-0.034,-10.259,0.439,1549047154090
60,0.049,0.381,-0.186,0.028,-10.863,0.546,1549047154110
60,0.233,0.314,-0.192,-0.04,-10.047,1.092,1549047154130
60,0.403,0.311,-0.182,0.091,-10.066,0.549,1549047154150
60,0.249,0.275,-0.172,0.207,-10.058,0.514,1549047154170
60,0.285,0.244,-0.152,0.232,-10.018,1.06,1549047154190
60,0.285,0.207,-0.155,0.413,-10.293,1.074,1549047154210
60,0.231,0.181,-0.145,0.457,-10.147,0.954,1549047154231
60,0.206,0.2,-0.122,0.244,-9.879,0.387,1549047154250
60,0.148,0.21,-0.12,0.108,-9.877,0.392,1549047154271
61,0.12,0.175,-0.092,-0.073,-9.974,0.556,1549047154290
61,0.123,0.147,-0.059,-0.08,-10.071,0.836,1549047154310
61,0.107,0.103,-0.03,0.196,-10.331,0.885,1549047154331
61,0.117,0.087,-0.022,0.278,-10.039,1.029,1549047154351
61,0.08,0.107,0.006,0.209,-10.285,0.661,1549047154371
61,0.007,0.118,0.004,0.326,-10.11,0.728,1549047154391
61,0.027,0.105,0.021,0.208,-10.305,0.755,1549047154410
61,0.0,0.096,0.022,0.075,-10.102,0.861,1549047154431
61,0.013,0.074,0.036,0.178,-10.176,0.85,1549047154450
61,-0.005,0.052,0.037,0.234,-10.174,0.861,1549047154471
61,0.075,0.053,0.037,0.317,-10.074,0.896,1549047154491
61,0.09,0.051,0.034,0.271,-10.105,0.887,1549047154511
