pack,vx,vy,vz,ax,ay,az,time
1,0.018,-0.418,0.016,-1.77,-9.162,-4.596,1549046495769
1,0.059,-0.51,0.023,-1.493,-8.744,-4.542,1549046495790
1,-0.033,-0.637,0.053,-1.214,-10.127,-3.996,1549046495809
1,-0.118,-0.788,0.068,-1.538,-9.738,-3.912,1549046495829
1,0.021,-0.821,0.0,-1.623,-9.336,-3.956,1549046495850
1,0.115,-0.908,-0.018,-1.423,-8.752,-3.643,1549046495869
1,0.145,-0.999,-0.056,-1.135,-9.413,-3.427,1549046495890
1,0.21,-1.082,-0.108,-1.378,-10.746,-3.834,1549046495909
1,0.269,-1.072,-0.067,-1.905,-11.023,-5.128,1549046495930
1,0.508,-1.043,-0.014,-2.284,-7.122,-4.656,1549046495949
1,0.745,-1.002,0.083,-3.158,-10.581,-3.282,1549046495969
1,0.382,-1.121,0.351,-2.396,-9.517,-2.569,1549046495990
2,0.393,-1.448,0.177,-2.688,-9.982,-3.169,1549046496010
2,0.289,-1.516,0.09,-2.268,-9.788,-3.757,1549046496030
2,0.76,-1.561,-0.108,-2.299,-5.868,-3.087,1549046496050
2,0.599,-1.475,-0.222,-2.036,-9.419,-2.614,1549046496070
2,0.112,-1.598,-0.02,-1.961,-10.555,-2.776,1549046496090
2,0.212,-1.631,0.063,-2.188,-9.758,-1.892,1549046496110
2,0.485,-1.592,0.051,-2.606,-7.867,-2.406,1549046496130
2,0.107,-1.547,0.029,-3.276,-8.581,-3.061,1549046496150
2,-0.345,-1.617,0.177,-3.357,-8.965,-4.741,1549046496170
2,-0.491,-1.752,0.14,-2.647,-9.331,-4.446,1549046496190
2,-0.4,-1.895,0.044,-1.288,-11.075,-3.067,1549046496210
2,-0.214,-1.93,0.061,-1.539,-9.634,-2.362,1549046496230
2,-0.163,-1.492,0.252,-3.218,-7.02,-3.026,1549046496250
3,-0.526,-1.257,0.183,-2.361,-7.216,-3.493,1549046496270
3,-1.281,-1.395,-0.037,-1.274,-11.013,-3.721,1549046496291
3,-1.651,-1.421,-0.138,-1.907,-13.021,-4.834,1549046496310
3,-0.969,-1.103,0.031,-2.915,-10.397,-4.178,1549046496330
3,-0.245,-0.743,0.207,-3.353,-6.804,-4.065,1549046496350
3,-0.392,-0.714,0.16,-2.701,-7.774,-3.83,1549046496370
3,-0.744,-0.996,-0.098,-3.019,-10.251,-3.705,1549046496390
3,-0.4,-0.962,-0.172,-4.069,-8.757,-2.611,1549046496410
3,-0.159,-0.675,-0.1,-3.803,-7.779,-4.484,1549046496431
3,-0.796,-0.835,-0.182,-2.825,-9.685,-2.801,1549046496450
3,-1.164,-1.035,-0.089,-2.895,-9.492,-4.47,1549046496471
3,-1.151,-0.842,-0.112,-4.408,-6.931,-5.315,1549046496491
3,-0.461,-0.345,-0.121,-4.235,-9.204,-3.428,1549046496511
3,-0.801,-0.642,-0.262,-4.066,-13.153,-2.283,1549046496531
4,-1.319,-0.908,-0.249,-4.36,-11.77,-3.27,1549046496550
4,-0.802,-0.537,0.025,-4.211,-8.119,-4.531,1549046496570
4,-0.015,-0.199,0.226,-4.235,-8.608,-6.037,1549046496591
4,-0.478,-0.267,0.113,-3.846,-10.855,-4.927,1549046496611
4,-0.798,-0.728,-0.054,-3.595,-11.394,-4.343,1549046496631
4,-0.596,-0.788,0.013,-3.709,-9.053,-4.691,1549046496651
4,0.059,-0.48,0.198,-4.478,-7.565,-5.628,1549046496671
4,0.055,-0.329,0.359,-5.072,-9.137,-5.053,1549046496691
4,-0.343,-0.645,0.15,-3.973,-10.246,-4.074,1549046496711
4,-0.41,-0.993,0.097,-3.82,-9.396,-4.376,1549046496730
4,-0.135,-0.749,0.267,-4.342,-7.924,-4.212,1549046496751
4,-0.168,-0.59,0.337,-4.94,-8.364,-3.367,1549046496770
5,-0.226,-0.672,0.264,-4.423,-9.26,-3.592,1549046496791
5,-0.246,-0.791,0.176,-4.136,-9.256,-3.626,1549046496810
5,0.027,-0.615,0.259,-4.202,-8.702,-3.965,1549046496831
5,0.097,-0.511,0.295,-4.364,-7.67,-4.683,1549046496851
5,0.252,-0.374,0.385,-4.384,-8.4,-3.569,1549046496871
5,0.014,-0.547,0.274,-4.16,-9.396,-2.051,1549046496891
5,-0.127,-0.574,0.259,-4.427,-9.508,-3.411,1549046496912
5,0.059,-0.372,0.333,-4.697,-7.21,-4.946,1549046496932
5,0.388,-0.196,0.478,-5.323,-7.236,-4.275,1549046496952
5,-0.028,-0.343,0.403,-4.248,-10.042,-2.661,1549046496971
5,-0.463,-0.671,0.219,-4.36,-9.68,-2.993,1549046496991
5,-0.193,-0.438,0.345,-5.241,-7.611,-3.806,1549046497011
5,0.041,-0.294,0.406,-5.816,-6.784,-4.253,1549046497031
5,-0.075,-0.313,0.332,-5.736,-8.802,-2.906,1549046497051
6,-0.227,-0.56,0.15,-4.461,-8.847,-3.076,1549046497072
6,-0.048,-0.529,0.207,-5.167,-7.705,-3.182,1549046497092
6,0.106,-0.34,0.244,-5.208,-7.878,-3.605,1549046497112
6,0.083,-0.357,0.213,-5.637,-6.892,-3.649,1549046497132
6,0.107,-0.308,0.241,-5.302,-7.687,-3.09,1549046497151
6,-0.055,-0.448,0.151,-4.802,-8.163,-3.115,1549046497171
6,0.056,-0.411,0.154,-5.44,-7.836,-3.463,1549046497192
6,0.216,-0.289,0.183,-5.331,-7.349,-2.843,1549046497212
6,0.396,-0.337,0.175,-5.268,-8.137,-1.707,1549046497231
6,0.266,-0.391,0.08,-4.928,-8.027,-2.188,1549046497251
6,0.328,-0.326,0.068,-5.697,-6.494,-2.777,1549046497271
6,0.663,-0.14,0.097,-6.109,-6.266,-2.732,1549046497291
6,0.553,-0.208,-0.019,-5.238,-7.723,-1.786,1549046497312
7,0.343,-0.337,-0.13,-5.43,-7.429,-2.394,1549046497331
7,0.326,-0.227,-0.099,-5.575,-6.861,-2.259,1549046497352
7,0.42,-0.212,-0.159,-5.592,-7.82,-1.066,1549046497372
7,0.483,-0.198,-0.179,-5.404,-7.371,-2.425,1549046497392
7,0.361,-0.153,-0.144,-5.468,-6.975,-1.821,1549046497411
7,0.195,-0.165,-0.174,-6.068,-7.724,-1.079,1549046497432
7,0.186,-0.094,-0.183,-5.807,-8.286,-1.252,1549046497451
7,0.211,-0.066,-0.19,-5.244,-7.701,-2.085,1549046497472
7,0.171,-0.077,-0.179,-5.366,-7.229,-2.424,1549046497491
7,0.387,-0.094,-0.188,-4.761,-8.18,-1.918,1549046497512
7,0.337,-0.132,-0.24,-5.116,-8.716,-0.349,1549046497532
8,0.101,-0.145,-0.214,-4.979,-8.172,-2.261,1549046497551
8,-0.051,-0.125,-0.153,-5.779,-7.074,-1.594,1549046497572
8,0.245,-0.195,-0.183,-4.84,-8.768,-1.672,1549046497592
8,0.102,-0.245,-0.309,-4.708,-9.793,-0.004,1549046497612
8,0.24,-0.186,-0.251,-4.535,-8.647,-1.632,1549046497631
8,0.459,-0.175,-0.238,-5.305,-7.299,-1.736,1549046497651
8,0.372,-0.206,-0.238,-5.2,-8.697,-0.126,1549046497672
8,0.217,-0.274,-0.258,-4.751,-9.66,-1.166,1549046497692
8,0.002,-0.236,-0.286,-4.557,-8.572,-0.864,1549046497712
8,0.195,-0.222,-0.222,-5.323,-7.733,-1.686,1549046497732
8,0.013,-0.19,-0.229,-5.211,-9.012,-0.717,1549046497751
9,-0.056,-0.208,-0.239,-4.709,-8.928,-1.191,1549046497772
9,0.0,-0.201,-0.233,-4.736,-8.566,-0.914,1549046497792
9,-0.083,-0.214,-0.223,-5.15,-8.278,-1.349,1549046497812
9,-0.201,-0.21,-0.233,-4.892,-9.306,-0.42,1549046497832
9,0.028,-0.238,-0.287,-4.377,-9.254,-0.935,1549046497852
9,0.16,-0.187,-0.3,-4.811,-7.745,-0.92,1549046497871
9,-0.021,-0.206,-0.307,-5.111,-8.308,-0.609,1549046497892
9,-0.352,-0.24,-0.321,-4.773,-9.641,-0.054,1549046497911
9,-0.234,-0.253,-0.414,-4.146,-9.635,-0.685,1549046497931
9,0.113,-0.177,-0.374,-4.547,-8.6,-1.149,1549046497952
9,0.088,-0.168,-0.328,-4.845,-8.875,-1.084,1549046497972
9,-0.01,-0.208,-0.338,-5.044,-9.12,-1.035,1549046497992
10,-0.084,-0.25,-0.351,-4.733,-8.944,-0.067,1549046498012
10,-0.115,-0.285,-0.411,-3.957,-9.104,-1.318,1549046498032
10,-0.208,-0.228,-0.383,-4.296,-9.658,-0.223,1549046498052
10,-0.122,-0.203,-0.343,-4.126,-9.557,-1.586,1549046498072
10,-0.128,-0.222,-0.332,-4.298,-9.09,-0.658,1549046498092
10,-0.251,-0.257,-0.304,-3.996,-10.146,-1.154,1549046498112
10,-0.344,-0.298,-0.317,-3.734,-9.901,-0.583,1549046498132
10,-0.111,-0.314,-0.321,-3.422,-9.908,-0.27,1549046498153
10,-0.044,-0.29,-0.287,-3.466,-9.34,-0.534,1549046498172
10,-0.16,-0.27,-0.265,-3.647,-9.698,-0.81,1549046498193
10,-0.389,-0.26,-0.263,-4.074,-9.84,-0.693,1549046498212
10,-0.286,-0.247,-0.264,-3.751,-9.303,-0.821,1549046498232
10,-0.222,-0.253,-0.256,-3.4,-9.505,-0.645,1549046498253
11,-0.342,-0.24,-0.247,-2.999,-10.045,-0.751,1549046498272
11,-0.318,-0.195,-0.237,-2.963,-10.255,-0.496,1549046498293
11,-0.046,-0.133,-0.246,-3.753,-9.186,-0.764,1549046498312
11,0.148,-0.095,-0.25,-3.657,-9.421,-0.649,1549046498332
11,-0.049,-0.157,-0.271,-3.326,-9.527,-0.358,1549046498352
11,-0.11,-0.188,-0.301,-3.313,-9.867,-0.477,1549046498373
11,-0.085,-0.17,-0.346,-2.882,-10.137,-0.339,1549046498393
11,0.081,-0.134,-0.336,-2.83,-10.09,-0.138,1549046498412
11,0.136,-0.079,-0.325,-2.94,-8.85,-2.087,1549046498433
11,0.047,-0.082,-0.308,-3.547,-9.108,-1.959,1549046498452
11,-0.151,-0.153,-0.304,-3.14,-10.252,-0.192,1549046498473
11,-0.106,-0.137,-0.305,-3.174,-10.015,-0.488,1549046498492
11,0.074,-0.041,-0.257,-2.828,-9.865,-0.593,1549046498513
11,0.093,-0.03,-0.212,-2.903,-9.613,-1.981,1549046498533
11,-0.035,0.0,-0.17,-2.722,-10.35,-1.102,1549046498553
11,0.045,-0.034,-0.163,-2.483,-9.605,-1.275,1549046498572
12,0.034,0.008,-0.106,-2.728,-9.823,-1.388,1549046498593
12,-0.143,0.042,-0.055,-2.801,-9.896,-1.823,1549046498612
12,-0.093,-0.005,-0.089,-2.899,-10.271,-1.196,1549046498633
12,0.072,-0.06,-0.134,-2.269,-10.303,-1.261,1549046498653
12,0.132,-0.089,-0.112,-2.881,-9.773,-0.928,1549046498673
12,0.141,-0.104,-0.116,-2.537,-9.893,-0.396,1549046498693
12,0.011,-0.091,-0.105,-3.066,-9.503,-1.732,1549046498713
12,-0.02,0.015,-0.082,-2.772,-9.783,-1.922,1549046498733
12,0.123,-0.005,-0.096,-2.962,-9.641,-1.116,1549046498753
12,0.079,-0.007,-0.085,-2.931,-10.097,-0.795,1549046498773
12,-0.033,-0.037,-0.092,-2.847,-9.858,-1.905,1549046498794
12,-0.02,-0.045,-0.103,-2.868,-9.916,-1.099,1549046498813
12,0.072,-0.131,-0.131,-2.408,-10.405,-1.21,1549046498833
12,0.147,-0.182,-0.15,-2.819,-9.733,-1.253,1549046498853
12,0.204,-0.197,-0.158,-2.438,-9.547,-1.884,1549046498873
12,0.137,-0.22,-0.158,-2.925,-9.64,-1.399,1549046498893
12,0.058,-0.19,-0.154,-3.376,-9.903,-0.716,1549046498914
13,0.055,-0.234,-0.159,-3.087,-10.029,-0.784,1549046498933
13,0.054,-0.272,-0.151,-2.796,-9.369,-0.983,1549046498954
13,0.029,-0.22,-0.111,-2.378,-9.623,-1.48,1549046498973
13,-0.134,-0.157,-0.104,-2.67,-9.974,-0.655,1549046498993
13,-0.191,-0.122,-0.127,-2.653,-9.511,-1.436,1549046499014
13,-0.229,-0.061,-0.098,-2.625,-9.829,-1.185,1549046499034
13,-0.189,-0.058,-0.079,-2.325,-10.26,-0.58,1549046499053
13,-0.092,-0.094,-0.108,-2.074,-10.187,-0.347,1549046499074
13,-0.036,-0.095,-0.114,-1.96,-10.198,-1.08,1549046499093
13,-0.017,-0.062,-0.088,-2.778,-9.4,-1.155,1549046499113
13,0.013,-0.073,-0.103,-2.099,-10.472,-0.019,1549046499134
13,-0.116,-0.106,-0.122,-2.54,-9.676,0.049,1549046499154
13,-0.03,-0.026,-0.083,-2.139,-10.5,-0.647,1549046499173
13,0.008,-0.01,-0.132,-2.048,-10.156,-1.014,1549046499194
14,0.1,-0.034,-0.171,-1.877,-10.415,-0.414,1549046499213
14,0.095,-0.049,-0.202,-1.973,-9.949,-1.15,1549046499234
14,0.081,-0.023,-0.233,-2.149,-9.82,-0.833,1549046499253
14,0.031,-0.052,-0.277,-2.74,-9.696,0.337,1549046499274
14,0.062,-0.058,-0.288,-2.419,-10.555,-0.255,1549046499294
14,0.096,-0.084,-0.281,-2.315,-10.202,0.445,1549046499314
14,0.243,-0.061,-0.261,-2.119,-10.445,-1.813,1549046499334
14,0.224,0.0,-0.238,-2.126,-10.233,-2.0,1549046499353
14,0.214,0.004,-0.222,-2.853,-9.552,1.081,1549046499374
14,0.12,0.025,-0.226,-2.543,-11.444,-1.21,1549046499394
14,-0.013,0.006,-0.256,-2.708,-10.777,0.339,1549046499413
15,0.213,-0.001,-0.219,-2.349,-9.997,-2.06,1549046499434
15,0.218,-0.057,-0.24,-1.969,-10.124,-0.815,1549046499453
15,0.084,-0.11,-0.215,-2.587,-9.867,-0.821,1549046499474
15,-0.083,-0.08,-0.208,-2.495,-10.858,-0.357,1549046499494
15,-0.026,-0.15,-0.217,-1.548,-11.387,-0.259,1549046499514
15,0.191,-0.133,-0.154,-1.965,-9.026,-1.599,1549046499534
15,0.324,-0.092,-0.108,-1.455,-9.834,-1.488,1549046499554
15,-0.044,-0.1,-0.095,-1.562,-9.965,-1.336,1549046499574
15,-0.221,-0.101,-0.081,-1.637,-10.579,-0.301,1549046499594
15,-0.302,-0.147,-0.091,-1.373,-11.355,0.185,1549046499614
15,-0.126,-0.131,-0.073,-1.946,-9.484,-0.61,1549046499634
16,0.227,-0.086,-0.061,-1.829,-9.818,-0.484,1549046499653
16,0.167,-0.101,-0.109,-1.852,-10.033,-0.573,1549046499674
16,0.007,-0.084,-0.087,-1.845,-10.14,-0.573,1549046499694
16,0.08,-0.096,-0.112,-1.472,-10.289,-0.445,1549046499714
16,0.161,-0.131,-0.073,-1.369,-10.516,-0.267,1549046499734
16,0.158,-0.148,-0.036,-1.282,-10.873,-0.874,1549046499754
16,0.097,-0.135,0.0,-1.295,-10.111,0.077,1549046499773
16,0.0,-0.098,0.018,-1.561,-10.508,0.042,1549046499794
16,-0.21,-0.013,0.004,-1.311,-10.028,-1.055,1549046499813
16,-0.083,-0.056,0.006,-1.513,-10.311,0.226,1549046499835
16,0.087,-0.15,-0.095,-1.436,-10.404,0.292,1549046499854
17,0.101,-0.072,-0.059,-0.99,-10.086,-0.674,1549046499875
17,0.074,-0.046,-0.041,-0.854,-10.649,0.128,1549046499894
17,0.088,-0.067,-0.076,-0.966,-10.738,0.04,1549046499914
17,0.093,-0.05,-0.085,-1.042,-10.391,0.467,1549046499934
17,0.309,-0.065,-0.107,-1.164,-10.59,0.587,1549046499955
17,0.394,-0.029,-0.115,-1.009,-10.053,0.741,1549046499974
17,0.258,-0.024,-0.132,-0.686,-10.291,0.304,1549046499994
17,0.379,-0.018,-0.156,-0.638,-10.593,0.274,1549046500015
17,0.689,-0.02,-0.202,-1.257,-10.228,-0.034,1549046500035
17,0.508,-0.025,-0.202,-0.753,-9.605,0.502,1549046500055
17,0.222,-0.072,-0.17,-1.232,-10.442,0.51,1549046500074
17,0.237,-0.013,-0.18,-1.364,-11.055,1.26,1549046500094
18,0.61,-0.012,-0.185,-0.578,-10.606,0.223,1549046500114
18,0.636,0.013,-0.276,-0.81,-9.14,-0.449,1549046500134
18,0.608,0.024,-0.245,-1.58,-10.111,-0.269,1549046500154
18,0.403,-0.016,-0.153,-1.422,-9.826,0.671,1549046500174
18,0.417,-0.084,-0.209,-1.545,-9.995,0.808,1549046500194
18,0.297,-0.038,-0.153,-1.524,-9.859,0.404,1549046500215
18,0.208,-0.036,-0.135,-1.504,-10.167,0.01,1549046500235
18,0.136,-0.034,-0.128,-1.12,-10.481,0.552,1549046500254
18,0.204,-0.07,-0.113,-0.948,-10.255,1.481,1549046500274
18,0.327,-0.082,-0.139,-0.751,-10.032,1.402,1549046500294
18,0.312,-0.017,-0.131,-0.938,-9.796,0.768,1549046500315
19,0.225,0.02,-0.07,-0.925,-9.654,0.474,1549046500334
19,0.111,0.02,-0.081,-0.913,-9.473,0.955,1549046500354
19,0.047,-0.016,-0.09,-0.767,-9.814,1.394,1549046500374
19,0.035,-0.05,-0.148,-0.721,-10.516,1.011,1549046500394
19,0.088,-0.04,-0.145,-0.865,-10.617,0.391,1549046500415
19,0.073,-0.03,-0.09,-0.992,-9.498,0.436,1549046500435
19,0.097,-0.034,-0.04,-1.141,-9.414,0.193,1549046500455
19,-0.038,-0.05,-0.056,-0.842,-9.428,-0.274,1549046500474
19,-0.162,-0.092,-0.085,-0.667,-10.267,-0.474,1549046500495
19,-0.082,-0.1,-0.112,-0.649,-9.63,0.308,1549046500515
19,0.13,-0.112,-0.08,-0.677,-9.371,0.686,1549046500535
19,-0.123,-0.134,-0.059,-1.076,-10.074,0.198,1549046500555
19,-0.435,-0.147,-0.086,-0.665,-10.427,0.848,1549046500575
20,-0.362,-0.173,-0.104,-0.18,-10.067,1.678,1549046500595
20,-0.244,-0.1,-0.062,-0.093,-10.132,1.69,1549046500615
20,-0.386,-0.022,-0.019,-0.164,-10.348,1.825,1549046500635
20,-0.306,-0.015,-0.026,-1.031,-10.126,2.273,1549046500655
20,-0.197,0.11,-0.006,-0.805,-10.24,2.142,1549046500675
20,0.148,0.188,0.011,-0.503,-10.581,1.759,1549046500695
20,0.072,0.188,0.021,-0.31,-10.94,1.353,1549046500715
20,-0.038,0.177,0.035,-0.524,-10.598,0.929,1549046500735
20,0.208,0.156,0.05,-0.406,-10.249,1.488,1549046500755
20,0.576,0.13,-0.005,-0.497,-10.046,1.587,1549046500775
20,0.487,0.105,-0.033,-0.242,-10.431,1.312,1549046500795
21,0.269,0.059,-0.061,-0.519,-9.798,1.628,1549046500815
21,0.303,0.047,-0.05,-0.73,-9.863,1.035,1549046500835
21,0.315,0.053,-0.091,-0.769,-10.256,0.855,1549046500855
21,0.372,0.063,-0.105,-0.653,-9.935,1.029,1549046500875
21,0.178,0.022,-0.083,-0.513,-10.38,1.016,1549046500895
21,0.041,0.014,-0.096,-0.759,-10.303,1.578,1549046500915
21,0.193,0.027,-0.062,-0.548,-9.88,1.691,1549046500935
21,0.141,0.045,-0.039,-0.43,-9.639,1.367,1549046500955
21,-0.061,0.039,-0.045,-0.353,-10.215,1.072,1549046500975
21,-0.079,0.011,-0.067,-0.219,-10.809,1.466,1549046500995
21,0.023,-0.018,-0.064,-0.334,-10.012,1.738,1549046501015
21,0.06,0.003,-0.023,-0.512,-9.713,1.33,1549046501035
21,0.012,0.014,-0.022,-0.486,-9.863,1.397,1549046501056
21,0.031,0.005,-0.032,-0.488,-9.968,1.405,1549046501076
22,0.019,-0.008,-0.039,-0.235,-10.375,1.432,1549046501096
22,-0.028,-0.024,-0.03,-0.435,-10.077,1.499,1549046501115
22,-0.044,0.022,0.0,-0.418,-10.095,1.352,1549046501136
22,0.0,0.024,-0.006,-0.413,-9.932,1.58,1549046501156
22,0.046,0.028,-0.005,-0.574,-9.896,1.388,1549046501176
22,-0.016,0.031,-0.012,-0.485,-10.101,1.296,1549046501196
22,-0.048,0.03,-0.004,-0.5,-10.137,1.191,1549046501216
22,0.003,0.014,-0.01,-0.321,-9.991,1.327,1549046501236
22,-0.005,-0.012,-0.013,-0.303,-10.073,1.381,1549046501256
22,-0.106,-0.019,-0.019,-0.354,-10.073,1.382,1549046501276
22,-0.087,-0.019,-0.014,-0.485,-9.897,1.692,1549046501296
22,-0.011,0.007,-0.03,-0.354,-10.062,1.662,1549046501316
23,0.026,-0.004,-0.04,-0.079,-10.381,1.379,1549046501336
23,-0.015,-0.034,-0.043,-0.443,-10.128,0.917,1549046501356
23,-0.146,-0.033,-0.019,-0.779,-9.4,1.228,1549046501376
23,-0.317,-0.039,0.044,-0.836,-9.448,1.267,1549046501396
23,-0.512,-0.054,0.025,-0.53,-10.051,0.946,1549046501416
23,-0.523,-0.055,0.016,-0.419,-10.654,0.967,1549046501436
23,-0.533,-0.026,0.047,-0.729,-10.483,1.079,1549046501456
23,-0.643,0.047,0.137,-0.444,-10.536,0.255,1549046501476
23,-1.242,0.079,0.282,-0.899,-10.23,-0.054,1549046501496
23,-1.282,0.149,0.316,-1.294,-9.513,0.535,1549046501516
23,-1.087,0.148,0.317,-0.909,-10.819,-0.377,1549046501536
23,-0.917,0.126,0.27,-0.728,-9.722,-0.374,1549046501556
24,-0.25,0.117,0.247,-0.855,-9.26,-0.349,1549046501576
24,-0.356,0.097,0.219,-0.966,-10.489,-0.166,1549046501596
24,-0.932,0.127,0.257,-1.132,-10.327,-0.654,1549046501616
24,-1.246,0.136,0.287,-1.583,-10.156,-0.442,1549046501636
24,-1.236,0.124,0.241,-1.22,-11.3,-0.729,1549046501656
24,-0.723,0.105,0.196,-0.905,-9.486,-1.059,1549046501676
24,-0.143,0.114,0.235,-0.022,-10.389,-1.187,1549046501696
24,-0.443,0.145,0.246,-0.463,-10.111,-1.459,1549046501716
24,-0.549,0.169,0.209,-0.919,-9.943,-2.149,1549046501736
24,-0.655,0.145,0.177,-0.859,-11.15,-2.58,1549046501756
24,-0.761,0.081,0.189,-0.541,-11.697,-1.313,1549046501776
24,-0.375,0.02,0.214,-1.43,-8.722,-0.649,1549046501796
25,-0.42,0.068,0.231,-1.773,-9.494,-1.806,1549046501817
25,-0.632,0.086,0.083,-0.737,-10.927,-2.964,1549046501836
25,-0.652,0.004,0.114,-0.297,-10.702,-2.35,1549046501856
25,-0.134,-0.089,0.061,-1.349,-11.592,-1.224,1549046501876
25,-0.192,-0.04,0.038,-2.111,-10.237,-2.142,1549046501896
25,-0.112,0.007,0.071,-1.624,-11.062,-2.577,1549046501917
25,-0.081,-0.123,0.05,-1.225,-11.774,-1.334,1549046501937
25,-0.067,-0.131,0.137,-1.798,-10.073,-2.425,1549046501957
25,0.096,-0.1,0.161,-1.373,-10.603,-2.319,1549046501977
25,-0.041,-0.172,0.188,-1.581,-11.137,-1.586,1549046501996
25,-0.141,-0.147,0.249,-2.013,-10.246,-2.563,1549046502016
25,-0.098,-0.125,0.282,-1.514,-10.148,-2.599,1549046502036
26,0.081,-0.173,0.265,-1.63,-9.955,-1.98,1549046502056
26,0.154,-0.171,0.269,-2.036,-10.014,-1.598,1549046502077
26,-0.027,-0.157,0.248,-1.745,-10.78,-1.686,1549046502096
26,-0.047,-0.144,0.248,-1.743,-9.802,-2.514,1549046502117
26,0.139,-0.108,0.303,-2.123,-9.294,-2.395,1549046502137
26,0.086,-0.129,0.273,-1.513,-10.493,-1.873,1549046502157
26,-0.092,-0.222,0.249,-1.563,-10.606,-1.577,1549046502177
26,-0.076,-0.186,0.256,-2.052,-9.533,-2.213,1549046502197
26,0.03,-0.088,0.314,-2.431,-8.269,-2.848,1549046502217
26,0.144,-0.079,0.314,-2.173,-11.024,-1.053,1549046502237
26,-0.101,-0.245,0.165,-1.848,-10.687,-1.675,1549046502257
27,-0.154,-0.139,0.251,-1.968,-9.569,-2.198,1549046502277
27,0.048,-0.1,0.279,-2.687,-9.595,-1.711,1549046502296
27,-0.012,-0.141,0.198,-2.597,-9.535,-2.3,1549046502317
27,-0.091,-0.177,0.151,-2.531,-10.047,-1.671,1549046502337
27,0.0,-0.246,0.075,-2.23,-10.339,-1.699,1549046502356
27,0.082,-0.215,0.078,-2.457,-9.335,-1.7,1549046502377
27,0.133,-0.176,0.101,-2.766,-8.772,-2.51,1549046502396
27,0.11,-0.12,0.106,-2.522,-9.559,-2.598,1549046502417
27,0.014,-0.155,0.068,-2.55,-9.991,-1.431,1549046502437
27,-0.08,-0.212,0.041,-2.569,-9.827,-1.701,1549046502457
27,0.035,-0.157,0.074,-2.624,-9.11,-2.266,1549046502476
27,0.104,-0.1,0.133,-2.312,-9.159,-3.253,1549046502497
28,0.091,-0.192,0.12,-3.038,-10.349,-0.965,1549046502517
28,0.015,-0.265,0.04,-3.139,-9.874,-0.965,1549046502537
28,0.103,-0.092,0.106,-2.846,-8.995,-2.787,1549046502557
28,0.086,0.055,0.155,-2.509,-9.331,-1.961,1549046502577
28,0.018,-0.057,0.04,-2.627,-9.795,-1.638,1549046502597
28,0.094,-0.017,-0.019,-2.478,-9.682,-2.167,1549046502617
28,0.335,0.098,-0.021,-2.021,-9.864,-1.031,1549046502637
28,0.242,0.1,-0.023,-1.963,-9.548,-2.076,1549046502657
28,0.048,0.212,0.039,-2.865,-9.301,-2.179,1549046502677
28,0.248,0.244,0.024,-2.483,-9.367,-1.876,1549046502697
28,0.293,0.141,0.025,-2.538,-9.567,-2.929,1549046502717
29,0.35,0.206,0.087,-3.735,-8.165,-3.777,1549046502737
29,0.251,0.266,0.126,-2.999,-8.589,-1.653,1549046502757
29,-0.163,-0.072,0.001,-1.967,-9.89,0.542,1549046502777
29,-0.557,-0.151,0.011,-2.771,-9.253,-1.185,1549046502797
29,-0.315,0.333,0.156,-3.275,-8.615,-2.714,1549046502817
29,0.072,0.412,0.212,-2.899,-9.772,-1.344,1549046502837
29,0.168,0.128,0.003,-1.927,-10.234,-0.749,1549046502857
29,0.046,0.136,0.041,-2.064,-9.698,-1.056,1549046502877
29,-0.144,0.226,0.077,-3.066,-9.094,-2.275,1549046502897
29,-0.056,0.336,0.109,-3.631,-9.311,-1.353,1549046502918
29,0.191,0.201,0.018,-2.912,-9.561,-2.287,1549046502938
29,0.219,0.228,0.007,-3.055,-9.582,-1.587,1549046502957
29,0.115,0.133,0.014,-2.453,-10.381,-1.187,1549046502977
29,-0.049,0.098,-0.001,-3.104,-9.684,-1.492,1549046502997
29,-0.005,0.139,0.048,-3.003,-9.854,-0.835,1549046503017
30,0.0,0.085,-0.01,-3.063,-9.847,-1.761,1549046503037
30,0.013,0.129,0.002,-2.814,-9.707,-1.999,1549046503057
30,0.076,0.06,-0.029,-2.902,-9.598,-1.285,1549046503078
30,0.054,-0.014,-0.068,-2.943,-9.933,-0.758,1549046503098
30,0.045,-0.082,-0.1,-2.449,-10.123,-1.071,1549046503118
30,0.199,-0.04,-0.086,-2.514,-9.501,-1.642,1549046503138
30,0.224,0.005,-0.058,-2.741,-9.829,-1.791,1549046503158
30,0.163,-0.019,-0.081,-2.822,-9.617,-0.879,1549046503178
30,0.193,-0.079,-0.1,-2.581,-9.46,-0.737,1549046503198
30,0.152,-0.078,-0.101,-2.302,-9.646,-1.062,1549046503218
30,0.179,-0.059,-0.111,-2.537,-9.216,-1.469,1549046503237
30,0.308,-0.024,-0.132,-2.88,-9.779,-0.461,1549046503257
30,0.291,-0.072,-0.205,-2.295,-9.497,-0.783,1549046503277
30,0.24,-0.059,-0.201,-2.586,-8.795,-1.322,1549046503298
31,0.151,-0.012,-0.203,-2.474,-9.929,-0.815,1549046503317
31,0.164,-0.068,-0.278,-2.632,-9.38,-1.261,1549046503337
31,0.387,-0.036,-0.266,-2.0,-9.451,-0.793,1549046503358
31,0.309,-0.124,-0.311,-2.17,-9.376,-1.24,1549046503378
31,0.177,-0.095,-0.313,-2.505,-9.39,-0.962,1549046503398
31,0.29,-0.114,-0.342,-2.225,-9.877,-0.441,1549046503418
31,0.334,-0.161,-0.363,-2.225,-9.466,-1.048,1549046503438
31,0.211,-0.106,-0.293,-2.237,-9.36,-1.284,1549046503458
31,0.046,-0.103,-0.279,-2.169,-9.788,-1.327,1549046503478
31,0.054,-0.137,-0.303,-2.03,-10.453,-0.452,1549046503498
31,0.073,-0.198,-0.308,-1.622,-10.255,0.089,1549046503518
31,-0.013,-0.159,-0.227,-1.992,-9.551,-1.419,1549046503538
31,0.101,-0.046,-0.189,-2.077,-9.611,-1.485,1549046503557
31,0.273,-0.102,-0.236,-2.05,-9.928,-0.806,1549046503578
32,-0.032,-0.19,-0.247,-1.627,-10.322,-0.912,1549046503598
32,-0.15,-0.225,-0.23,-1.451,-10.295,-0.413,1549046503618
32,0.083,-0.227,-0.224,-1.478,-10.409,-0.357,1549046503637
32,0.337,-0.153,-0.194,-1.555,-9.814,-0.851,1549046503658
32,0.435,-0.1,-0.109,-0.991,-10.915,-0.378,1549046503678
32,-0.129,-0.19,-0.093,-1.601,-11.006,-0.272,1549046503698
32,-0.142,-0.16,-0.034,-1.497,-10.266,-0.176,1549046503718
32,0.144,-0.163,0.068,-1.531,-11.303,-0.353,1549046503738
32,0.161,-0.121,0.059,-1.229,-10.202,-0.997,1549046503758
32,0.114,-0.117,0.119,-0.843,-10.831,0.198,1549046503778
33,-0.242,-0.156,0.086,-1.443,-11.124,0.132,1549046503798
33,-0.181,-0.108,0.106,-1.907,-9.498,-0.328,1549046503818
33,0.182,-0.065,0.134,-1.413,-10.249,-0.122,1549046503838
33,0.098,-0.091,0.067,-0.903,-10.834,-0.299,1549046503858
33,-0.275,-0.121,0.081,-0.91,-10.728,0.371,1549046503878
33,-0.34,-0.134,0.102,-1.355,-10.628,-0.114,1549046503898
33,-0.168,-0.098,0.127,-1.595,-9.773,0.089,1549046503918
33,0.054,-0.054,0.127,-1.485,-10.493,-0.119,1549046503938
33,0.011,0.009,0.107,-0.926,-10.497,-0.232,1549046503958
33,0.153,0.0,0.127,-0.984,-10.489,0.377,1549046503978
33,0.13,-0.052,0.098,-1.544,-10.092,0.433,1549046503999
34,0.059,-0.111,0.076,-1.674,-10.054,-0.574,1549046504018
34,0.062,-0.088,0.065,-1.537,-10.049,-0.499,1549046504039
34,0.012,-0.086,0.062,-1.548,-10.089,-0.166,1549046504058
34,-0.047,-0.092,0.065,-1.744,-9.594,0.128,1549046504079
34,0.003,-0.111,0.06,-1.91,-9.709,-0.583,1549046504099
34,0.002,-0.093,0.033,-1.539,-10.085,-0.593,1549046504118
34,-0.097,-0.002,0.048,-1.744,-9.839,-0.672,1549046504139
34,-0.187,0.119,0.094,-1.7,-9.078,-0.962,1549046504159
34,-0.216,0.109,0.099,-1.788,-10.146,-0.189,1549046504179
34,-0.276,0.098,0.083,-1.766,-9.451,-0.924,1549046504199
34,-0.269,0.056,0.102,-1.808,-10.697,0.142,1549046504219
34,-0.26,0.018,0.061,-1.404,-10.454,-0.413,1549046504239
35,-0.184,0.007,0.072,-1.298,-10.005,-0.611,1549046504259
35,-0.086,-0.013,0.043,-1.01,-10.556,-0.372,1549046504279
35,-0.074,0.059,0.05,-1.889,-9.416,-0.867,1549046504299
35,0.043,0.075,0.025,-2.226,-9.861,-0.572,1549046504319
35,0.002,0.004,-0.038,-1.783,-10.39,-0.178,1549046504339
35,-0.035,-0.054,-0.038,-1.748,-10.011,-0.458,1549046504358
35,0.011,-0.029,-0.031,-1.801,-9.934,-1.396,1549046504379
35,0.018,0.042,-0.034,-2.093,-10.115,-1.125,1549046504399
35,-0.008,0.074,-0.02,-2.353,-10.032,-0.597,1549046504419
35,-0.017,0.054,-0.013,-1.918,-10.299,-0.342,1549046504439
35,-0.069,0.009,-0.014,-1.837,-10.575,-0.726,1549046504459
35,-0.069,-0.005,-0.013,-2.313,-9.962,-0.909,1549046504479
35,0.043,0.034,-0.002,-2.274,-10.323,-1.045,1549046504499
35,0.086,0.024,-0.014,-1.971,-10.646,-0.587,1549046504518
35,0.102,-0.003,-0.026,-2.013,-10.004,-1.083,1549046504539
35,0.123,-0.025,-0.029,-1.97,-10.184,-0.88,1549046504559
36,0.066,-0.059,-0.045,-1.986,-10.186,-0.554,1549046504578
36,0.015,-0.071,-0.054,-1.744,-10.728,-0.465,1549046504599
36,-0.013,-0.082,-0.051,-1.956,-10.375,-0.527,1549046504618
36,0.047,-0.087,-0.04,-1.724,-10.366,-0.474,1549046504638
36,0.24,-0.069,-0.058,-1.723,-10.112,-0.867,1549046504659
36,0.387,-0.05,-0.046,-1.338,-10.481,0.077,1549046504679
36,0.132,-0.104,-0.035,-1.444,-11.562,0.39,1549046504699
36,0.012,-0.093,-0.022,-1.832,-10.383,-0.693,1549046504719
36,0.262,-0.092,-0.025,-1.518,-9.953,-0.073,1549046504738
36,0.545,-0.126,-0.053,-1.419,-10.352,-0.032,1549046504759
36,0.219,-0.167,-0.052,-1.204,-10.88,1.167,1549046504779
36,0.131,-0.228,-0.102,-0.749,-11.273,1.859,1549046504799
36,0.327,-0.183,-0.139,-1.591,-10.555,0.002,1549046504819
36,0.74,-0.023,-0.2,-1.7,-9.777,1.043,1549046504839
37,1.23,-0.074,-0.216,-1.361,-10.281,0.933,1549046504859
37,1.097,-0.1,-0.291,-1.944,-11.216,1.428,1549046504879
37,0.849,-0.082,-0.264,-2.499,-11.211,-0.379,1549046504899
37,0.806,-0.025,-0.262,-2.689,-10.254,-0.439,1549046504919
37,1.22,-0.096,-0.271,-2.126,-8.668,1.257,1549046504940
37,1.177,-0.137,-0.254,-1.788,-9.184,1.152,1549046504959
37,0.565,-0.069,-0.197,-1.498,-10.923,1.012,1549046504979
37,0.428,0.024,-0.167,-1.424,-9.74,0.06,1549046504999
37,0.837,0.069,-0.198,-2.38,-8.764,-0.783,1549046505019
37,0.861,0.063,-0.153,-1.852,-8.965,-0.574,1549046505039
37,0.461,-0.071,-0.112,-1.461,-8.259,0.317,1549046505059
37,0.12,-0.114,-0.046,-1.561,-8.372,1.257,1549046505079
37,-0.06,-0.062,-0.043,-1.513,-8.646,1.605,1549046505100
38,0.105,-0.022,-0.056,-1.48,-10.304,1.744,1549046505120
38,0.125,0.031,-0.067,-1.314,-10.141,0.992,1549046505140
38,-0.013,0.055,-0.011,-1.054,-9.505,2.068,1549046505159
38,-0.116,0.008,0.007,-0.467,-10.885,2.258,1549046505180
38,-0.188,0.007,-0.004,-1.145,-10.905,1.899,1549046505200
38,-0.025,0.063,0.039,-1.406,-8.709,1.468,1549046505220
38,0.057,0.061,0.077,-1.259,-9.935,1.987,1549046505239
38,-0.031,-0.01,0.001,-1.082,-11.178,2.223,1549046505260
38,-0.043,-0.011,0.004,-1.279,-10.515,1.82,1549046505280
38,0.045,0.013,0.033,-1.592,-9.596,1.754,1549046505300
38,0.091,0.011,0.035,-1.629,-9.736,1.863,1549046505320
39,0.005,-0.029,0.001,-1.169,-10.09,1.599,1549046505340
39,-0.022,-0.05,-0.01,-1.042,-9.968,1.587,1549046505360
39,-0.01,-0.045,-0.005,-1.234,-9.719,1.594,1549046505380
39,-0.014,-0.031,0.002,-1.069,-9.564,2.044,1549046505399
39,-0.04,-0.04,0.003,-0.873,-9.896,2.004,1549046505419
39,-0.044,0.009,-0.005,-1.324,-10.21,1.701,1549046505439
39,-0.028,0.032,0.009,-1.401,-9.83,1.666,1549046505459
39,-0.065,0.014,0.011,-1.456,-9.889,1.906,1549046505480
39,-0.097,0.013,0.008,-1.47,-10.015,1.811,1549046505500
39,0.026,0.014,-0.02,-1.292,-10.145,1.735,1549046505519
39,0.016,0.003,-0.012,-1.266,-9.957,1.58,1549046505539
39,0.013,0.007,-0.003,-1.248,-9.682,1.756,1549046505559
39,0.036,-0.007,-0.006,-1.366,-10.014,1.801,1549046505580
39,0.058,0.005,-0.033,-1.278,-9.962,1.698,1549046505600
40,-0.02,0.001,-0.006,-1.194,-9.77,1.692,1549046505619
40,-0.006,0.008,-0.012,-1.319,-10.045,1.812,1549046505640
40,0.004,0.02,-0.01,-1.3,-10.233,1.778,1549046505659
40,-0.065,0.005,0.011,-1.345,-9.81,1.611,1549046505679
40,-0.054,0.012,0.016,-1.382,-9.46,1.559,1549046505699
40,0.0,0.012,-0.004,-1.311,-10.04,1.826,1549046505719
40,-0.004,-0.007,-0.028,-1.205,-10.468,1.779,1549046505739
40,-0.038,-0.004,-0.009,-1.267,-9.801,1.77,1549046505759
40,-0.008,0.013,0.017,-1.358,-9.652,1.681,1549046505780
40,0.016,0.005,-0.009,-1.242,-10.068,1.731,1549046505800
40,0.013,-0.01,-0.017,-1.256,-9.955,1.642,1549046505820
41,0.007,-0.011,-0.009,-1.375,-9.978,1.61,1549046505840
41,0.033,-0.002,-0.01,-1.175,-10.036,1.667,1549046505860
41,0.004,-0.015,-0.007,-1.212,-9.87,1.772,1549046505880
41,-0.005,-0.006,-0.007,-1.23,-9.839,1.642,1549046505900
41,0.022,0.004,-0.011,-1.357,-9.81,1.712,1549046505920
41,0.003,-0.001,-0.009,-1.136,-10.159,1.645,1549046505940
41,-0.08,-0.015,0.0,-1.419,-9.73,1.811,1549046505960
41,-0.011,-0.001,0.0,-1.241,-9.841,1.691,1549046505980
41,-0.019,-0.015,-0.006,-1.276,-9.965,1.854,1549046506000
41,-0.009,-0.011,-0.002,-1.269,-10.059,1.58,1549046506021
41,0.002,0.003,0.001,-1.186,-9.739,1.591,1549046506040
41,0.008,0.005,0.001,-1.181,-10.177,1.842,1549046506060
42,-0.039,0.012,0.001,-1.225,-9.94,1.738,1549046506080
42,-0.014,0.017,0.014,-1.126,-9.86,1.568,1549046506100
42,0.045,0.014,0.008,-1.412,-9.902,1.757,1549046506120
42,0.076,-0.001,-0.01,-1.385,-10.086,1.815,1549046506141
42,0.0,-0.011,-0.017,-1.015,-9.914,1.867,1549046506160
42,0.0,-0.012,-0.014,-1.266,-9.884,1.607,1549046506180
42,-0.016,0.008,-0.004,-1.27,-9.735,1.623,1549046506201
42,0.033,-0.002,-0.015,-1.201,-9.964,1.617,1549046506220
42,0.005,-0.011,-0.023,-1.226,-10.172,1.665,1549046506240
42,-0.016,-0.011,-0.006,-1.253,-9.97,1.918,1549046506260
42,-0.027,-0.002,0.009,-1.186,-10.156,1.692,1549046506281
43,0.002,0.011,0.006,-1.249,-9.722,1.761,1549046506301
43,0.101,0.022,0.011,-1.148,-10.001,1.762,1549046506321
43,0.087,0.039,0.003,-1.212,-10.099,1.592,1549046506340
43,0.188,0.025,0.003,-1.279,-10.045,1.772,1549046506360
43,0.139,0.008,0.012,-1.387,-10.007,2.142,1549046506380
43,0.028,0.007,0.025,-1.45,-9.626,2.137,1549046506401
43,0.042,0.022,0.006,-1.382,-9.74,1.672,1549046506420
43,0.069,0.035,-0.015,-1.304,-9.777,1.522,1549046506440
43,0.041,0.015,-0.023,-1.157,-10.154,1.863,1549046506460
43,-0.052,-0.004,-0.02,-1.015,-10.015,1.778,1549046506481
43,-0.025,-0.007,-0.006,-1.286,-9.527,1.754,1549046506501
43,0.078,0.014,-0.02,-1.356,-9.904,1.761,1549046506521
43,0.012,0.007,-0.022,-1.103,-10.03,1.686,1549046506541
44,-0.033,0.006,-0.005,-1.188,-9.823,1.711,1549046506560
44,-0.016,0.004,-0.003,-1.272,-9.747,1.83,1549046506580
44,0.047,0.004,-0.017,-1.242,-9.982,1.91,1549046506601
44,0.023,0.011,-0.014,-1.216,-10.026,1.753,1549046506621
44,-0.053,0.019,0.0,-1.245,-9.846,1.855,1549046506641
44,-0.061,0.019,0.009,-1.316,-9.811,2.036,1549046506661
44,-0.011,0.03,0.005,-1.211,-10.116,1.78,1549046506681
44,-0.024,0.039,0.01,-1.213,-9.874,1.516,1549046506701
44,-0.033,0.037,0.013,-1.267,-9.793,1.655,1549046506721
44,-0.079,0.004,0.008,-1.22,-9.739,2.005,1549046506741
44,-0.036,0.0,-0.003,-1.169,-9.995,1.792,1549046506761
44,-0.019,0.024,-0.021,-1.099,-10.304,1.756,1549046506781
44,-0.047,0.032,-0.005,-1.211,-9.855,1.688,1549046506801
44,-0.102,0.059,0.014,-1.307,-9.544,1.417,1549046506821
44,-0.101,0.063,0.013,-1.26,-9.638,1.657,1549046506841
44,-0.068,0.053,-0.009,-1.312,-10.124,1.815,1549046506861
45,-0.127,0.06,-0.017,-1.17,-10.336,1.812,1549046506881
45,-0.107,0.061,-0.01,-1.285,-9.877,1.755,1549046506901
45,-0.088,0.067,0.014,-1.275,-9.796,1.39,1549046506921
45,-0.128,0.055,0.001,-1.376,-10.085,1.274,1549046506941
45,-0.083,0.037,-0.03,-1.428,-10.362,2.108,1549046506961
45,-0.136,0.009,-0.015,-1.143,-9.84,1.932,1549046506981
45,-0.135,0.044,-0.003,-1.602,-10.118,0.928,1549046507001
45,-0.076,0.077,-0.009,-1.554,-9.567,0.846,1549046507022
45,-0.005,0.015,-0.026,-1.184,-9.502,1.188,1549046507042
45,-0.127,-0.018,-0.054,-1.076,-9.742,1.725,1549046507061
45,-0.293,-0.007,-0.041,-0.967,-10.687,1.748,1549046507081
45,-0.264,0.012,-0.029,-1.235,-10.184,1.815,1549046507101
46,0.044,0.073,-0.013,-1.363,-9.918,1.112,1549046507121
46,-0.022,0.084,-0.002,-1.098,-9.613,1.255,1549046507141
46,-0.169,0.062,-0.005,-1.244,-10.055,1.224,1549046507162
46,-0.298,0.061,-0.017,-1.222,-10.554,1.549,1549046507182
46,-0.158,0.074,-0.028,-1.18,-9.778,1.39,1549046507201
46,0.078,0.104,-0.047,-1.214,-9.94,1.122,1549046507222
46,0.016,0.102,-0.06,-1.198,-9.84,1.529,1549046507241
46,-0.014,0.08,-0.077,-1.191,-10.367,1.402,1549046507261
46,-0.065,0.068,-0.094,-1.068,-10.334,1.403,1549046507281
46,0.018,0.055,-0.09,-1.016,-10.041,1.206,1549046507302
46,0.04,0.058,-0.097,-1.067,-10.135,1.168,1549046507321
46,-0.09,0.048,-0.107,-1.181,-10.009,1.222,1549046507342
46,-0.145,0.053,-0.1,-1.145,-9.915,1.275,1549046507362
46,-0.119,0.057,-0.108,-1.098,-10.414,1.011,1549046507381
47,0.0,0.071,-0.146,-1.224,-10.19,1.09,1549046507402
47,0.076,0.084,-0.17,-0.991,-9.986,1.099,1549046507422
47,-0.036,0.082,-0.162,-0.95,-10.052,1.398,1549046507441
47,-0.105,0.082,-0.176,-1.011,-9.965,1.367,1549046507462
47,-0.122,0.102,-0.158,-0.947,-9.883,1.294,1549046507482
47,-0.051,0.109,-0.159,-1.009,-9.485,0.708,1549046507502
47,-0.052,0.101,-0.159,-1.209,-9.042,-0.263,1549046507521
47,-0.17,0.093,-0.178,-0.922,-9.567,0.284,1549046507541
47,-0.356,0.04,-0.186,-0.797,-10.678,0.902,1549046507561
47,-0.482,0.102,-0.144,-0.907,-10.708,1.14,1549046507581
47,-0.425,0.152,-0.081,-0.824,-10.136,0.833,1549046507601
47,-0.5,0.175,0.028,-0.592,-10.223,0.923,1549046507622
47,-0.596,0.194,0.06,-0.997,-10.227,0.803,1549046507642
47,-0.505,0.236,0.049,-0.874,-10.49,0.714,1549046507661
47,-0.395,0.199,0.086,-0.7,-10.375,0.924,1549046507682
48,-0.285,0.178,0.121,-1.07,-10.316,0.772,1549046507702
48,-0.215,0.195,0.118,-1.015,-10.603,0.348,1549046507722
48,-0.1,0.183,0.127,-1.043,-10.162,0.189,1549046507741
48,0.142,0.155,0.12,-1.367,-9.508,0.361,1549046507761
48,0.092,0.092,0.135,-1.07,-9.867,0.672,1549046507782
48,-0.093,-0.012,0.122,-0.717,-10.296,1.05,1549046507802
48,-0.115,-0.021,0.138,-0.968,-10.312,0.873,1549046507822
48,0.031,0.037,0.126,-1.05,-10.265,0.449,1549046507842
48,0.157,0.066,0.129,-1.029,-9.816,0.308,1549046507862
48,0.097,0.052,0.137,-1.583,-9.724,0.093,1549046507882
48,-0.022,0.03,0.099,-1.605,-10.298,0.534,1549046507903
48,-0.021,-0.073,0.057,-1.132,-10.635,0.616,1549046507922
48,0.065,-0.119,0.066,-0.957,-10.466,0.476,1549046507943
48,0.171,-0.106,0.077,-0.822,-10.134,0.282,1549046507962
48,0.144,-0.085,0.069,-1.003,-10.108,0.165,1549046507982
48,-0.019,-0.07,0.072,-1.373,-10.249,0.447,1549046508003
48,-0.038,-0.056,0.061,-1.405,-10.035,0.417,1549046508023
49,0.02,-0.054,0.065,-1.219,-10.072,0.464,1549046508043
49,0.058,-0.035,0.075,-1.262,-9.865,0.271,1549046508062
49,0.005,0.013,0.092,-1.228,-10.103,0.27,1549046508082
49,-0.024,0.032,0.088,-1.363,-9.921,0.376,1549046508103
49,0.003,0.039,0.081,-1.343,-10.067,0.461,1549046508122
49,0.015,0.021,0.08,-1.435,-9.99,0.429,1549046508142
49,0.032,0.027,0.1,-1.331,-10.204,0.247,1549046508162
49,0.004,0.005,0.113,-1.356,-10.326,0.416,1549046508182
49,-0.059,-0.015,0.131,-1.519,-9.991,0.66,1549046508203
49,-0.067,-0.008,0.131,-1.464,-9.832,0.703,1549046508222
49,-0.026,0.007,0.103,-1.487,-10.206,0.361,1549046508242
49,-0.002,0.029,0.081,-1.463,-10.298,0.121,1549046508262
49,0.003,0.013,0.078,-1.479,-10.165,0.253,1549046508282
50,-0.091,-0.02,0.071,-1.447,-10.177,0.791,1549046508303
50,-0.102,-0.03,0.04,-1.466,-10.314,0.768,1549046508322
50,-0.024,0.001,0.015,-1.573,-10.279,0.606,1549046508342
50,0.09,0.017,-0.001,-1.453,-10.122,0.441,1549046508363
50,0.053,-0.01,-0.005,-1.382,-10.192,0.293,1549046508382
50,-0.012,-0.024,-0.012,-1.41,-10.14,0.473,1549046508402
50,0.008,-0.034,-0.027,-1.456,-10.084,0.572,1549046508423
50,0.054,-0.018,-0.033,-1.61,-10.041,0.417,1549046508442
50,0.03,-0.005,-0.027,-1.406,-10.132,0.311,1549046508463
50,-0.008,-0.026,-0.027,-1.385,-10.009,0.486,1549046508483
50,-0.002,-0.02,-0.009,-1.478,-10.009,0.432,1549046508503
50,0.034,0.0,-0.014,-1.586,-10.024,0.311,1549046508523
50,0.016,0.016,-0.015,-1.445,-10.126,0.317,1549046508543
50,0.006,0.003,-0.015,-1.393,-10.109,0.487,1549046508562
51,-0.027,-0.007,0.001,-1.436,-10.035,0.514,1549046508583
51,-0.007,0.0,0.006,-1.458,-10.055,0.515,1549046508603
51,0.015,0.014,0.01,-1.514,-10.014,0.348,1549046508623
51,0.025,0.016,0.006,-1.574,-10.178,0.404,1549046508643
51,-0.022,0.009,0.012,-1.527,-10.126,0.598,1549046508663
51,-0.018,0.005,0.017,-1.449,-10.015,0.666,1549046508683
51,-0.023,0.016,0.017,-1.463,-10.066,0.433,1549046508703
51,0.011,0.028,0.01,-1.319,-10.089,0.299,1549046508724
51,0.072,0.022,-0.003,-1.435,-10.117,0.265,1549046508744
51,0.035,0.014,-0.001,-1.561,-10.204,0.473,1549046508764
51,-0.039,0.003,0.014,-1.551,-10.065,0.576,1549046508784
51,-0.02,0.004,0.016,-1.433,-10.065,0.387,1549046508803
52,0.002,0.005,0.012,-1.52,-10.142,0.498,1549046508824
52,0.011,0.007,0.009,-1.524,-10.183,0.608,1549046508843
52,-0.011,0.021,0.014,-1.535,-10.146,0.477,1549046508863
52,-0.005,0.034,0.018,-1.381,-9.905,0.308,1549046508884
52,0.019,0.014,0.016,-1.497,-10.053,0.472,1549046508904
52,0.016,-0.008,-0.011,-1.41,-10.292,0.398,1549046508923
52,0.003,-0.007,-0.013,-1.437,-10.211,0.364,1549046508944
52,-0.022,-0.007,0.002,-1.56,-9.991,0.591,1549046508964
52,-0.002,-0.009,0.003,-1.529,-10.029,0.52,1549046508984
52,0.021,0.001,0.0,-1.511,-9.96,0.345,1549046509004
52,0.037,0.006,-0.001,-1.378,-10.214,0.448,1549046509024
52,0.004,-0.006,-0.004,-1.36,-10.266,0.386,1549046509043
52,0.003,0.0,0.003,-1.516,-9.951,0.439,1549046509064
52,0.016,-0.006,0.008,-1.575,-9.985,0.506,1549046509083
53,-0.023,-0.009,0.01,-1.375,-10.11,0.616,1549046509103
53,-0.039,-0.006,0.008,-1.45,-10.306,0.686,1549046509124
53,-0.001,0.015,-0.002,-1.637,-10.195,0.53,1549046509144
53,0.023,0.035,0.004,-1.605,-9.949,0.341,1549046509164
53,0.018,0.018,0.003,-1.657,-9.92,0.271,1549046509184
53,0.013,-0.008,-0.015,-1.547,-10.222,0.489,1549046509204
53,0.005,-0.037,-0.024,-1.48,-10.267,0.549,1549046509224
53,0.02,-0.036,-0.014,-1.439,-10.052,0.58,1549046509244
53,0.007,-0.027,0.0,-1.367,-9.918,0.429,1549046509264
53,0.008,-0.033,0.0,-1.343,-10.162,0.612,1549046509284
53,0.02,-0.034,-0.007,-1.538,-10.172,0.552,1549046509304
