pack,vx,vy,vz,ax,ay,az,time
1,-0.066,-0.024,0.019,0.503,-9.836,0.934,1549046064203
1,-0.08,-0.031,0.036,0.434,-10.037,0.961,1549046064224
1,-0.08,-0.056,0.038,0.408,-10.214,0.953,1549046064244
1,-0.042,-0.084,0.017,0.734,-10.226,0.924,1549046064264
1,-0.051,-0.082,0.038,0.721,-10.256,0.812,1549046064284
1,-0.054,-0.064,0.024,0.451,-10.115,0.755,1549046064304
1,-0.082,-0.059,0.009,0.251,-10.017,0.987,1549046064324
1,-0.131,-0.096,-0.003,0.273,-10.218,1.281,1549046064344
1,-0.166,-0.136,-0.003,0.207,-10.362,1.394,1549046064364
1,-0.197,-0.094,0.019,0.114,-9.993,0.964,1549046064384
1,-0.212,-0.095,0.02,0.245,-9.801,0.767,1549046064405
2,-0.251,-0.146,0.029,0.1,-9.913,1.069,1549046064424
2,-0.357,-0.231,0.08,0.031,-9.852,1.129,1549046064444
2,-0.468,-0.339,0.106,0.116,-10.123,0.88,1549046064464
2,-0.518,-0.349,0.087,0.034,-10.051,0.771,1549046064484
2,-0.55,-0.343,0.103,-0.352,-10.098,0.474,1549046064504
2,-0.601,-0.408,0.139,-0.427,-10.308,0.192,1549046064524
2,-0.619,-0.481,0.155,-0.419,-10.265,-0.152,1549046064544
2,-0.637,-0.549,0.177,-0.218,-9.858,0.473,1549046064564
2,-0.65,-0.668,0.237,-0.047,-9.578,0.656,1549046064584
2,-0.81,-0.744,0.236,-0.249,-9.588,0.503,1549046064605
2,-0.805,-0.775,0.204,-0.447,-9.281,0.13,1549046064624
3,-0.863,-0.84,0.231,-0.751,-9.503,-0.553,1549046064645
3,-0.98,-0.956,0.24,-0.581,-9.723,-0.817,1549046064664
3,-1.171,-1.08,0.257,-0.529,-9.683,-1.083,1549046064685
3,-1.21,-1.191,0.301,-0.956,-10.195,-1.421,1549046064705
3,-1.201,-1.327,0.285,-0.718,-10.028,-1.494,1549046064725
3,-1.264,-1.5,0.228,-0.178,-9.987,-1.756,1549046064744
3,-1.199,-1.537,0.229,-0.671,-10.334,-2.02,1549046064765
3,-0.98,-1.482,0.197,-1.136,-10.13,-1.945,1549046064784
3,-0.951,-1.537,0.183,-1.21,-9.603,-2.486,1549046064804
3,-1.078,-1.692,0.217,-1.197,-9.888,-2.51,1549046064824
3,-1.201,-1.86,0.219,-1.852,-10.007,-2.813,1549046064845
4,-1.179,-1.901,0.133,-1.957,-10.355,-3.705,1549046064865
4,-0.982,-2.016,0.076,-1.733,-10.662,-3.596,1549046064884
4,-0.831,-2.089,0.095,-2.138,-10.392,-3.444,1549046064904
4,-0.814,-2.125,0.196,-2.327,-9.845,-3.378,1549046064924
4,-1.035,-2.215,0.199,-2.048,-8.522,-4.214,1549046064944
4,-1.401,-2.296,0.128,-2.032,-8.4,-4.753,1549046064965
4,-1.443,-2.505,-0.078,-1.473,-10.846,-5.124,1549046064985
4,-0.889,-2.477,-0.323,-1.981,-10.527,-5.467,1549046065005
4,-0.589,-2.393,-0.41,-1.238,-7.921,-4.914,1549046065024
4,-1.144,-2.289,-0.489,-1.249,-6.766,-6.16,1549046065044
4,-1.553,-2.265,-0.251,-1.574,-10.559,-7.08,1549046065065
4,-1.191,-2.16,-0.088,-1.713,-10.008,-6.471,1549046065085
5,-0.835,-1.961,0.034,-2.023,-9.202,-5.936,1549046065104
5,-0.83,-1.701,0.104,-1.95,-6.874,-4.557,1549046065125
5,-1.122,-1.446,-0.179,-1.982,-7.412,-4.942,1549046065145
5,-1.393,-1.439,-0.118,-1.46,-11.307,-5.762,1549046065165
5,-0.982,-1.363,0.005,-1.403,-10.416,-5.008,1549046065185
5,-0.673,-1.015,0.179,-2.336,-7.463,-4.101,1549046065204
5,-0.823,-0.868,0.056,-3.03,-5.377,-5.264,1549046065225
5,-1.432,-0.771,-0.124,-4.817,-9.357,-7.219,1549046065245
5,-1.337,-1.002,-0.176,-2.662,-9.044,-6.052,1549046065265
5,-1.167,-0.925,-0.077,-2.769,-9.079,-5.729,1549046065285
5,-1.083,-0.672,0.122,-2.784,-7.01,-5.539,1549046065304
6,-0.872,-0.696,-0.013,-2.705,-8.693,-5.526,1549046065324
6,-0.685,-0.548,-0.042,-3.469,-9.259,-6.027,1549046065345
6,-0.51,-0.406,-0.006,-3.074,-8.609,-6.341,1549046065364
6,-0.444,-0.298,0.137,-2.477,-7.41,-7.086,1549046065384
6,-0.48,-0.187,0.297,-2.959,-5.935,-6.742,1549046065404
6,-0.443,0.019,0.38,-3.556,-6.729,-6.299,1549046065424
6,-0.679,-0.027,0.486,-3.638,-8.597,-5.671,1549046065444
6,-0.783,-0.205,0.272,-3.507,-8.039,-6.477,1549046065465
6,-0.652,-0.252,0.124,-3.728,-7.965,-6.637,1549046065484
6,-0.377,-0.164,0.136,-4.185,-7.179,-6.622,1549046065504
6,-0.323,-0.121,0.178,-3.897,-7.606,-6.011,1549046065526
6,-0.431,-0.098,0.193,-3.859,-8.214,-5.922,1549046065545
6,-0.36,-0.031,0.172,-4.039,-7.095,-6.557,1549046065565
7,-0.223,-0.004,0.149,-4.045,-6.432,-6.96,1549046065585
7,-0.284,-0.008,0.184,-4.092,-6.856,-6.336,1549046065605
7,-0.419,0.028,0.224,-4.447,-6.535,-6.365,1549046065624
7,-0.428,0.044,0.229,-4.427,-7.33,-7.089,1549046065644
7,-0.354,-0.047,0.252,-4.071,-7.994,-7.022,1549046065665
7,-0.297,-0.066,0.245,-3.976,-7.561,-6.769,1549046065684
7,-0.187,-0.008,0.251,-4.434,-6.299,-7.335,1549046065705
7,-0.149,-0.027,0.271,-4.328,-7.356,-6.215,1549046065724
7,-0.281,-0.127,0.238,-4.441,-8.863,-6.5,1549046065745
7,0.0,-0.134,0.224,-4.32,-6.875,-7.669,1549046065765
7,0.086,-0.144,0.256,-4.003,-6.465,-6.816,1549046065786
7,-0.012,-0.078,0.287,-4.681,-6.922,-6.632,1549046065805
7,-0.003,-0.111,0.251,-4.855,-7.077,-6.103,1549046065825
7,-0.083,-0.211,0.157,-4.874,-7.295,-8.339,1549046065845
8,0.219,-0.352,0.181,-3.96,-5.88,-6.805,1549046065865
8,0.096,-0.148,0.222,-4.708,-6.795,-7.072,1549046065885
8,-0.067,-0.254,0.206,-4.605,-7.507,-7.01,1549046065906
8,0.131,-0.213,0.223,-5.116,-6.444,-6.272,1549046065926
8,0.06,-0.283,0.204,-4.709,-6.59,-6.805,1549046065946
8,-0.039,-0.279,0.238,-4.755,-6.018,-6.847,1549046065966
8,-0.06,-0.241,0.245,-5.115,-6.918,-6.179,1549046065985
8,-0.077,-0.302,0.196,-5.375,-6.244,-6.175,1549046066005
8,0.007,-0.365,0.164,-5.256,-5.996,-6.642,1549046066025
8,-0.047,-0.442,0.146,-4.766,-5.766,-7.25,1549046066046
8,-0.039,-0.428,0.164,-5.014,-6.212,-6.542,1549046066066
9,-0.066,-0.388,0.208,-5.466,-6.411,-6.83,1549046066085
9,0.013,-0.476,0.202,-5.117,-5.478,-5.218,1549046066105
9,-0.049,-0.416,0.196,-5.647,-5.856,-7.455,1549046066126
9,-0.088,-0.555,0.193,-5.002,-5.401,-7.16,1549046066146
9,-0.076,-0.458,0.245,-5.599,-6.561,-6.35,1549046066165
9,-0.13,-0.533,0.197,-5.354,-6.042,-6.725,1549046066186
9,0.046,-0.508,0.205,-5.537,-5.327,-6.665,1549046066206
9,-0.054,-0.457,0.199,-5.602,-5.681,-6.131,1549046066226
9,-0.041,-0.408,0.214,-5.918,-6.059,-5.443,1549046066246
9,0.112,-0.449,0.167,-5.916,-5.774,-5.314,1549046066266
9,0.311,-0.355,0.214,-6.143,-4.184,-5.352,1549046066286
10,-0.047,-0.329,0.254,-6.138,-5.564,-5.806,1549046066306
10,-0.219,-0.372,0.261,-5.826,-6.513,-6.649,1549046066325
10,0.106,-0.27,0.265,-6.632,-5.775,-4.822,1549046066346
10,0.044,-0.329,0.204,-5.756,-6.143,-5.21,1549046066366
10,0.214,-0.272,0.208,-6.366,-5.356,-4.776,1549046066385
10,0.033,-0.27,0.23,-5.924,-6.181,-5.224,1549046066405
10,0.054,-0.221,0.246,-6.222,-5.327,-5.677,1549046066426
10,-0.093,-0.198,0.22,-6.262,-6.093,-5.668,1549046066446
10,-0.095,-0.207,0.188,-6.193,-6.218,-5.146,1549046066466
10,-0.035,-0.244,0.157,-6.097,-6.54,-4.882,1549046066485
10,0.035,-0.267,0.136,-5.717,-5.767,-5.724,1549046066505
10,-0.011,-0.239,0.161,-5.584,-5.869,-5.554,1549046066525
11,-0.028,-0.186,0.21,-6.182,-6.028,-4.634,1549046066545
11,-0.057,-0.228,0.203,-6.168,-5.748,-4.825,1549046066566
11,-0.154,-0.257,0.189,-6.433,-5.902,-4.944,1549046066585
11,-0.18,-0.245,0.166,-6.755,-5.193,-5.647,1549046066606
11,-0.095,-0.196,0.183,-6.504,-5.442,-5.609,1549046066625
11,0.017,-0.162,0.192,-6.677,-5.79,-4.957,1549046066645
11,0.028,-0.124,0.195,-6.601,-4.738,-4.676,1549046066666
11,-0.144,-0.137,0.172,-6.506,-6.166,-5.799,1549046066685
11,-0.171,-0.151,0.174,-6.526,-5.323,-5.11,1549046066705
11,-0.157,-0.102,0.189,-6.88,-5.226,-5.204,1549046066725
11,-0.104,-0.113,0.173,-7.115,-5.154,-5.834,1549046066746
12,-0.034,-0.1,0.165,-7.176,-4.645,-4.969,1549046066765
12,-0.085,-0.137,0.138,-7.169,-4.823,-5.418,1549046066786
12,-0.113,-0.087,0.185,-7.278,-4.814,-5.322,1549046066805
12,-0.316,-0.09,0.195,-7.14,-5.384,-6.019,1549046066825
12,-0.298,-0.061,0.222,-7.008,-5.391,-5.905,1549046066846
12,-0.309,0.007,0.262,-7.471,-5.166,-5.583,1549046066866
12,-0.269,0.005,0.3,-7.482,-4.692,-5.553,1549046066885
12,-0.307,0.037,0.33,-7.603,-4.742,-5.382,1549046066905
12,-0.386,-0.002,0.314,-7.521,-4.814,-5.723,1549046066926
12,-0.332,0.008,0.308,-7.438,-4.874,-5.483,1549046066946
12,-0.288,0.017,0.316,-7.484,-4.763,-5.596,1549046066966
13,-0.383,-0.003,0.326,-7.295,-4.815,-5.73,1549046066986
13,-0.393,-0.032,0.34,-7.346,-4.748,-5.64,1549046067006
13,-0.379,-0.064,0.346,-7.301,-4.42,-5.532,1549046067026
13,-0.323,-0.041,0.374,-7.751,-3.714,-5.37,1549046067046
13,-0.319,0.013,0.389,-7.658,-4.871,-5.368,1549046067066
13,-0.217,-0.02,0.332,-7.169,-4.358,-5.646,1549046067086
13,-0.127,-0.015,0.3,-7.225,-4.505,-4.773,1549046067106
13,-0.094,0.016,0.313,-7.405,-3.703,-6.327,1549046067126
13,-0.19,-0.041,0.253,-7.395,-4.108,-6.016,1549046067146
13,-0.007,0.031,0.237,-7.036,-4.802,-5.804,1549046067166
14,0.146,0.008,0.171,-6.642,-3.86,-6.348,1549046067186
14,0.125,0.101,0.193,-7.49,-4.094,-5.103,1549046067206
14,-0.024,0.071,0.163,-7.641,-3.891,-5.392,1549046067227
14,0.077,0.134,0.209,-7.593,-3.409,-5.261,1549046067247
14,-0.011,0.145,0.189,-7.024,-3.572,-5.59,1549046067266
14,-0.01,0.188,0.198,-6.93,-3.313,-5.601,1549046067287
14,-0.072,0.234,0.189,-7.026,-4.351,-5.603,1549046067307
14,-0.013,0.187,0.136,-6.933,-4.175,-6.014,1549046067326
14,0.075,0.179,0.096,-7.0,-3.958,-5.72,1549046067346
14,0.084,0.115,0.032,-7.194,-4.097,-6.05,1549046067366
15,0.145,0.092,-0.019,-7.338,-3.691,-5.789,1549046067387
15,0.136,0.095,-0.079,-7.24,-4.535,-5.271,1549046067406
15,0.123,0.053,-0.16,-7.434,-4.231,-5.579,1549046067426
15,0.251,0.061,-0.23,-7.568,-3.585,-5.754,1549046067447
15,0.233,0.084,-0.278,-7.824,-3.732,-5.77,1549046067467
15,0.222,0.071,-0.291,-8.025,-3.515,-5.765,1549046067487
15,0.167,0.045,-0.326,-7.722,-4.696,-6.159,1549046067507
15,0.239,-0.034,-0.363,-6.915,-4.527,-6.196,1549046067527
15,0.126,-0.081,-0.386,-7.737,-4.766,-5.116,1549046067546
15,0.009,-0.086,-0.367,-7.935,-5.377,-5.291,1549046067566
15,0.134,-0.016,-0.363,-7.506,-4.22,-5.521,1549046067586
15,0.21,0.074,-0.373,-7.747,-4.498,-5.139,1549046067607
16,0.077,0.013,-0.429,-7.607,-4.853,-5.389,1549046067626
16,0.185,0.015,-0.442,-7.48,-4.339,-5.283,1549046067647
16,0.192,-0.001,-0.427,-7.092,-4.984,-4.992,1549046067667
16,0.169,-0.018,-0.411,-6.783,-5.239,-5.277,1549046067687
16,0.123,0.027,-0.364,-6.864,-5.346,-5.021,1549046067707
16,0.078,0.007,-0.336,-7.07,-5.101,-4.533,1549046067727
16,0.137,-0.065,-0.31,-6.468,-5.746,-5.293,1549046067746
16,0.24,-0.004,-0.271,-6.799,-4.986,-5.052,1549046067767
16,0.062,0.024,-0.289,-6.573,-5.784,-4.966,1549046067787
16,0.099,0.0,-0.295,-6.917,-5.429,-4.673,1549046067807
16,0.23,-0.045,-0.262,-6.987,-4.982,-4.666,1549046067827
16,0.208,-0.064,-0.214,-6.639,-5.687,-5.11,1549046067847
16,0.217,-0.063,-0.191,-6.833,-5.549,-4.709,1549046067867
17,0.005,-0.093,-0.213,-7.011,-5.71,-4.539,1549046067887
17,0.061,-0.156,-0.217,-6.9,-5.949,-4.728,1549046067906
17,0.213,-0.158,-0.236,-6.669,-5.714,-5.527,1549046067926
17,0.178,-0.126,-0.25,-6.669,-6.199,-5.242,1549046067946
17,0.002,-0.142,-0.309,-6.526,-6.509,-5.59,1549046067967
17,0.145,-0.135,-0.312,-6.379,-6.348,-5.351,1549046067986
17,0.217,-0.162,-0.357,-6.181,-6.206,-5.035,1549046068006
17,0.047,-0.179,-0.418,-6.275,-6.503,-4.31,1549046068027
17,-0.107,-0.267,-0.469,-6.444,-5.992,-5.473,1549046068046
17,0.046,-0.286,-0.452,-6.451,-5.778,-5.188,1549046068067
17,0.138,-0.277,-0.433,-6.325,-6.232,-4.635,1549046068086
18,0.145,-0.251,-0.429,-6.241,-6.224,-4.664,1549046068106
18,-0.001,-0.21,-0.432,-6.191,-6.35,-4.69,1549046068127
18,0.048,-0.178,-0.409,-6.391,-6.284,-4.258,1549046068147
18,0.199,-0.126,-0.392,-6.114,-6.409,-4.325,1549046068167
18,0.176,-0.072,-0.402,-6.18,-6.798,-4.326,1549046068187
18,0.117,-0.029,-0.415,-6.46,-6.613,-3.551,1549046068206
18,0.172,-0.1,-0.434,-6.145,-6.244,-4.057,1549046068227
18,0.352,-0.122,-0.402,-6.037,-7.058,-3.669,1549046068246
18,0.378,-0.137,-0.444,-6.006,-7.183,-4.628,1549046068266
18,0.386,-0.094,-0.491,-5.916,-7.67,-3.741,1549046068287
18,0.366,-0.122,-0.54,-5.924,-6.632,-4.176,1549046068307
19,0.412,-0.136,-0.489,-5.899,-6.759,-4.393,1549046068327
19,0.52,-0.097,-0.413,-5.832,-7.651,-4.409,1549046068347
19,0.492,-0.082,-0.412,-5.798,-7.244,-4.195,1549046068367
19,0.375,-0.1,-0.396,-6.06,-6.888,-3.427,1549046068388
19,0.315,-0.153,-0.36,-5.876,-7.302,-4.688,1549046068408
19,0.403,-0.127,-0.311,-6.106,-6.073,-4.319,1549046068428
19,0.247,-0.096,-0.296,-6.172,-8.407,-3.963,1549046068448
19,0.176,-0.156,-0.332,-6.123,-7.545,-3.53,1549046068467
19,0.163,-0.178,-0.365,-6.164,-7.45,-3.546,1549046068488
19,0.182,-0.227,-0.378,-6.001,-6.698,-3.777,1549046068508
19,0.104,-0.184,-0.364,-6.089,-7.418,-4.154,1549046068527
19,0.059,-0.255,-0.359,-5.923,-7.843,-3.563,1549046068547
19,0.137,-0.268,-0.305,-5.343,-7.512,-4.631,1549046068567
20,0.113,-0.228,-0.243,-5.261,-7.834,-4.492,1549046068587
20,0.137,-0.155,-0.19,-5.317,-7.723,-4.15,1549046068607
20,0.102,-0.145,-0.128,-5.446,-8.712,-3.705,1549046068627
20,0.074,-0.22,-0.127,-5.161,-8.413,-3.368,1549046068648
20,0.118,-0.216,-0.161,-5.25,-7.696,-4.165,1549046068667
20,0.166,-0.116,-0.144,-5.279,-7.642,-3.65,1549046068688
20,0.037,-0.121,-0.154,-5.177,-8.291,-3.308,1549046068708
20,0.002,-0.139,-0.148,-5.317,-8.026,-3.586,1549046068728
20,0.123,-0.16,-0.14,-5.079,-7.85,-3.093,1549046068747
20,0.07,-0.145,-0.137,-5.278,-7.809,-3.574,1549046068767
20,0.046,-0.116,-0.124,-5.292,-7.481,-3.666,1549046068788
20,-0.075,-0.143,-0.124,-4.987,-8.399,-3.262,1549046068807
21,0.028,-0.099,-0.088,-5.258,-7.953,-2.706,1549046068827
21,0.045,-0.128,-0.094,-5.053,-8.361,-2.981,1549046068847
21,0.088,-0.097,-0.077,-5.242,-7.335,-3.634,1549046068868
21,0.0,-0.046,-0.092,-5.031,-8.195,-3.699,1549046068887
21,0.051,-0.014,-0.113,-5.164,-7.955,-3.405,1549046068908
21,-0.076,0.015,-0.115,-5.265,-8.453,-3.004,1549046068927
21,-0.132,-0.059,-0.175,-5.271,-8.043,-3.258,1549046068947
21,0.005,-0.029,-0.2,-5.261,-8.184,-3.262,1549046068968
21,0.107,-0.001,-0.203,-5.43,-8.145,-3.159,1549046068988
21,0.101,-0.046,-0.223,-5.443,-7.937,-3.35,1549046069008
21,0.058,-0.088,-0.239,-5.486,-8.063,-3.1,1549046069028
22,0.063,-0.112,-0.247,-5.177,-7.864,-3.599,1549046069047
22,0.081,-0.038,-0.216,-5.181,-7.663,-3.519,1549046069068
22,-0.031,0.021,-0.208,-5.21,-8.518,-3.094,1549046069087
22,-0.032,0.0,-0.236,-5.054,-8.134,-3.914,1549046069107
22,0.17,0.082,-0.213,-5.253,-7.529,-3.223,1549046069127
22,0.112,0.111,-0.211,-5.066,-8.634,-2.812,1549046069147
22,0.057,0.091,-0.237,-4.974,-8.821,-3.142,1549046069168
22,0.114,0.099,-0.301,-5.143,-7.831,-3.752,1549046069187
22,0.263,0.142,-0.323,-5.518,-8.577,-2.95,1549046069208
22,0.237,0.117,-0.362,-5.237,-8.651,-3.218,1549046069227
22,0.253,0.126,-0.366,-4.739,-7.804,-3.578,1549046069247
22,0.217,0.194,-0.309,-5.174,-8.857,-3.131,1549046069268
23,0.184,0.161,-0.331,-5.018,-8.499,-2.823,1549046069287
23,0.093,0.137,-0.351,-4.824,-8.828,-3.255,1549046069308
23,0.234,0.115,-0.335,-4.67,-8.039,-3.522,1549046069328
23,0.195,0.106,-0.312,-4.665,-9.094,-3.387,1549046069348
23,0.105,0.056,-0.318,-4.703,-9.042,-3.324,1549046069368
23,0.039,-0.016,-0.358,-4.574,-9.263,-3.276,1549046069387
23,0.058,-0.012,-0.375,-4.433,-8.901,-4.362,1549046069407
23,0.247,0.067,-0.315,-4.715,-8.402,-3.633,1549046069428
23,0.064,0.065,-0.266,-4.679,-9.372,-3.019,1549046069448
23,-0.013,0.029,-0.235,-4.648,-8.934,-3.075,1549046069468
24,0.017,0.021,-0.222,-4.71,-8.524,-3.455,1549046069487
24,-0.024,0.051,-0.194,-4.774,-8.477,-3.355,1549046069508
24,-0.145,0.066,-0.141,-4.482,-8.549,-3.349,1549046069527
24,-0.113,0.07,-0.09,-4.365,-9.548,-2.86,1549046069548
24,-0.045,0.022,-0.095,-4.452,-8.928,-2.875,1549046069568
24,-0.057,0.004,-0.092,-4.479,-8.569,-3.4,1549046069588
24,-0.071,0.028,-0.091,-3.822,-8.823,-3.801,1549046069608
24,-0.033,0.063,-0.08,-4.079,-9.233,-2.817,1549046069628
24,-0.042,0.048,-0.088,-3.821,-9.551,-2.727,1549046069648
24,-0.015,0.019,-0.089,-3.998,-9.127,-3.05,1549046069668
24,0.031,0.028,-0.1,-4.084,-8.825,-3.408,1549046069688
25,0.038,0.05,-0.088,-4.077,-8.769,-3.001,1549046069708
25,-0.103,0.049,-0.049,-3.9,-9.313,-2.973,1549046069728
25,-0.068,0.052,-0.046,-3.711,-8.639,-3.94,1549046069748
25,0.065,0.087,-0.023,-3.495,-8.882,-3.282,1549046069769
25,-0.015,0.092,-0.029,-3.603,-9.579,-3.067,1549046069788
25,-0.055,0.085,-0.07,-3.797,-8.916,-3.061,1549046069808
25,-0.13,0.04,-0.131,-3.609,-9.138,-3.463,1549046069829
25,-0.107,0.019,-0.182,-3.513,-9.258,-3.482,1549046069849
25,-0.08,0.023,-0.203,-3.425,-9.066,-3.364,1549046069869
25,-0.075,0.015,-0.196,-3.459,-9.335,-3.154,1549046069889
25,-0.021,0.016,-0.221,-3.601,-9.309,-3.033,1549046069908
26,0.022,0.015,-0.25,-3.348,-8.89,-3.534,1549046069928
26,0.049,0.06,-0.254,-3.754,-8.944,-3.054,1549046069948
26,-0.022,0.061,-0.27,-3.616,-9.285,-3.013,1549046069969
26,0.016,0.072,-0.286,-3.677,-8.633,-3.258,1549046069988
26,0.045,0.092,-0.284,-3.513,-9.097,-3.013,1549046070008
26,0.066,0.101,-0.289,-3.529,-9.279,-3.209,1549046070028
26,0.059,0.106,-0.286,-3.438,-9.11,-3.175,1549046070048
26,-0.001,0.081,-0.303,-3.352,-9.649,-3.328,1549046070069
26,0.053,0.062,-0.33,-3.379,-9.45,-3.336,1549046070089
26,0.153,0.068,-0.342,-3.264,-9.553,-3.212,1549046070108
27,0.106,0.034,-0.366,-3.219,-9.823,-3.104,1549046070128
27,0.088,0.028,-0.399,-3.234,-9.333,-3.833,1549046070149
27,0.023,0.032,-0.367,-2.985,-9.459,-3.457,1549046070169
27,-0.035,0.015,-0.372,-3.114,-10.071,-2.746,1549046070189
27,0.03,-0.016,-0.409,-3.279,-9.376,-3.905,1549046070208
27,0.206,0.005,-0.381,-2.947,-8.625,-3.739,1549046070229
27,0.068,-0.002,-0.307,-2.886,-9.759,-3.175,1549046070249
27,-0.005,-0.01,-0.309,-2.603,-10.039,-3.232,1549046070269
27,-0.005,-0.03,-0.301,-2.501,-9.689,-3.3,1549046070288
27,0.015,-0.045,-0.318,-2.289,-9.667,-3.262,1549046070309
27,0.061,-0.032,-0.31,-2.642,-9.761,-3.219,1549046070329
28,0.157,-0.015,-0.294,-2.439,-9.755,-3.139,1549046070349
28,0.163,-0.038,-0.271,-2.088,-10.381,-2.731,1549046070369
28,0.114,-0.026,-0.295,-2.218,-9.724,-3.265,1549046070389
28,0.15,0.015,-0.296,-2.242,-9.429,-3.027,1549046070409
28,0.14,0.046,-0.27,-2.309,-10.062,-2.92,1549046070429
28,0.378,-0.008,-0.323,-2.099,-10.404,-1.759,1549046070449
28,0.386,0.006,-0.323,-2.251,-10.371,-2.523,1549046070469
28,0.254,-0.025,-0.338,-1.954,-9.19,-3.376,1549046070489
28,0.184,-0.024,-0.305,-1.875,-9.655,-3.03,1549046070509
28,0.102,-0.013,-0.276,-1.75,-10.156,-2.272,1549046070529
28,0.171,-0.011,-0.307,-1.494,-10.18,-2.413,1549046070549
28,0.406,-0.015,-0.385,-1.549,-10.439,-2.82,1549046070569
29,0.812,-0.003,-0.461,-1.842,-9.558,-2.461,1549046070589
29,0.778,-0.029,-0.476,-1.942,-9.167,-2.249,1549046070609
29,0.582,-0.051,-0.475,-1.697,-9.496,-2.33,1549046070629
29,0.403,-0.1,-0.452,-1.204,-9.993,-2.491,1549046070650
29,0.295,-0.08,-0.402,-1.23,-10.295,-2.695,1549046070669
29,0.2,-0.046,-0.373,-1.57,-9.71,-3.534,1549046070689
29,0.258,-0.114,-0.344,-1.336,-9.244,-2.587,1549046070709
29,0.146,-0.173,-0.308,-0.846,-10.708,-1.92,1549046070729
29,0.161,-0.056,-0.265,-1.124,-10.42,-2.17,1549046070749
29,0.217,-0.033,-0.243,-0.686,-9.798,-1.892,1549046070769
29,0.126,-0.004,-0.232,-1.442,-10.619,-1.454,1549046070790
29,0.041,-0.041,-0.244,-1.287,-10.841,-1.621,1549046070809
29,0.14,-0.088,-0.23,-0.941,-10.43,-1.3,1549046070830
30,0.354,-0.113,-0.229,-0.631,-10.373,-1.61,1549046070850
30,0.48,-0.16,-0.313,-0.947,-10.586,-2.149,1549046070869
30,0.258,-0.237,-0.263,-0.627,-10.311,-1.979,1549046070889
30,-0.126,-0.275,-0.169,-1.103,-10.913,-1.507,1549046070910
30,-0.241,-0.275,-0.113,-0.862,-11.121,-1.13,1549046070930
30,0.356,-0.311,-0.18,-0.773,-10.499,-1.096,1549046070950
30,0.626,-0.284,-0.241,-1.012,-10.231,-1.262,1549046070969
30,0.535,-0.319,-0.291,-0.94,-9.923,-1.391,1549046070990
30,0.336,-0.372,-0.27,-0.671,-10.066,-2.16,1549046071010
30,0.36,-0.401,-0.268,-0.575,-9.566,-1.891,1549046071030
30,0.348,-0.314,-0.252,-0.634,-10.231,-1.18,1549046071049
30,0.411,-0.283,-0.294,-0.543,-9.779,-1.029,1549046071069
30,0.301,-0.252,-0.271,-0.602,-9.971,-1.842,1549046071089
30,0.302,-0.166,-0.277,-0.45,-9.522,-1.33,1549046071109
31,0.374,-0.157,-0.233,-0.167,-9.535,-0.983,1549046071129
31,0.254,-0.114,-0.21,-0.437,-10.011,-1.109,1549046071150
31,0.157,-0.057,-0.193,-0.478,-9.978,-1.01,1549046071170
31,0.164,-0.059,-0.144,-0.158,-10.177,-0.79,1549046071189
31,0.225,-0.053,-0.155,-0.193,-10.48,-1.244,1549046071209
31,0.35,-0.034,-0.185,0.0,-9.973,-1.059,1549046071229
31,0.256,0.012,-0.114,-0.296,-9.951,-1.141,1549046071249
31,0.067,0.007,-0.08,-0.039,-10.673,-0.397,1549046071269
31,0.245,-0.049,-0.114,0.106,-11.081,-0.12,1549046071290
31,0.374,-0.018,-0.144,-0.085,-10.754,-0.323,1549046071309
32,0.358,-0.01,-0.159,-0.011,-10.19,-0.515,1549046071329
32,0.34,-0.011,-0.131,0.065,-9.972,-0.478,1549046071350
32,0.364,-0.054,-0.127,0.064,-9.979,-0.458,1549046071370
32,0.135,-0.064,-0.108,-0.135,-10.196,-0.302,1549046071389
32,-0.087,-0.056,-0.076,0.144,-10.318,-0.465,1549046071409
32,0.01,-0.033,-0.081,-0.021,-10.331,-0.216,1549046071429
32,0.199,-0.037,-0.095,0.087,-10.361,-0.008,1549046071449
32,0.359,-0.017,-0.131,0.098,-9.943,-0.235,1549046071470
32,0.084,-0.004,-0.076,0.003,-9.884,-0.651,1549046071489
32,0.022,0.014,-0.065,-0.109,-9.903,-0.465,1549046071510
32,0.031,-0.015,-0.045,-0.028,-9.92,-0.089,1549046071530
32,0.0,-0.032,-0.036,0.17,-10.191,-0.195,1549046071550
33,-0.02,-0.008,-0.036,0.05,-10.335,-0.31,1549046071569
33,-0.081,0.022,-0.002,0.048,-10.464,-0.477,1549046071590
33,0.028,0.02,0.005,0.279,-10.095,-0.703,1549046071609
33,0.257,0.123,0.023,0.057,-9.707,-0.359,1549046071629
33,0.127,0.158,0.047,0.04,-9.929,-0.671,1549046071650
33,-0.085,0.125,0.06,0.539,-10.371,-2.226,1549046071670
33,0.306,0.241,0.08,-0.416,-9.724,-0.928,1549046071689
33,0.623,0.287,0.134,-0.118,-9.763,0.045,1549046071710
33,0.231,0.154,0.173,0.035,-9.119,-0.597,1549046071730
33,-0.597,0.208,0.248,-0.072,-10.546,-0.508,1549046071750
34,-0.57,0.179,0.233,-0.004,-10.858,-0.438,1549046071770
34,-0.225,0.26,0.274,0.143,-10.427,0.806,1549046071790
34,-0.227,0.239,0.241,0.002,-10.516,0.411,1549046071810
34,-0.349,0.361,0.26,-0.513,-10.392,0.336,1549046071830
34,-0.318,0.344,0.291,-0.466,-9.858,0.052,1549046071850
34,-0.413,0.305,0.263,-0.546,-10.218,-0.466,1549046071870
34,-0.177,0.303,0.227,-0.222,-10.717,-0.44,1549046071890
34,0.055,0.287,0.208,-0.265,-10.308,0.077,1549046071910
34,-0.211,0.215,0.15,-0.327,-10.61,-0.533,1549046071930
34,-0.349,0.235,0.152,-0.456,-10.585,-0.476,1549046071950
34,-0.041,0.217,0.167,-0.35,-10.477,0.314,1549046071970
34,0.255,0.173,0.118,-0.463,-10.255,-0.113,1549046071990
35,0.272,0.132,0.085,-0.361,-10.301,-0.246,1549046072010
35,0.17,0.139,0.084,-0.762,-10.386,-0.351,1549046072030
35,-0.021,0.102,0.074,-0.761,-10.236,-0.341,1549046072050
35,-0.053,0.106,0.069,-0.581,-10.505,-0.445,1549046072070
35,0.125,0.126,0.081,-0.703,-10.273,0.057,1549046072090
35,0.311,0.126,0.072,-0.599,-10.078,-0.359,1549046072110
35,0.28,0.1,0.05,-0.755,-10.145,-0.864,1549046072131
35,0.139,0.106,0.055,-0.972,-10.132,-0.683,1549046072151
35,0.077,0.145,0.081,-0.722,-10.349,-0.246,1549046072171
35,0.111,0.126,0.071,-0.617,-10.555,0.099,1549046072191
35,0.222,0.13,0.084,-0.694,-9.992,0.164,1549046072211
35,0.086,0.111,0.063,-0.64,-10.007,-0.195,1549046072230
35,-0.037,0.046,0.023,-0.643,-10.203,-0.446,1549046072250
36,-0.073,0.026,0.015,-0.738,-10.324,-0.322,1549046072270
36,-0.042,0.034,0.029,-0.741,-10.139,-0.146,1549046072290
36,-0.043,0.03,0.018,-0.663,-10.274,-0.035,1549046072311
36,-0.044,0.022,-0.001,-0.629,-10.633,0.045,1549046072330
36,-0.001,0.022,-0.014,-0.707,-10.295,-0.222,1549046072351
36,0.044,0.02,-0.015,-0.924,-9.995,-0.397,1549046072370
36,-0.029,0.011,-0.005,-0.715,-10.039,-0.315,1549046072390
36,-0.114,-0.042,-0.013,-0.7,-10.264,-0.292,1549046072410
36,-0.031,-0.056,-0.025,-0.423,-10.55,0.028,1549046072431
36,0.035,-0.045,-0.029,-0.666,-10.101,-0.253,1549046072450
37,0.039,-0.04,-0.027,-0.628,-9.999,-0.484,1549046072470
37,-0.018,-0.041,-0.047,-0.773,-10.143,-0.38,1549046072490
37,-0.005,-0.01,-0.032,-0.772,-10.261,-0.123,1549046072510
37,0.047,-0.004,-0.023,-0.568,-10.154,-0.138,1549046072530
37,0.0,-0.076,-0.048,-0.776,-10.523,0.118,1549046072550
37,-0.109,-0.168,-0.087,-0.319,-10.762,-0.527,1549046072570
37,-0.018,-0.155,-0.081,-0.762,-10.114,-0.367,1549046072591
37,0.029,-0.132,-0.045,-0.568,-9.893,-0.354,1549046072610
37,-0.131,-0.169,-0.059,-0.671,-10.179,-0.116,1549046072631
37,-0.336,-0.221,-0.087,-0.571,-10.647,0.152,1549046072651
37,-0.299,-0.253,-0.09,-0.44,-10.134,-0.53,1549046072671
38,-0.243,-0.148,0.039,-0.519,-10.041,0.073,1549046072690
38,-0.404,-0.083,0.085,-0.663,-10.299,-0.489,1549046072710
38,-0.678,0.032,0.129,-1.149,-10.356,-1.186,1549046072731
38,-0.757,0.071,0.137,-1.267,-10.483,-1.81,1549046072751
38,-0.323,0.093,0.169,-1.08,-9.514,-0.781,1549046072771
38,-0.324,0.144,0.211,-1.303,-9.904,-0.529,1549046072790
38,-0.726,0.268,0.282,-1.569,-10.569,-1.691,1549046072810
38,-0.679,0.194,0.317,-0.834,-10.242,-1.837,1549046072830
38,-0.394,0.151,0.329,-0.262,-9.448,-1.081,1549046072850
38,-0.046,0.106,0.299,-0.192,-9.676,-0.901,1549046072871
38,-0.363,0.156,0.294,-0.969,-10.265,-2.325,1549046072891
38,-0.576,0.198,0.323,-1.199,-10.132,-3.469,1549046072911
38,-0.313,0.275,0.397,-1.185,-9.93,-1.624,1549046072930
38,-0.158,0.139,0.321,-1.076,-9.181,-1.045,1549046072951
38,-0.553,0.1,0.223,-1.667,-10.761,-2.428,1549046072971
39,-0.301,0.125,0.2,-1.631,-11.013,-3.036,1549046072991
39,0.241,0.219,0.27,-1.764,-10.434,0.296,1549046073010
39,0.141,0.145,0.24,-0.556,-8.763,-0.332,1549046073031
39,-0.258,0.125,0.151,-0.973,-10.689,-2.157,1549046073051
39,-0.322,0.107,0.12,-1.231,-9.616,-2.524,1549046073071
39,-0.436,0.137,0.155,-1.537,-9.254,-2.236,1549046073091
39,-0.535,0.162,0.166,-1.88,-9.685,-2.389,1549046073111
39,-0.545,0.138,0.188,-1.408,-10.825,-2.141,1549046073131
39,-0.288,0.198,0.285,-1.483,-10.212,-1.366,1549046073151
39,-0.466,0.262,0.309,-1.792,-9.866,-2.223,1549046073171
40,-0.625,0.239,0.268,-2.48,-9.92,-2.88,1549046073191
40,-0.521,0.209,0.263,-2.634,-10.808,-2.028,1549046073211
40,-0.435,0.146,0.421,-1.757,-9.452,-2.589,1549046073231
40,-0.697,-0.092,0.38,-1.543,-10.341,-3.766,1549046073251
40,-0.726,-0.156,0.376,-1.507,-10.846,-3.702,1549046073271
40,-0.475,-0.078,0.398,-1.436,-10.354,-3.361,1549046073290
40,-0.544,-0.059,0.392,-2.179,-10.073,-3.259,1549046073311
40,-0.75,-0.136,0.349,-2.584,-10.544,-3.393,1549046073331
40,-0.624,-0.143,0.397,-2.115,-10.813,-3.627,1549046073351
40,-0.31,-0.135,0.396,-2.389,-10.008,-3.421,1549046073371
40,-0.417,-0.238,0.334,-2.536,-9.83,-3.658,1549046073391
41,-0.659,-0.345,0.332,-2.406,-10.33,-5.473,1549046073411
41,-0.636,-0.272,0.403,-2.771,-10.63,-3.781,1549046073431
41,-0.464,-0.195,0.471,-2.503,-10.439,-4.213,1549046073451
41,-0.63,-0.189,0.466,-3.454,-9.296,-3.827,1549046073471
41,-0.754,-0.191,0.508,-3.171,-10.037,-4.008,1549046073492
41,-0.54,-0.189,0.537,-3.615,-10.352,-3.647,1549046073512
41,-0.389,-0.23,0.538,-3.532,-9.341,-4.408,1549046073532
41,-0.375,-0.245,0.576,-4.26,-8.282,-2.973,1549046073551
41,-0.563,-0.411,0.549,-3.582,-10.69,-4.697,1549046073572
41,-0.146,-0.493,0.616,-4.038,-8.893,-4.165,1549046073591
41,-0.201,-0.434,0.581,-3.666,-10.143,-4.684,1549046073611
41,-0.309,-0.418,0.585,-4.173,-8.777,-4.479,1549046073631
42,-0.315,-0.307,0.591,-5.004,-7.586,-2.65,1549046073651
42,-0.42,-0.511,0.623,-3.756,-9.582,-4.781,1549046073672
42,-0.385,-0.446,0.629,-4.226,-8.753,-4.015,1549046073691
42,-0.41,-0.41,0.6,-4.382,-8.631,-4.121,1549046073711
42,-0.305,-0.433,0.572,-4.385,-8.307,-4.276,1549046073731
42,-0.133,-0.456,0.637,-4.715,-7.185,-4.216,1549046073751
42,-0.239,-0.406,0.655,-4.567,-8.37,-4.116,1549046073772
42,-0.34,-0.352,0.651,-4.651,-8.469,-4.066,1549046073791
42,-0.271,-0.317,0.612,-4.646,-7.799,-4.207,1549046073812
42,-0.365,-0.316,0.539,-4.785,-7.892,-3.802,1549046073831
43,-0.189,-0.313,0.553,-4.928,-6.735,-4.256,1549046073852
43,-0.198,-0.279,0.578,-4.959,-7.749,-4.132,1549046073872
43,-0.326,-0.311,0.551,-5.341,-7.719,-3.771,1549046073892
43,-0.242,-0.299,0.528,-5.381,-7.104,-3.625,1549046073912
43,-0.106,-0.308,0.537,-5.457,-6.972,-3.684,1549046073931
43,0.002,-0.289,0.553,-5.643,-6.123,-3.974,1549046073952
43,-0.182,-0.252,0.527,-5.679,-7.248,-3.815,1549046073972
43,-0.211,-0.237,0.504,-5.904,-7.064,-3.658,1549046073992
43,-0.05,-0.259,0.484,-6.129,-6.356,-3.802,1549046074011
43,0.065,-0.28,0.484,-6.193,-6.202,-3.526,1549046074032
43,0.107,-0.246,0.525,-6.144,-6.755,-3.956,1549046074051
44,0.069,-0.198,0.509,-6.25,-7.148,-3.464,1549046074072
44,0.062,-0.199,0.482,-6.586,-6.789,-2.72,1549046074092
44,0.141,-0.264,0.451,-6.426,-5.352,-4.551,1549046074112
44,0.223,-0.191,0.496,-6.147,-6.76,-3.919,1549046074132
44,0.085,-0.148,0.464,-6.429,-6.714,-3.652,1549046074152
44,-0.028,-0.142,0.433,-6.532,-7.057,-3.176,1549046074172
44,0.114,-0.214,0.397,-6.31,-5.772,-4.076,1549046074192
44,0.353,-0.197,0.44,-6.474,-6.769,-3.982,1549046074212
44,0.297,-0.137,0.397,-6.262,-7.037,-4.383,1549046074232
44,0.226,-0.115,0.322,-6.198,-6.668,-3.983,1549046074251
45,0.215,-0.145,0.231,-6.487,-6.964,-3.365,1549046074271
45,0.46,-0.142,0.224,-6.706,-5.145,-4.322,1549046074291
45,0.63,-0.059,0.287,-6.695,-6.335,-3.777,1549046074312
45,0.476,-0.079,0.253,-6.481,-6.747,-3.571,1549046074332
45,0.536,-0.09,0.222,-6.724,-6.95,-3.208,1549046074352
45,0.633,-0.055,0.221,-6.817,-5.937,-2.641,1549046074372
45,0.725,-0.003,0.216,-6.771,-6.838,-3.045,1549046074392
45,0.633,-0.01,0.174,-6.786,-6.422,-2.877,1549046074412
45,0.566,0.0,0.164,-7.054,-6.05,-3.449,1549046074431
45,0.77,0.044,0.188,-6.862,-5.541,-2.517,1549046074451
45,0.846,0.133,0.138,-7.027,-7.092,-2.078,1549046074472
45,1.001,0.138,0.12,-6.874,-6.556,-2.977,1549046074492
45,0.995,0.187,0.088,-6.408,-6.136,-2.706,1549046074511
45,0.725,0.21,-0.02,-6.574,-6.898,-2.599,1549046074532
46,0.744,0.251,-0.042,-6.807,-6.703,-2.472,1549046074552
46,0.976,0.242,-0.033,-6.663,-6.063,-2.626,1549046074572
46,0.974,0.25,-0.062,-7.219,-6.61,-2.211,1549046074592
46,1.057,0.241,-0.058,-7.15,-6.569,-2.876,1549046074612
46,1.079,0.251,-0.088,-7.075,-6.754,-2.962,1549046074632
46,0.8,0.3,-0.184,-6.704,-6.663,-2.994,1549046074652
46,0.512,0.343,-0.236,-7.167,-6.993,-2.308,1549046074672
46,0.488,0.311,-0.244,-7.226,-7.132,-2.358,1549046074692
46,0.673,0.273,-0.24,-6.963,-7.514,-1.997,1549046074712
46,0.719,0.262,-0.25,-6.354,-7.427,-1.803,1549046074732
47,0.806,0.28,-0.247,-6.358,-6.903,-1.743,1549046074753
47,0.881,0.323,-0.258,-6.467,-7.055,-1.999,1549046074772
47,0.793,0.332,-0.267,-6.354,-7.283,-1.816,1549046074792
47,0.687,0.39,-0.228,-6.056,-7.533,-2.138,1549046074812
47,0.557,0.376,-0.25,-6.191,-7.48,-2.092,1549046074832
47,0.403,0.341,-0.277,-5.96,-7.898,-2.057,1549046074853
47,0.48,0.349,-0.26,-5.957,-7.759,-1.542,1549046074872
47,0.346,0.39,-0.253,-6.348,-8.251,-0.593,1549046074892
47,0.317,0.41,-0.226,-5.966,-7.792,-1.59,1549046074913
47,0.433,0.373,-0.199,-6.019,-7.539,-2.017,1549046074933
47,0.444,0.36,-0.179,-5.678,-7.555,-1.746,1549046074953
47,0.387,0.348,-0.179,-5.968,-7.646,-1.042,1549046074972
47,0.208,0.279,-0.266,-5.866,-8.814,-0.455,1549046074993
47,0.253,0.234,-0.307,-5.685,-8.314,-0.962,1549046075013
48,0.443,0.237,-0.29,-5.891,-7.118,-1.537,1549046075033
48,0.412,0.248,-0.31,-5.66,-7.742,-1.18,1549046075052
48,0.094,0.21,-0.394,-5.625,-8.485,-1.103,1549046075073
48,0.039,0.191,-0.409,-5.748,-8.2,-1.14,1549046075093
48,0.216,0.197,-0.382,-5.585,-8.726,-0.974,1549046075113
48,0.269,0.233,-0.37,-5.409,-7.898,-1.892,1549046075133
48,0.132,0.287,-0.363,-5.208,-7.888,-1.662,1549046075153
48,-0.051,0.298,-0.387,-5.361,-8.56,-1.713,1549046075173
48,0.081,0.288,-0.354,-5.238,-7.812,-1.712,1549046075192
48,-0.023,0.257,-0.359,-5.472,-9.022,-1.123,1549046075213
48,0.042,0.248,-0.305,-5.353,-8.343,-1.194,1549046075232
49,0.213,0.245,-0.253,-5.2,-8.138,-1.573,1549046075252
49,-0.013,0.249,-0.291,-5.143,-8.497,-1.284,1549046075272
49,-0.152,0.22,-0.304,-5.258,-8.8,-1.05,1549046075292
49,-0.113,0.193,-0.304,-5.41,-9.152,-0.992,1549046075313
49,0.122,0.195,-0.195,-5.112,-8.296,-1.712,1549046075332
49,0.095,0.197,-0.185,-4.941,-9.09,-1.49,1549046075352
49,-0.038,0.224,-0.207,-4.892,-9.206,-1.386,1549046075373
49,-0.039,0.232,-0.184,-4.696,-8.172,-2.187,1549046075393
49,-0.168,0.259,-0.163,-4.465,-8.545,-2.72,1549046075412
49,-0.357,0.252,-0.172,-4.676,-9.616,-1.721,1549046075433
49,-0.358,0.243,-0.166,-4.621,-9.459,-1.316,1549046075452
50,-0.236,0.193,-0.138,-4.85,-8.666,-1.625,1549046075473
50,-0.225,0.145,-0.147,-4.44,-8.713,-2.937,1549046075493
50,-0.23,0.197,-0.139,-4.574,-9.052,-2.066,1549046075513
50,-0.317,0.224,-0.138,-5.271,-9.528,-2.041,1549046075532
50,-0.197,0.089,-0.089,-4.946,-9.438,-2.082,1549046075553
50,-0.222,0.001,-0.117,-4.942,-9.717,-2.054,1549046075573
50,-0.154,0.025,-0.13,-4.78,-8.962,-2.117,1549046075592
50,-0.185,0.032,-0.177,-4.655,-9.314,-1.565,1549046075612
50,-0.259,0.02,-0.18,-4.404,-8.971,-2.437,1549046075632
50,-0.168,0.079,-0.152,-4.261,-8.914,-2.374,1549046075653
50,-0.056,0.121,-0.113,-4.413,-9.507,-1.353,1549046075673
50,0.006,0.068,-0.095,-4.603,-9.707,-1.433,1549046075693
51,0.069,0.028,-0.097,-4.335,-8.426,-2.264,1549046075713
51,-0.001,0.062,-0.098,-4.731,-9.315,-1.415,1549046075732
51,-0.109,0.04,-0.159,-4.229,-9.179,-2.137,1549046075753
51,0.033,0.103,-0.149,-4.249,-9.0,-2.476,1549046075773
51,0.015,0.089,-0.184,-4.479,-9.434,-2.03,1549046075793
51,0.057,0.043,-0.194,-4.496,-9.653,-1.968,1549046075813
51,0.107,0.017,-0.204,-4.268,-9.276,-2.429,1549046075833
51,0.221,0.037,-0.172,-3.977,-9.034,-2.854,1549046075853
51,0.125,0.038,-0.186,-4.113,-9.179,-3.062,1549046075873
51,0.019,0.07,-0.193,-4.04,-8.966,-3.079,1549046075893
51,0.016,0.058,-0.176,-4.448,-9.534,-2.21,1549046075913
51,0.086,0.035,-0.183,-4.005,-9.666,-2.682,1549046075933
51,0.198,0.058,-0.153,-4.013,-9.122,-2.837,1549046075953
52,-0.011,0.047,-0.19,-4.108,-8.456,-3.436,1549046075973
52,-0.081,0.082,-0.145,-4.878,-8.464,-2.443,1549046075993
52,-0.089,0.015,-0.129,-4.548,-10.228,-2.109,1549046076012
52,0.118,-0.013,-0.115,-4.93,-8.614,-2.28,1549046076032
52,0.039,-0.037,-0.129,-4.551,-9.234,-2.873,1549046076053
52,-0.068,-0.07,-0.158,-4.047,-8.941,-3.488,1549046076073
52,-0.015,0.018,-0.157,-4.435,-9.742,-2.082,1549046076093
52,0.021,-0.086,-0.194,-3.967,-9.617,-1.888,1549046076113
52,0.229,-0.129,-0.184,-4.029,-8.543,-2.531,1549046076133
52,0.155,-0.123,-0.163,-4.061,-8.941,-2.818,1549046076153
53,0.057,-0.128,-0.162,-4.044,-8.957,-2.95,1549046076173
53,0.09,-0.002,-0.139,-3.873,-9.284,-2.574,1549046076193
53,0.102,0.027,-0.118,-4.009,-9.228,-2.336,1549046076213
53,0.003,-0.025,-0.137,-3.866,-9.326,-2.774,1549046076233
53,0.051,-0.032,-0.113,-3.898,-9.108,-2.925,1549046076253
53,0.074,-0.049,-0.114,-3.85,-9.599,-2.32,1549046076273
53,0.031,-0.12,-0.137,-3.685,-9.152,-2.752,1549046076293
53,-0.01,-0.105,-0.147,-3.683,-9.247,-2.683,1549046076313
53,0.018,-0.139,-0.186,-3.757,-9.529,-2.225,1549046076333
53,0.118,-0.192,-0.222,-3.778,-9.297,-1.978,1549046076353
53,0.128,-0.27,-0.247,-3.62,-8.839,-2.301,1549046076373
53,0.099,-0.252,-0.259,-3.597,-9.054,-2.257,1549046076394
54,0.083,-0.182,-0.274,-3.944,-9.153,-1.591,1549046076413
54,0.059,-0.18,-0.311,-3.573,-9.277,-1.863,1549046076434
54,0.144,-0.186,-0.319,-3.126,-9.394,-2.35,1549046076453
54,0.232,-0.132,-0.28,-3.548,-9.19,-2.005,1549046076474
54,0.226,-0.112,-0.248,-3.359,-9.425,-2.213,1549046076493
54,0.159,-0.098,-0.218,-3.124,-9.694,-1.987,1549046076513
54,0.018,-0.094,-0.209,-3.115,-9.845,-2.091,1549046076533
54,0.014,-0.062,-0.211,-3.272,-9.191,-2.268,1549046076553
54,0.021,-0.01,-0.178,-2.995,-9.592,-2.091,1549046076574
54,-0.001,0.04,-0.158,-3.109,-9.732,-1.509,1549046076593
54,0.027,0.054,-0.162,-3.014,-9.667,-1.734,1549046076613
54,0.025,0.059,-0.158,-3.149,-9.573,-1.963,1549046076634
54,0.046,0.083,-0.155,-3.214,-9.308,-1.959,1549046076654
54,-0.01,0.133,-0.163,-3.266,-9.832,-1.566,1549046076674
54,0.07,0.133,-0.189,-3.495,-9.719,-1.192,1549046076694
55,0.126,0.094,-0.229,-3.331,-9.982,-1.298,1549046076714
55,0.171,0.027,-0.247,-3.29,-9.629,-1.352,1549046076733
55,0.145,-0.016,-0.257,-3.428,-10.439,-2.094,1549046076753
55,0.224,-0.022,-0.265,-3.097,-9.492,-2.432,1549046076774
55,0.147,0.075,-0.229,-3.397,-10.067,-1.663,1549046076794
55,0.106,0.046,-0.213,-3.122,-9.876,-2.261,1549046076814
55,0.127,0.057,-0.156,-2.955,-10.095,-1.863,1549046076834
55,0.022,0.092,-0.117,-3.208,-10.241,-1.313,1549046076854
55,0.132,0.045,-0.108,-2.932,-10.569,-1.631,1549046076874
55,0.223,-0.005,-0.156,-2.92,-10.179,-1.899,1549046076894
56,0.252,0.003,-0.128,-3.244,-10.186,-1.821,1549046076913
56,0.234,-0.015,-0.11,-3.0,-9.947,-1.259,1549046076934
56,0.216,-0.056,-0.099,-2.863,-10.64,-0.81,1549046076954
56,0.183,-0.083,-0.111,-2.941,-9.955,-0.929,1549046076974
56,0.226,-0.126,-0.099,-3.063,-10.212,-1.682,1549046076994
56,0.223,-0.112,-0.076,-3.084,-10.078,-1.781,1549046077014
56,0.236,-0.056,-0.055,-3.121,-10.032,-1.517,1549046077034
56,0.205,-0.033,-0.026,-2.971,-9.895,-1.474,1549046077054
56,0.139,-0.036,0.001,-2.937,-10.074,-1.221,1549046077074
56,0.139,-0.044,0.032,-2.6,-9.986,-1.89,1549046077094
56,0.188,-0.006,0.087,-2.751,-9.678,-1.585,1549046077114
56,0.098,0.028,0.12,-2.544,-10.241,-0.996,1549046077135
57,0.144,0.05,0.128,-2.708,-10.052,-0.839,1549046077154
57,0.206,0.043,0.112,-2.68,-9.759,-1.638,1549046077175
57,0.138,0.032,0.125,-2.855,-9.866,-1.275,1549046077194
57,0.121,0.045,0.119,-2.784,-9.846,-1.004,1549046077214
57,0.201,0.058,0.123,-2.712,-9.81,-0.884,1549046077234
57,0.123,0.029,0.11,-3.002,-9.426,-0.524,1549046077253
57,0.133,0.05,0.107,-2.726,-9.265,-1.45,1549046077274
57,0.194,0.131,0.108,-2.507,-9.565,-1.071,1549046077293
57,0.065,0.135,0.056,-2.618,-9.854,-0.785,1549046077314
57,0.021,0.071,0.012,-2.605,-9.71,-0.536,1549046077333
58,0.019,0.03,0.0,-2.467,-9.836,-1.037,1549046077353
58,0.188,0.061,0.0,-2.388,-9.14,-1.406,1549046077374
58,0.112,0.14,0.032,-2.177,-9.873,-1.315,1549046077393
58,-0.079,0.168,0.004,-2.505,-9.371,-1.129,1549046077413
58,-0.194,0.155,-0.039,-2.646,-9.504,-1.323,1549046077434
58,-0.051,0.185,-0.015,-2.733,-8.958,-0.755,1549046077454
58,0.013,0.22,-0.019,-2.687,-9.567,-0.324,1549046077474
58,-0.052,0.195,-0.046,-2.772,-9.896,-0.327,1549046077494
58,-0.188,0.138,-0.096,-3.332,-9.185,-0.899,1549046077514
58,-0.211,0.053,-0.101,-3.084,-9.805,-1.053,1549046077534
58,-0.049,0.076,-0.08,-2.966,-10.097,-0.192,1549046077554
59,0.0,0.086,-0.055,-2.905,-10.204,-1.087,1549046077574
59,0.118,0.066,-0.058,-2.85,-9.621,-1.747,1549046077594
59,-0.036,0.082,-0.059,-2.927,-9.918,-1.503,1549046077614
59,-0.09,0.049,-0.075,-2.989,-10.002,-1.117,1549046077634
59,-0.089,-0.074,-0.133,-2.962,-10.437,-0.445,1549046077654
59,-0.004,-0.137,-0.158,-3.149,-9.482,-0.277,1549046077674
59,0.085,-0.112,-0.105,-2.261,-9.664,-1.289,1549046077695
59,0.063,-0.073,-0.07,-2.613,-9.288,-1.065,1549046077714
59,-0.092,-0.087,-0.017,-2.989,-9.967,-0.958,1549046077735
59,-0.15,-0.173,-0.03,-2.888,-10.146,-1.342,1549046077754
60,0.004,-0.13,-0.054,-2.78,-9.613,-1.26,1549046077775
60,0.025,-0.065,-0.064,-2.489,-9.722,-1.246,1549046077794
60,0.019,0.006,-0.061,-2.431,-9.828,-1.408,1549046077815
60,0.008,-0.004,-0.062,-2.459,-10.114,-0.47,1549046077835
60,0.106,-0.133,-0.096,-2.42,-10.03,-1.622,1549046077855
60,0.165,-0.129,-0.083,-2.455,-9.77,-1.35,1549046077875
60,0.137,-0.131,-0.088,-2.374,-10.001,-1.083,1549046077895
60,0.18,-0.27,-0.157,-2.183,-10.179,-0.28,1549046077915
60,0.129,-0.402,-0.239,-2.289,-10.514,0.446,1549046077934
60,0.155,-0.489,-0.301,-2.048,-9.834,-0.246,1549046077954
60,0.274,-0.537,-0.326,-2.294,-10.037,-0.69,1549046077974
60,0.467,-0.58,-0.33,-2.444,-10.11,-0.232,1549046077994
60,0.443,-0.68,-0.396,-2.193,-9.905,0.417,1549046078014
61,0.35,-0.779,-0.399,-1.958,-10.361,0.226,1549046078034
61,0.477,-0.727,-0.333,-2.985,-10.611,-1.392,1549046078054
61,0.583,-0.578,-0.305,-2.776,-9.807,-0.015,1549046078075
61,0.288,-0.538,-0.293,-2.259,-11.256,0.941,1549046078094
61,0.139,-0.565,-0.289,-2.149,-10.42,-0.954,1549046078114
61,0.454,-0.305,-0.268,-2.771,-9.423,-1.999,1549046078134
61,0.661,-0.188,-0.204,-2.455,-9.409,-0.484,1549046078154
61,0.328,-0.233,-0.095,-1.989,-9.854,-0.034,1549046078175
61,-0.135,-0.255,-0.054,-1.701,-10.565,-0.305,1549046078194
61,0.035,-0.163,-0.032,-1.988,-9.548,-0.144,1549046078214
61,0.293,-0.114,-0.011,-2.075,-9.639,-0.22,1549046078235
61,0.251,-0.067,0.008,-2.054,-9.179,0.165,1549046078255
62,-0.115,-0.05,0.05,-1.483,-10.508,0.383,1549046078274
62,-0.15,-0.007,0.053,-1.666,-9.904,0.277,1549046078294
62,0.091,0.071,0.044,-2.061,-9.692,0.054,1549046078314
62,0.061,0.062,0.067,-1.973,-9.723,0.49,1549046078334
62,-0.046,0.034,0.07,-1.599,-10.016,0.105,1549046078354
62,0.125,0.071,0.091,-1.796,-10.153,0.408,1549046078375
62,0.259,0.072,0.083,-1.605,-10.349,0.728,1549046078394
62,0.347,0.087,0.067,-1.856,-9.673,0.605,1549046078414
62,0.209,0.105,0.056,-1.976,-9.982,0.146,1549046078434
62,0.123,0.121,0.064,-2.056,-10.055,0.368,1549046078454
62,0.022,0.108,0.068,-1.802,-9.878,0.546,1549046078475
63,-0.05,0.121,0.077,-1.905,-10.132,0.439,1549046078494
63,-0.018,0.148,0.097,-2.073,-10.669,0.302,1549046078515
63,0.076,0.113,0.106,-2.374,-10.155,0.56,1549046078535
63,0.2,0.053,0.082,-1.964,-9.971,0.879,1549046078555
63,0.053,0.02,0.084,-1.798,-9.948,0.362,1549046078575
63,0.055,0.059,0.117,-2.205,-10.256,0.549,1549046078594
63,0.026,0.054,0.096,-2.067,-10.171,0.783,1549046078615
63,0.127,0.034,0.063,-2.324,-10.058,1.124,1549046078635
63,0.1,0.001,0.035,-2.23,-9.773,0.708,1549046078655
63,0.01,-0.006,0.041,-1.969,-10.049,0.503,1549046078675
63,0.032,-0.024,0.011,-2.245,-9.907,0.454,1549046078695
64,0.091,-0.037,0.011,-1.98,-9.924,0.799,1549046078714
64,0.063,-0.038,0.02,-2.08,-9.973,0.666,1549046078735
64,-0.028,-0.023,0.013,-2.02,-9.886,0.27,1549046078755
64,-0.067,0.009,0.017,-2.038,-9.907,0.602,1549046078775
64,-0.006,0.012,0.027,-1.914,-9.876,0.891,1549046078795
64,0.144,-0.001,0.013,-1.999,-10.018,0.692,1549046078815
64,0.14,-0.005,0.004,-2.13,-9.783,0.584,1549046078835
64,-0.021,-0.009,0.008,-2.005,-9.911,0.811,1549046078856
64,-0.02,0.001,0.001,-2.044,-9.933,0.829,1549046078875
64,0.06,0.0,-0.016,-1.987,-9.842,0.762,1549046078895
64,0.124,0.011,-0.025,-2.158,-9.796,0.565,1549046078915
64,0.004,0.006,-0.013,-2.114,-10.036,0.61,1549046078935
65,-0.034,0.003,-0.012,-2.15,-10.141,0.718,1549046078955
65,0.01,-0.005,-0.023,-2.131,-9.82,0.558,1549046078975
65,0.047,0.01,-0.018,-2.252,-9.942,0.817,1549046078995
65,-0.006,0.0,-0.02,-2.211,-10.045,0.759,1549046079015
65,-0.013,0.013,-0.012,-2.14,-9.928,0.654,1549046079035
65,0.05,0.015,-0.012,-2.163,-9.934,0.608,1549046079055
65,0.049,0.015,-0.007,-2.168,-10.205,0.858,1549046079076
65,0.008,0.004,-0.007,-2.017,-10.095,0.768,1549046079095
65,0.005,0.012,-0.003,-2.05,-9.677,0.412,1549046079115
65,-0.039,0.014,-0.004,-2.125,-9.893,0.603,1549046079135
65,-0.053,0.006,-0.009,-2.102,-10.186,0.866,1549046079155
65,0.014,-0.007,-0.026,-2.146,-9.907,0.733,1549046079175
66,0.026,-0.001,-0.034,-1.931,-9.795,0.548,1549046079195
66,-0.017,-0.014,-0.038,-2.115,-9.977,0.817,1549046079215
66,-0.003,-0.007,-0.022,-2.099,-10.172,0.673,1549046079236
66,0.034,0.002,-0.018,-2.067,-9.93,0.599,1549046079256
66,0.012,0.009,-0.015,-1.987,-9.792,0.618,1549046079276
66,-0.015,0.03,-0.004,-2.138,-9.854,0.686,1549046079296
66,0.068,0.035,-0.004,-2.108,-9.977,0.879,1549046079315
66,0.164,0.028,-0.011,-2.195,-9.872,0.601,1549046079336
66,0.166,-0.007,-0.018,-2.074,-10.016,0.756,1549046079355
66,0.004,-0.038,-0.018,-1.88,-10.268,0.871,1549046079376
66,0.008,-0.059,-0.025,-2.008,-10.089,1.035,1549046079396
67,0.14,-0.051,-0.034,-2.219,-9.891,0.999,1549046079415
67,0.137,-0.023,-0.03,-2.328,-10.079,0.733,1549046079436
67,0.004,-0.008,-0.019,-2.219,-9.945,0.705,1549046079455
67,-0.08,-0.031,-0.029,-1.924,-9.765,0.517,1549046079476
67,-0.07,-0.01,-0.002,-2.142,-9.721,0.492,1549046079496
67,-0.039,0.017,0.02,-1.943,-9.935,0.783,1549046079516
67,-0.067,0.024,0.028,-1.964,-10.035,1.023,1549046079536
67,-0.052,0.026,0.013,-2.094,-10.07,0.943,1549046079556
67,-0.042,0.041,0.005,-2.033,-9.763,0.825,1549046079576
67,-0.059,0.04,0.005,-2.073,-9.728,0.627,1549046079596
68,-0.114,0.022,0.013,-1.973,-10.024,0.485,1549046079616
68,-0.038,0.039,0.02,-2.092,-9.803,0.679,1549046079635
68,-0.038,0.056,0.047,-2.187,-9.699,0.565,1549046079656
68,-0.154,0.047,0.073,-2.095,-10.003,0.39,1549046079676
68,-0.231,0.087,0.092,-2.133,-9.679,0.204,1549046079696
68,-0.164,0.163,0.133,-2.344,-9.477,0.333,1549046079716
68,-0.196,0.205,0.153,-2.338,-9.959,0.462,1549046079736
68,-0.375,0.184,0.138,-2.286,-10.186,-0.104,1549046079756
68,-0.6,0.245,0.182,-3.072,-10.603,0.521,1549046079776
68,-0.677,0.202,0.202,-2.175,-9.138,0.323,1549046079795
68,-0.208,0.259,0.11,-1.986,-10.453,0.154,1549046079815
69,-0.098,0.238,0.118,-2.28,-9.57,0.542,1549046079836
69,-0.284,0.209,0.138,-2.328,-10.048,0.127,1549046079856
69,-0.438,0.183,0.148,-2.29,-10.39,0.243,1549046079876
69,-0.225,0.177,0.101,-2.294,-10.371,0.39,1549046079896
69,-0.032,0.176,0.058,-2.164,-10.375,0.072,1549046079916
69,-0.02,0.149,0.058,-2.382,-9.511,-0.089,1549046079936
69,-0.113,0.073,0.048,-2.374,-10.026,-0.335,1549046079956
69,-0.104,0.049,0.041,-2.311,-10.082,0.024,1549046079976
69,-0.062,0.029,0.044,-2.363,-10.143,-0.134,1549046079996
69,0.01,0.027,0.036,-2.456,-9.941,-0.028,1549046080016
70,-0.038,-0.004,0.018,-2.515,-10.096,-0.041,1549046080036
70,-0.074,-0.01,-0.011,-2.524,-9.995,-0.116,1549046080056
70,-0.043,0.001,-0.042,-2.389,-10.107,-0.111,1549046080076
70,0.066,0.01,-0.052,-2.494,-9.947,-0.083,1549046080097
70,0.052,0.001,-0.091,-2.396,-10.083,-0.33,1549046080117
70,0.021,-0.008,-0.124,-2.309,-10.052,-0.178,1549046080137
70,0.019,-0.012,-0.135,-2.396,-9.996,-0.28,1549046080156
70,0.069,-0.007,-0.131,-2.496,-10.124,-0.122,1549046080176
70,0.11,0.0,-0.148,-2.45,-9.827,0.061,1549046080196
70,0.078,-0.023,-0.147,-2.262,-10.074,-0.113,1549046080216
71,0.144,-0.012,-0.155,-2.193,-9.791,-0.107,1549046080237
71,0.141,0.031,-0.146,-2.267,-9.913,-0.125,1549046080256
71,0.104,0.04,-0.165,-2.274,-10.104,-0.098,1549046080276
71,0.094,0.03,-0.175,-2.363,-9.896,0.222,1549046080296
71,0.027,-0.032,-0.191,-2.256,-10.181,0.215,1549046080317
71,0.029,-0.073,-0.219,-1.943,-10.454,-0.071,1549046080337
71,0.086,-0.005,-0.252,-1.95,-10.023,-0.245,1549046080357
71,0.141,0.062,-0.272,-1.961,-9.916,-0.171,1549046080377
71,0.11,0.041,-0.308,-1.863,-10.073,0.199,1549046080397
71,0.151,0.017,-0.326,-1.908,-10.223,0.232,1549046080417
71,0.075,0.009,-0.312,-1.866,-9.98,-0.133,1549046080437
71,0.044,0.039,-0.254,-1.918,-9.607,0.092,1549046080457
72,0.117,0.027,-0.271,-1.817,-10.057,0.255,1549046080477
72,0.159,0.031,-0.299,-1.844,-10.326,0.435,1549046080496
72,0.078,-0.004,-0.279,-1.573,-10.303,0.392,1549046080517
72,0.107,-0.066,-0.288,-1.263,-10.098,0.183,1549046080536
72,0.28,-0.04,-0.294,-1.467,-10.204,0.372,1549046080556
72,0.323,-0.042,-0.261,-1.636,-9.976,0.476,1549046080577
72,0.24,-0.08,-0.217,-1.494,-9.795,0.026,1549046080597
72,0.282,-0.072,-0.134,-1.347,-9.701,0.133,1549046080617
72,0.255,0.006,-0.083,-1.478,-10.047,0.52,1549046080637
72,0.104,0.034,-0.047,-1.273,-9.97,0.679,1549046080657
72,0.083,0.059,0.014,-1.278,-9.872,0.57,1549046080677
72,0.029,0.074,0.05,-1.178,-10.109,0.386,1549046080696
72,-0.072,0.084,0.064,-1.15,-10.19,0.06,1549046080717
72,-0.08,0.105,0.089,-1.582,-9.788,0.318,1549046080737
73,-0.031,0.094,0.135,-1.595,-10.11,0.585,1549046080756
73,-0.023,0.029,0.141,-1.573,-10.281,0.708,1549046080777
73,-0.04,0.006,0.126,-1.608,-10.197,0.472,1549046080797
73,-0.056,0.0,0.121,-1.757,-9.958,0.559,1549046080816
73,-0.045,-0.014,0.113,-1.55,-10.35,0.536,1549046080836
73,-0.007,-0.017,0.081,-1.57,-10.077,0.491,1549046080857
73,-0.007,0.012,0.068,-1.638,-10.243,0.358,1549046080877
73,-0.055,-0.004,0.026,-1.498,-10.134,0.487,1549046080897
73,-0.049,-0.019,0.006,-1.533,-10.043,0.54,1549046080917
73,0.004,-0.031,0.005,-1.498,-10.236,0.285,1549046080936
74,0.093,-0.028,0.005,-1.331,-10.14,0.267,1549046080956
74,0.078,-0.027,0.013,-1.375,-9.954,0.367,1549046080977
74,0.03,-0.024,0.019,-1.577,-10.003,0.398,1549046080997
74,-0.007,0.011,0.035,-1.77,-10.093,0.435,1549046081017
74,-0.073,0.02,0.048,-1.858,-9.983,0.167,1549046081036
74,-0.09,0.018,0.061,-1.652,-9.913,0.409,1549046081057
74,-0.089,0.021,0.056,-1.693,-10.099,0.667,1549046081077
74,-0.055,0.026,0.032,-1.699,-10.168,0.573,1549046081097
74,-0.025,0.049,0.019,-1.639,-10.023,0.332,1549046081117
74,-0.02,0.047,0.013,-1.554,-9.986,0.127,1549046081137
74,-0.009,0.042,0.008,-1.648,-10.164,0.185,1549046081157
