pack,vx,vy,vz,ax,ay,az,time
1,-0.241,-0.206,-0.158,-4.652,-8.462,-4.791,1548692013616
1,-0.307,-0.139,-0.14,-4.067,-8.854,-3.877,1548692013636
1,-0.486,-0.098,-0.026,-3.976,-9.52,-4.448,1548692013656
1,-0.589,-0.034,0.135,-4.288,-9.129,-5.074,1548692013676
1,-0.363,0.04,0.244,-4.433,-8.162,-5.06,1548692013696
1,-0.122,0.043,0.25,-4.464,-7.51,-5.292,1548692013716
1,-0.293,-0.02,0.253,-4.754,-7.858,-6.1,1548692013736
1,-0.652,-0.093,0.289,-5.255,-8.75,-7.094,1548692013756
1,-0.673,-0.118,0.335,-5.252,-8.48,-6.943,1548692013776
1,-0.291,-0.175,0.282,-4.946,-7.949,-5.549,1548692013796
2,-0.093,-0.224,0.246,-4.326,-6.613,-4.796,1548692013815
2,-0.043,-0.286,0.185,-4.254,-5.414,-4.609,1548692013836
2,-0.263,-0.241,0.127,-4.693,-6.102,-4.676,1548692013856
2,-0.35,-0.131,0.074,-4.466,-6.415,-4.85,1548692013875
2,-0.42,-0.101,0.103,-4.799,-6.324,-4.772,1548692013896
2,-0.448,-0.044,0.147,-5.085,-5.968,-4.859,1548692013915
2,-0.495,-0.075,0.163,-5.087,-6.506,-4.74,1548692013935
2,-0.664,-0.056,0.235,-5.405,-6.923,-5.454,1548692013956
2,-0.683,0.068,0.328,-5.609,-6.657,-6.587,1548692013976
2,-0.548,0.104,0.341,-5.693,-6.206,-6.88,1548692013995
2,-0.35,0.077,0.291,-5.397,-5.567,-6.05,1548692014016
2,-0.295,0.06,0.243,-5.616,-4.867,-6.036,1548692014036
3,-0.238,0.089,0.2,-5.967,-5.212,-6.619,1548692014056
3,-0.24,0.054,0.129,-5.788,-6.494,-6.362,1548692014076
3,-0.152,0.045,0.056,-5.214,-7.881,-4.813,1548692014096
3,-0.137,0.115,0.085,-4.646,-7.141,-4.218,1548692014115
3,-0.153,0.129,0.176,-5.923,-5.631,-2.889,1548692014136
3,-0.032,0.401,0.104,-5.498,-7.783,-5.341,1548692014155
3,0.231,0.387,0.061,-5.177,-6.127,-7.075,1548692014175
3,0.434,0.371,0.013,-5.064,-6.319,-5.313,1548692014195
3,0.29,0.439,-0.16,-4.791,-6.795,-4.886,1548692014216
3,0.347,0.424,-0.245,-4.879,-6.816,-4.938,1548692014236
3,0.606,0.479,-0.313,-4.72,-7.329,-5.142,1548692014256
3,0.774,0.499,-0.371,-4.038,-6.747,-5.889,1548692014275
3,0.763,0.427,-0.331,-3.671,-5.965,-6.347,1548692014295
4,0.809,0.346,-0.366,-4.207,-6.62,-7.023,1548692014315
4,1.083,0.313,-0.419,-5.139,-5.525,-5.317,1548692014336
4,1.127,0.402,-0.407,-3.502,-6.286,-5.46,1548692014356
4,0.985,0.194,-0.39,-3.425,-6.531,-6.052,1548692014376
4,0.936,0.282,-0.37,-3.861,-7.717,-5.941,1548692014396
4,0.688,0.381,-0.345,-3.662,-8.077,-6.3,1548692014415
4,0.695,0.316,-0.189,-3.212,-7.488,-5.714,1548692014435
4,0.682,0.319,-0.145,-3.616,-7.282,-5.718,1548692014455
4,0.442,0.299,-0.065,-3.877,-6.994,-6.684,1548692014476
4,0.418,0.159,-0.006,-3.612,-7.457,-6.838,1548692014496
4,0.248,0.099,-0.005,-3.704,-8.147,-6.765,1548692014515
4,0.055,0.124,0.078,-4.272,-8.574,-5.504,1548692014536
4,0.189,0.126,0.01,-4.922,-7.116,-5.603,1548692014555
5,0.489,0.025,-0.095,-5.034,-6.398,-6.406,1548692014576
5,0.471,-0.112,-0.241,-4.393,-6.961,-5.729,1548692014595
5,0.283,-0.139,-0.406,-4.424,-7.093,-5.227,1548692014616
5,0.417,-0.176,-0.562,-5.396,-8.597,-4.826,1548692014635
5,0.319,-0.081,-0.589,-4.536,-7.346,-4.654,1548692014656
5,0.126,-0.186,-0.467,-3.841,-9.148,-5.314,1548692014676
5,-0.077,-0.143,-0.419,-3.602,-8.62,-5.015,1548692014696
5,0.141,-0.109,-0.371,-3.658,-7.75,-4.256,1548692014716
5,-0.004,0.042,-0.301,-3.341,-9.295,-5.201,1548692014736
5,-0.223,-0.04,-0.226,-3.163,-8.485,-5.915,1548692014755
5,-0.079,-0.087,-0.193,-3.571,-9.582,-4.929,1548692014775
5,-0.093,0.077,-0.178,-3.112,-8.552,-5.429,1548692014795
5,-0.139,-0.025,-0.16,-3.226,-9.79,-5.353,1548692014815
6,-0.237,-0.001,-0.179,-3.203,-9.178,-5.274,1548692014836
6,-0.056,-0.079,-0.217,-3.141,-9.344,-4.784,1548692014855
6,0.121,-0.114,-0.258,-3.108,-9.438,-4.866,1548692014875
6,0.185,-0.117,-0.256,-3.008,-9.317,-4.606,1548692014895
6,0.114,-0.061,-0.233,-3.053,-9.505,-5.128,1548692014915
6,-0.032,-0.036,-0.204,-2.527,-8.707,-5.389,1548692014936
6,0.051,-0.042,-0.161,-3.129,-9.511,-4.783,1548692014956
6,0.069,0.054,-0.12,-3.17,-9.173,-4.579,1548692014976
6,0.088,0.019,-0.109,-3.307,-9.599,-4.763,1548692014996
6,0.056,0.026,-0.105,-3.097,-8.585,-5.449,1548692015015
6,0.129,-0.015,-0.101,-3.265,-9.001,-4.707,1548692015035
6,0.123,0.039,-0.093,-3.408,-9.114,-4.539,1548692015055
6,0.129,0.003,-0.09,-3.241,-9.152,-4.629,1548692015074
6,0.165,-0.012,-0.108,-2.569,-8.958,-4.842,1548692015095
7,0.209,-0.08,-0.135,-2.254,-8.733,-5.03,1548692015115
7,0.141,-0.085,-0.139,-3.393,-8.946,-4.539,1548692015135
7,0.044,0.037,-0.096,-3.375,-8.201,-4.598,1548692015155
7,0.113,0.008,-0.044,-2.696,-8.465,-4.288,1548692015175
7,0.103,0.043,-0.028,-3.114,-8.914,-4.544,1548692015195
7,0.071,0.104,-0.018,-2.744,-8.157,-4.781,1548692015215
7,0.13,0.079,-0.032,-2.83,-8.668,-4.833,1548692015235
7,0.119,0.145,-0.041,-3.274,-9.016,-4.323,1548692015255
7,0.055,0.171,-0.047,-3.496,-9.609,-3.716,1548692015276
7,0.12,0.099,-0.095,-3.341,-9.674,-4.239,1548692015295
7,0.335,0.014,-0.165,-2.781,-8.599,-4.797,1548692015315
7,0.6,-0.076,-0.228,-2.336,-8.488,-4.826,1548692015335
8,0.52,-0.041,-0.24,-2.702,-8.89,-4.529,1548692015355
8,0.293,0.045,-0.234,-2.894,-9.589,-4.193,1548692015375
8,0.265,0.018,-0.232,-2.68,-9.853,-3.926,1548692015395
8,0.423,-0.001,-0.257,-2.559,-9.281,-4.332,1548692015415
8,0.553,-0.03,-0.295,-1.996,-8.72,-4.241,1548692015434
8,0.533,-0.021,-0.267,-2.502,-9.448,-4.108,1548692015454
8,0.526,0.059,-0.233,-2.137,-10.029,-3.492,1548692015475
8,0.539,0.048,-0.22,-2.223,-9.572,-3.03,1548692015494
8,0.804,0.076,-0.279,-2.445,-9.041,-3.724,1548692015515
8,0.754,0.034,-0.31,-2.559,-9.38,-3.889,1548692015535
8,0.386,0.019,-0.163,-3.026,-9.861,-3.814,1548692015555
8,0.224,0.06,-0.102,-3.139,-10.086,-3.403,1548692015575
8,0.282,0.053,-0.057,-3.225,-8.853,-3.017,1548692015595
8,0.484,0.038,-0.145,-2.499,-8.779,-2.812,1548692015615
8,0.362,-0.086,-0.236,-2.104,-9.451,-3.784,1548692015635
9,0.52,-0.041,-0.24,-2.708,-8.668,-3.877,1548692015655
9,0.417,-0.075,-0.266,-2.252,-9.031,-3.217,1548692015675
9,0.779,-0.049,-0.323,-1.895,-9.88,-1.904,1548692015695
9,0.942,-0.18,-0.318,-1.845,-10.817,-2.683,1548692015714
9,0.769,-0.196,-0.221,-2.45,-9.61,-3.289,1548692015735
9,0.346,-0.158,-0.023,-2.267,-9.471,-3.161,1548692015754
9,0.315,-0.107,0.018,-2.503,-9.588,-2.88,1548692015775
9,0.249,-0.132,0.055,-2.402,-9.614,-2.406,1548692015794
9,0.641,-0.11,0.06,-2.427,-8.802,-1.924,1548692015815
9,0.84,-0.116,-0.032,-2.098,-8.741,-2.103,1548692015834
9,0.682,-0.115,-0.064,-2.177,-9.636,-2.819,1548692015855
9,0.163,-0.155,-0.024,-2.012,-10.082,-2.286,1548692015875
10,-0.377,-0.175,0.054,-1.816,-10.234,-1.479,1548692015894
10,-0.384,-0.153,0.077,-2.01,-10.624,-1.368,1548692015915
10,-0.26,-0.091,0.036,-2.189,-10.625,-1.817,1548692015935
10,-0.186,-0.018,0.019,-2.359,-10.49,-2.414,1548692015955
10,-0.114,0.013,0.01,-2.457,-9.924,-2.175,1548692015975
10,-0.002,0.04,0.0,-2.55,-9.958,-2.129,1548692015995
10,0.065,0.025,-0.014,-2.377,-9.997,-2.02,1548692016014
10,0.019,0.019,-0.056,-2.282,-9.979,-2.182,1548692016035
10,0.018,-0.009,-0.11,-2.231,-9.96,-2.474,1548692016054
10,0.052,-0.008,-0.13,-2.151,-9.916,-2.99,1548692016074
10,0.164,-0.022,-0.126,-1.795,-9.686,-2.261,1548692016094
10,0.298,-0.067,-0.124,-1.907,-9.914,-2.137,1548692016114
10,0.274,-0.115,-0.098,-1.844,-9.896,-2.105,1548692016135
11,0.164,-0.084,-0.106,-1.875,-9.565,-2.016,1548692016155
11,0.179,-0.087,-0.097,-1.986,-9.269,-1.854,1548692016175
11,0.2,-0.072,-0.098,-1.961,-9.585,-2.076,1548692016194
11,0.132,-0.036,-0.085,-1.762,-9.93,-2.222,1548692016215
11,-0.022,-0.032,-0.062,-2.049,-9.755,-2.022,1548692016234
11,-0.077,-0.015,-0.037,-2.174,-9.484,-1.878,1548692016255
11,-0.075,0.03,-0.029,-2.211,-9.717,-2.001,1548692016275
11,-0.095,0.03,-0.035,-2.157,-9.796,-2.135,1548692016295
11,-0.085,0.057,-0.047,-2.256,-9.548,-2.241,1548692016315
11,-0.058,0.051,-0.045,-2.151,-9.874,-2.212,1548692016335
11,-0.028,0.058,-0.068,-2.154,-10.129,-2.649,1548692016355
12,-0.004,0.036,-0.061,-1.98,-10.204,-2.15,1548692016374
12,0.026,0.008,-0.024,-1.796,-9.974,-1.518,1548692016394
12,0.033,-0.034,0.04,-1.916,-9.939,-2.001,1548692016414
12,-0.071,-0.016,0.023,-2.05,-10.034,-2.047,1548692016434
12,-0.166,-0.016,0.033,-2.019,-9.79,-2.081,1548692016454
12,-0.136,0.005,0.008,-1.981,-9.724,-1.969,1548692016474
12,-0.106,0.005,0.004,-1.992,-10.187,-1.937,1548692016494
12,-0.094,0.006,0.004,-1.936,-10.237,-2.092,1548692016514
12,-0.147,-0.002,0.007,-1.899,-9.964,-2.241,1548692016534
12,-0.091,-0.001,0.029,-1.806,-9.939,-2.324,1548692016555
12,-0.075,-0.022,0.045,-1.994,-9.89,-2.316,1548692016575
12,-0.111,-0.019,0.049,-1.738,-9.696,-1.938,1548692016595
12,-0.099,-0.001,0.04,-2.015,-9.546,-1.712,1548692016614
13,-0.049,0.013,0.007,-2.213,-9.782,-1.931,1548692016634
13,0.051,0.084,-0.039,-1.839,-9.58,-2.155,1548692016655
13,0.165,0.121,-0.065,-1.438,-9.72,-1.992,1548692016674
13,0.169,0.083,-0.078,-1.726,-9.914,-2.251,1548692016694
13,0.046,0.043,-0.093,-1.658,-10.231,-1.786,1548692016715
13,-0.075,0.062,-0.071,-1.426,-10.245,-1.776,1548692016734
13,-0.102,0.02,-0.023,-1.669,-10.309,-2.286,1548692016754
13,0.084,-0.025,-0.023,-1.95,-9.774,-2.606,1548692016774
13,0.169,0.047,-0.026,-1.848,-9.901,-2.889,1548692016794
13,0.283,0.044,-0.018,-2.267,-9.433,-2.714,1548692016814
13,0.205,-0.034,-0.006,-1.485,-9.659,-2.088,1548692016834
13,-0.153,-0.03,0.095,-2.217,-10.772,-2.926,1548692016854
13,-0.856,-0.075,0.133,-2.601,-9.965,-2.763,1548692016874
13,-0.974,0.022,0.211,-2.25,-9.482,-2.969,1548692016894
14,-0.663,-0.011,0.153,-2.43,-9.351,-2.988,1548692016914
14,-0.621,-0.019,0.137,-2.478,-9.677,-3.224,1548692016934
14,-0.735,0.114,0.192,-2.519,-10.091,-3.508,1548692016954
14,-0.964,0.17,0.196,-2.799,-10.389,-3.716,1548692016975
14,-1.021,0.251,0.218,-2.405,-9.371,-3.677,1548692016993
14,-0.597,0.19,0.243,-2.02,-8.497,-3.459,1548692017014
14,-0.099,0.007,0.113,-2.209,-9.226,-2.708,1548692017034
14,-0.239,-0.006,0.046,-2.001,-10.503,-3.134,1548692017054
14,-0.51,0.038,0.057,-2.421,-9.761,-3.847,1548692017074
14,-0.735,-0.084,0.154,-2.237,-9.815,-4.07,1548692017094
14,-0.506,-0.089,0.178,-2.452,-9.44,-3.621,1548692017114
14,-0.34,-0.089,0.174,-2.601,-9.241,-3.669,1548692017134
14,-0.155,-0.092,0.18,-2.741,-9.483,-3.67,1548692017154
15,-0.075,-0.121,0.148,-2.957,-9.885,-4.018,1548692017174
15,0.074,-0.107,0.102,-3.035,-10.065,-4.477,1548692017194
15,0.178,-0.101,0.099,-3.093,-8.856,-3.869,1548692017214
15,0.303,-0.082,0.153,-2.514,-7.889,-3.609,1548692017235
15,0.425,-0.077,0.198,-2.021,-8.112,-3.583,1548692017255
15,0.349,-0.126,0.1,-2.199,-8.703,-4.104,1548692017275
15,0.152,-0.143,0.053,-1.791,-9.605,-4.215,1548692017295
15,-0.085,-0.113,0.075,-2.174,-9.415,-3.045,1548692017315
15,-0.356,-0.061,0.126,-2.799,-9.664,-3.395,1548692017334
15,-0.421,0.028,0.15,-2.916,-9.092,-4.631,1548692017353
15,-0.664,0.102,0.317,-2.887,-9.882,-4.672,1548692017374
15,-0.944,0.122,0.419,-2.721,-10.847,-4.337,1548692017394
15,-1.092,0.12,0.459,-3.175,-10.142,-4.359,1548692017414
15,-0.863,0.015,0.417,-2.789,-9.095,-4.326,1548692017434
16,-0.418,-0.071,0.398,-1.424,-8.866,-5.445,1548692017454
16,-0.324,-0.137,0.494,-4.315,-8.787,-5.718,1548692017473
16,-0.478,-0.281,0.457,-3.313,-9.61,-5.562,1548692017494
16,-0.642,-0.032,0.453,-3.584,-9.51,-5.508,1548692017514
16,-0.435,-0.347,0.437,-4.298,-9.117,-4.602,1548692017534
16,-0.239,-0.373,0.44,-3.41,-7.787,-4.798,1548692017554
16,-0.153,-0.337,0.434,-3.901,-9.037,-5.171,1548692017574
16,-0.071,-0.482,0.446,-4.484,-9.298,-5.934,1548692017594
16,-0.332,-0.422,0.476,-3.654,-8.832,-5.117,1548692017614
16,-0.276,-0.426,0.558,-4.507,-8.915,-4.584,1548692017634
16,-0.151,-0.498,0.566,-4.861,-8.212,-4.294,1548692017654
17,-0.317,-0.43,0.573,-6.06,-7.291,-3.344,1548692017674
17,-0.338,-0.432,0.576,-4.793,-9.203,-5.11,1548692017694
17,-0.21,-0.297,0.638,-5.017,-8.601,-4.319,1548692017713
17,-0.275,-0.566,0.539,-5.311,-8.307,-5.008,1548692017734
17,-0.292,-0.427,0.532,-5.402,-7.49,-4.012,1548692017753
17,-0.282,-0.546,0.478,-6.024,-7.194,-3.995,1548692017773
17,-0.139,-0.533,0.467,-5.133,-7.612,-4.773,1548692017794
17,-0.154,-0.463,0.474,-5.616,-7.587,-4.231,1548692017813
17,-0.226,-0.472,0.428,-5.06,-7.262,-4.667,1548692017834
17,-0.32,-0.359,0.421,-5.373,-7.445,-4.639,1548692017854
17,-0.22,-0.383,0.392,-4.887,-6.985,-4.437,1548692017873
17,-0.112,-0.359,0.379,-5.403,-7.042,-4.044,1548692017893
17,-0.033,-0.361,0.34,-5.135,-6.955,-4.814,1548692017913
18,-0.079,-0.351,0.317,-4.645,-6.31,-5.22,1548692017934
18,-0.181,-0.408,0.279,-4.804,-6.734,-4.99,1548692017954
18,-0.068,-0.474,0.252,-5.175,-6.153,-4.248,1548692017973
18,0.126,-0.499,0.214,-5.185,-5.859,-4.084,1548692017993
18,0.224,-0.507,0.192,-5.649,-5.361,-4.834,1548692018013
18,0.084,-0.487,0.148,-5.507,-4.97,-5.196,1548692018034
18,-0.043,-0.44,0.108,-5.559,-6.301,-4.6,1548692018053
18,-0.041,-0.419,0.053,-5.435,-5.938,-4.076,1548692018074
18,-0.12,-0.343,0.021,-5.185,-5.921,-3.532,1548692018093
18,-0.104,-0.283,-0.011,-5.2,-5.961,-4.263,1548692018113
18,-0.088,-0.179,-0.045,-5.225,-6.681,-5.589,1548692018134
18,-0.114,-0.081,-0.063,-6.386,-7.042,-4.263,1548692018154
18,0.087,-0.033,-0.088,-5.325,-7.393,-4.464,1548692018174
19,0.394,0.066,-0.082,-5.134,-6.939,-4.307,1548692018194
19,0.681,-0.016,-0.096,-5.732,-6.805,-3.809,1548692018214
19,0.52,-0.02,-0.137,-4.935,-6.966,-3.62,1548692018234
19,0.302,0.05,-0.165,-5.303,-6.96,-3.832,1548692018254
19,0.494,0.009,-0.21,-5.15,-6.747,-4.126,1548692018273
19,0.577,0.081,-0.269,-5.638,-7.35,-4.228,1548692018293
19,0.469,0.061,-0.275,-5.047,-7.288,-5.236,1548692018313
19,0.244,0.047,-0.321,-5.454,-6.622,-5.076,1548692018333
19,0.203,-0.053,-0.371,-4.967,-7.042,-4.804,1548692018353
19,0.237,-0.003,-0.378,-5.799,-6.532,-4.013,1548692018374
19,0.132,-0.028,-0.407,-5.724,-7.244,-4.403,1548692018393
19,-0.063,0.059,-0.415,-5.554,-7.204,-4.819,1548692018413
19,-0.286,0.114,-0.431,-5.63,-7.266,-4.758,1548692018433
20,-0.266,0.148,-0.425,-5.478,-7.606,-4.108,1548692018454
20,-0.305,0.156,-0.442,-5.131,-7.377,-4.415,1548692018474
20,-0.383,0.143,-0.409,-5.234,-7.123,-5.149,1548692018493
20,-0.397,0.17,-0.357,-5.154,-7.101,-4.721,1548692018513
20,-0.278,0.256,-0.281,-5.751,-8.471,-4.207,1548692018533
20,-0.231,0.253,-0.26,-5.824,-8.151,-3.862,1548692018554
20,-0.358,0.318,-0.233,-6.323,-8.313,-4.059,1548692018574
20,-0.346,0.295,-0.168,-6.307,-8.303,-3.808,1548692018594
20,-0.205,0.304,-0.153,-5.718,-8.015,-3.386,1548692018613
20,0.124,0.3,-0.132,-4.396,-7.693,-4.492,1548692018633
20,0.389,0.288,-0.132,-6.214,-8.599,-3.562,1548692018654
20,0.364,0.108,-0.202,-6.625,-8.512,-2.508,1548692018673
21,0.063,0.187,-0.283,-5.768,-8.633,-2.749,1548692018693
21,0.238,0.224,-0.246,-5.719,-9.211,-2.946,1548692018713
21,0.613,0.157,-0.267,-5.333,-8.476,-4.581,1548692018734
21,0.872,0.134,-0.304,-4.552,-8.459,-4.723,1548692018753
21,0.983,0.104,-0.344,-5.218,-10.346,-2.156,1548692018773
21,0.818,-0.012,-0.394,-4.986,-9.759,-2.313,1548692018793
21,0.589,-0.115,-0.503,-4.633,-7.085,-3.026,1548692018813
21,0.715,-0.187,-0.458,-4.04,-8.377,-2.294,1548692018833
21,0.983,-0.179,-0.468,-4.878,-9.179,-2.824,1548692018853
21,0.533,-0.161,-0.471,-4.77,-8.853,-2.292,1548692018873
21,0.202,-0.098,-0.434,-4.124,-8.641,-3.3,1548692018894
21,0.163,-0.109,-0.315,-4.52,-8.522,-2.338,1548692018913
21,0.132,-0.153,-0.276,-4.259,-8.903,-2.9,1548692018934
22,0.11,-0.137,-0.218,-4.142,-8.56,-2.819,1548692018952
22,0.043,-0.103,-0.125,-3.838,-9.353,-2.98,1548692018972
22,0.15,-0.046,-0.048,-3.77,-9.041,-3.014,1548692018993
22,0.055,-0.03,-0.017,-4.082,-9.132,-2.092,1548692019013
22,0.254,-0.026,0.025,-3.628,-9.332,-2.638,1548692019032
22,0.386,0.016,-0.007,-4.108,-9.075,-1.893,1548692019052
22,0.516,-0.016,-0.042,-3.646,-9.269,-1.532,1548692019073
22,0.483,0.091,-0.09,-3.689,-10.276,-1.68,1548692019093
22,0.369,0.052,-0.088,-3.578,-10.195,-1.95,1548692019113
22,0.293,0.044,-0.095,-4.038,-9.366,-2.927,1548692019133
22,0.299,-0.018,-0.092,-4.111,-9.217,0.653,1548692019154
22,0.465,-0.069,-0.132,-4.468,-9.932,-0.961,1548692019173
22,0.412,-0.045,-0.031,-4.171,-9.514,-1.641,1548692019193
22,0.262,-0.061,-0.072,-4.336,-9.009,-2.461,1548692019213
23,0.136,-0.09,-0.015,-4.77,-8.887,-1.405,1548692019234
23,0.216,-0.052,0.031,-4.12,-9.608,-2.076,1548692019253
23,0.243,-0.076,0.101,-4.044,-9.574,-1.599,1548692019273
23,0.218,-0.098,0.079,-4.658,-9.46,-0.989,1548692019293
23,0.056,-0.239,0.096,-4.483,-8.903,-2.156,1548692019313
23,0.003,-0.192,0.132,-4.119,-9.667,-1.197,1548692019333
23,0.184,-0.148,0.189,-4.153,-9.922,-1.111,1548692019353
23,0.268,-0.118,0.107,-4.157,-9.492,-1.606,1548692019372
23,0.177,-0.074,0.087,-3.93,-9.813,-1.754,1548692019392
23,0.256,-0.019,0.041,-4.222,-9.761,-0.352,1548692019413
23,0.41,0.018,-0.038,-4.38,-10.02,-0.764,1548692019433
23,0.38,0.058,-0.087,-4.097,-9.264,-2.082,1548692019453
23,0.212,0.068,-0.123,-3.544,-9.472,-2.845,1548692019473
23,0.217,0.069,-0.142,-3.558,-9.411,-0.939,1548692019493
23,0.231,0.076,-0.154,-3.149,-10.132,-0.978,1548692019513
24,0.268,0.148,-0.11,-3.031,-10.251,-0.142,1548692019533
24,0.063,0.128,-0.175,-3.044,-9.992,-1.602,1548692019553
24,0.005,0.166,-0.25,-2.918,-10.145,-1.299,1548692019573
24,0.139,0.194,-0.262,-2.863,-9.688,-0.831,1548692019592
24,0.427,0.178,-0.271,-2.932,-9.83,-0.666,1548692019612
24,0.395,0.114,-0.245,-3.132,-9.335,-1.053,1548692019632
24,0.253,0.114,-0.232,-3.321,-9.758,-0.305,1548692019653
24,0.329,0.143,-0.218,-3.189,-9.734,-0.435,1548692019672
24,0.381,0.186,-0.198,-2.764,-10.381,-0.649,1548692019692
24,0.41,0.209,-0.154,-2.958,-10.192,-0.964,1548692019713
24,0.325,0.186,-0.16,-2.701,-9.578,-1.978,1548692019732
24,0.239,0.237,-0.17,-2.57,-9.663,-1.76,1548692019752
24,0.318,0.217,-0.124,-3.1,-10.121,0.409,1548692019772
25,0.295,0.148,-0.091,-2.886,-11.987,-0.591,1548692019793
25,0.009,0.166,-0.092,-2.871,-10.606,-0.87,1548692019813
25,-0.088,0.18,-0.085,-2.218,-10.548,-1.012,1548692019832
25,0.173,0.239,-0.052,-2.561,-10.099,-0.751,1548692019853
25,0.149,0.251,-0.077,-3.445,-9.058,-1.574,1548692019873
25,0.139,0.281,-0.085,-3.983,-8.803,-1.922,1548692019893
25,-0.03,0.335,-0.094,-3.301,-9.955,-1.659,1548692019912
25,-0.121,0.309,-0.068,-3.199,-9.25,-1.046,1548692019932
25,0.006,0.193,-0.083,-3.398,-9.234,-0.95,1548692019952
25,0.226,0.24,-0.087,-3.306,-8.889,-0.883,1548692019973
25,0.157,0.25,-0.105,-2.781,-9.943,-0.37,1548692019992
25,0.027,0.275,-0.113,-3.121,-10.368,0.24,1548692020013
25,-0.128,0.307,-0.156,-2.731,-9.786,0.442,1548692020032
25,-0.143,0.35,-0.181,-2.563,-9.591,-0.039,1548692020052
26,-0.026,0.373,-0.237,-2.368,-9.61,-0.271,1548692020072
26,0.217,0.434,-0.299,-2.307,-9.497,-0.989,1548692020092
26,0.639,0.381,-0.358,-1.802,-7.694,-0.89,1548692020113
26,0.638,0.226,-0.377,-1.532,-9.215,-1.064,1548692020133
26,0.578,0.118,-0.349,-1.699,-8.893,-0.476,1548692020153
26,0.294,0.12,-0.334,-1.644,-10.34,-0.159,1548692020173
26,0.198,0.233,-0.232,-2.2,-10.093,-0.111,1548692020192
26,0.067,0.258,-0.201,-1.381,-9.803,-0.827,1548692020212
26,0.166,0.297,-0.144,-2.298,-9.645,-0.745,1548692020233
26,0.136,0.198,-0.131,-2.307,-9.415,0.019,1548692020253
26,0.181,0.229,-0.113,-2.304,-9.67,-0.595,1548692020273
26,0.089,0.121,-0.17,-1.99,-9.54,-1.443,1548692020292
26,-0.063,-0.001,-0.189,-1.895,-8.812,-1.052,1548692020312
27,0.009,-0.069,-0.195,-1.776,-9.475,-0.923,1548692020332
27,0.088,-0.029,-0.181,-1.916,-10.133,-0.516,1548692020352
27,-0.124,-0.056,-0.158,-2.1,-10.359,-0.571,1548692020372
27,-0.242,0.042,-0.138,-2.119,-10.35,-1.642,1548692020392
27,-0.17,0.134,-0.111,-2.28,-8.74,-0.902,1548692020412
27,0.051,0.105,-0.108,-2.229,-10.121,-0.466,1548692020433
27,0.208,0.012,-0.138,-2.231,-10.218,-1.149,1548692020453
27,0.051,-0.063,-0.166,-2.132,-10.231,-0.817,1548692020472
27,0.039,-0.125,-0.166,-2.43,-10.167,-0.924,1548692020493
27,0.066,-0.183,-0.186,-2.083,-9.685,-0.452,1548692020513
27,0.115,-0.22,-0.179,-2.174,-9.87,-0.722,1548692020533
28,0.114,-0.216,-0.174,-1.992,-9.796,-0.398,1548692020553
28,0.12,-0.184,-0.168,-1.691,-9.529,-1.037,1548692020572
28,0.1,-0.136,-0.167,-1.564,-9.79,-0.859,1548692020593
28,0.215,-0.136,-0.124,-1.736,-10.583,-0.541,1548692020613
28,0.218,-0.095,-0.127,-1.787,-10.465,-0.21,1548692020633
28,0.144,-0.097,-0.17,-1.827,-9.785,-0.071,1548692020652
28,0.132,-0.075,-0.186,-1.88,-10.982,0.959,1548692020672
28,0.211,-0.087,-0.161,-1.808,-11.246,0.454,1548692020692
28,0.157,-0.082,-0.208,-1.625,-9.898,-0.718,1548692020712
28,0.296,-0.058,-0.208,-1.525,-9.801,-1.223,1548692020732
28,0.512,-0.119,-0.221,-1.725,-10.179,-0.267,1548692020752
28,0.379,-0.119,-0.218,-1.506,-10.353,-0.288,1548692020772
28,0.264,-0.095,-0.171,-1.192,-10.107,-0.169,1548692020792
29,0.356,-0.131,-0.129,-1.712,-10.032,-0.321,1548692020812
29,0.343,-0.105,-0.115,-2.048,-10.204,0.055,1548692020832
29,0.222,0.007,-0.073,-2.07,-10.809,0.437,1548692020852
29,0.011,0.014,-0.047,-1.739,-10.089,0.13,1548692020873
29,-0.092,-0.023,-0.093,-2.027,-10.788,0.03,1548692020893
29,-0.074,-0.051,-0.102,-1.951,-9.936,0.035,1548692020913
29,-0.007,0.011,-0.115,-1.899,-10.769,0.706,1548692020933
29,0.165,-0.017,-0.139,-1.663,-9.972,0.02,1548692020952
29,0.119,0.035,-0.179,-1.599,-10.179,-0.501,1548692020973
29,0.207,0.02,-0.182,-1.758,-9.82,-0.44,1548692020991
29,0.208,0.084,-0.182,-1.6,-9.4,0.722,1548692021012
29,0.327,0.079,-0.193,-1.257,-9.891,0.342,1548692021032
30,0.238,0.092,-0.18,-1.338,-10.567,-0.24,1548692021052
30,0.044,0.137,-0.15,-2.126,-9.473,-0.684,1548692021072
30,0.018,0.202,-0.165,-1.605,-9.89,0.429,1548692021092
30,0.084,0.18,-0.179,-1.732,-10.558,0.67,1548692021112
30,-0.069,0.11,-0.189,-0.985,-10.073,0.397,1548692021132
30,0.014,0.068,-0.164,-1.569,-9.889,0.238,1548692021152
30,0.066,-0.002,-0.189,-1.131,-9.864,0.318,1548692021173
30,0.08,0.065,-0.195,-1.109,-10.565,0.611,1548692021193
30,0.098,0.036,-0.193,-0.869,-10.48,1.098,1548692021212
30,0.084,0.049,-0.214,-0.961,-10.009,0.272,1548692021232
30,0.142,0.051,-0.233,-0.648,-9.545,0.263,1548692021253
30,0.213,0.065,-0.228,-0.886,-10.429,0.616,1548692021272
31,0.208,0.065,-0.209,-0.721,-10.661,1.357,1548692021293
31,0.14,0.039,-0.213,-0.692,-10.416,0.68,1548692021312
31,0.193,-0.001,-0.235,-0.579,-9.777,0.242,1548692021331
31,0.28,-0.021,-0.236,-0.932,-10.415,0.859,1548692021352
31,0.27,-0.033,-0.214,-0.702,-10.733,1.261,1548692021372
31,0.108,-0.066,-0.226,-0.491,-10.583,1.259,1548692021392
31,-0.028,-0.127,-0.221,-0.421,-10.956,0.686,1548692021412
31,0.006,-0.11,-0.154,-0.635,-10.222,0.749,1548692021432
31,0.123,-0.044,-0.089,-0.799,-10.036,0.778,1548692021452
31,0.345,0.022,-0.052,-0.353,-10.321,0.82,1548692021472
31,0.409,0.087,-0.015,-0.654,-10.429,1.081,1548692021492
31,0.225,0.096,-0.017,-0.469,-10.473,0.962,1548692021512
31,0.135,0.158,-0.027,-0.505,-9.986,0.93,1548692021532
32,0.218,0.173,-0.057,-0.525,-10.283,1.24,1548692021552
32,0.252,0.148,-0.115,-0.474,-10.027,1.318,1548692021572
32,0.188,0.096,-0.146,-0.441,-9.354,0.811,1548692021592
32,0.224,0.058,-0.155,-0.516,-10.06,0.758,1548692021612
32,0.212,0.049,-0.131,-0.429,-9.882,0.605,1548692021632
32,0.115,0.052,-0.121,-0.311,-10.746,1.068,1548692021652
32,0.065,0.028,-0.077,-0.486,-9.859,1.009,1548692021672
32,-0.007,0.057,-0.036,-0.742,-9.99,0.626,1548692021692
32,0.075,0.037,0.023,-0.823,-10.103,0.33,1548692021711
32,0.066,0.012,0.04,-0.586,-9.786,0.554,1548692021732
32,0.071,-0.008,0.036,-0.6,-9.772,1.23,1548692021752
32,0.084,-0.022,0.029,-0.717,-10.132,1.243,1548692021772
33,-0.01,0.005,0.014,-0.609,-9.929,1.174,1548692021791
33,-0.061,0.006,-0.008,-0.705,-10.252,1.099,1548692021812
33,-0.058,0.014,-0.027,-0.392,-10.041,1.011,1548692021832
33,-0.031,0.01,-0.043,-0.56,-10.185,1.115,1548692021851
33,0.005,-0.026,-0.064,-0.515,-9.814,0.811,1548692021872
33,-0.021,-0.021,-0.071,-0.304,-9.744,0.909,1548692021892
33,0.017,-0.049,-0.068,-0.38,-9.866,1.417,1548692021912
33,0.03,-0.068,-0.079,-0.379,-9.793,1.277,1548692021932
33,-0.011,-0.058,-0.071,-0.209,-9.884,1.108,1548692021952
33,-0.118,-0.029,-0.062,-0.352,-10.026,1.28,1548692021972
33,-0.174,-0.025,-0.085,-0.471,-10.236,1.465,1548692021992
34,-0.13,-0.002,-0.116,-0.344,-10.204,1.249,1548692022012
34,-0.097,0.02,-0.126,-0.556,-10.537,0.812,1548692022032
34,-0.101,-0.002,-0.161,-0.266,-10.274,0.9,1548692022051
34,-0.146,-0.009,-0.163,-0.383,-10.33,0.748,1548692022071
34,-0.123,-0.036,-0.166,-0.412,-10.19,0.79,1548692022091
34,-0.107,-0.01,-0.175,-0.202,-10.193,0.668,1548692022112
34,-0.08,0.014,-0.189,-0.339,-10.133,0.898,1548692022132
34,-0.129,0.031,-0.211,-0.241,-10.452,0.896,1548692022151
34,-0.226,0.089,-0.148,0.084,-10.667,1.451,1548692022172
34,-0.338,0.085,-0.134,0.191,-10.831,0.737,1548692022192
34,-0.426,0.066,-0.124,0.093,-10.999,0.247,1548692022212
34,-0.501,0.074,-0.142,0.119,-10.697,0.869,1548692022231
35,-0.454,0.044,-0.098,0.308,-10.6,1.174,1548692022252
35,-0.199,0.022,-0.047,0.11,-10.885,1.014,1548692022272
35,-0.074,0.0,-0.049,-0.037,-10.176,0.127,1548692022291
35,-0.198,-0.009,0.019,-0.198,-10.4,-0.228,1548692022311
35,-0.254,-0.058,-0.009,-0.253,-10.692,-0.196,1548692022331
35,-0.314,-0.066,0.009,-0.211,-9.992,0.584,1548692022351
35,0.158,-0.059,0.015,-0.104,-10.165,0.411,1548692022371
35,0.781,-0.017,-0.053,0.266,-10.19,0.41,1548692022392
35,0.621,-0.051,-0.019,-0.187,-9.223,0.484,1548692022412
35,0.262,-0.043,-0.008,-0.121,-9.717,0.396,1548692022431
35,0.112,0.065,-0.005,-0.089,-9.936,0.727,1548692022451
35,0.01,0.061,0.021,0.009,-10.124,0.605,1548692022471
35,0.093,0.086,-0.031,-0.002,-9.892,0.924,1548692022491
35,0.243,0.099,-0.061,0.137,-10.034,1.359,1548692022511
36,0.301,0.108,-0.045,-0.171,-10.254,1.067,1548692022531
36,0.14,0.094,-0.021,0.0,-10.377,0.806,1548692022551
36,0.165,0.083,-0.044,0.044,-9.508,0.82,1548692022571
36,0.412,0.024,-0.078,-0.079,-9.838,1.142,1548692022592
36,0.322,-0.005,-0.034,-0.214,-10.466,1.193,1548692022612
36,-0.019,0.006,0.0,-0.162,-10.617,1.027,1548692022631
36,-0.058,-0.002,-0.026,-0.262,-10.692,0.756,1548692022651
36,0.084,-0.001,-0.027,-0.147,-10.28,0.642,1548692022671
36,0.245,-0.001,-0.002,-0.108,-9.954,0.76,1548692022691
36,0.435,-0.025,0.041,-0.171,-10.31,1.253,1548692022711
36,0.51,-0.035,0.118,-0.402,-9.655,1.926,1548692022731
36,0.508,-0.06,0.157,-0.346,-10.109,1.44,1548692022752
36,0.485,-0.014,0.09,-0.065,-9.802,1.59,1548692022771
37,0.42,-0.017,0.079,0.048,-9.859,1.907,1548692022792
37,0.472,-0.036,0.065,-0.118,-9.89,1.803,1548692022811
37,0.3,-0.064,0.065,0.04,-10.093,1.615,1548692022832
37,0.098,-0.032,0.061,0.275,-9.921,1.788,1548692022851
37,0.099,-0.03,0.022,0.07,-9.799,1.943,1548692022871
37,0.179,-0.02,-0.013,-0.016,-10.23,2.005,1548692022891
37,0.169,-0.021,-0.024,-0.06,-10.042,1.949,1548692022911
37,0.102,-0.03,-0.032,-0.052,-10.012,2.149,1548692022931
37,0.138,-0.028,-0.03,0.035,-9.958,1.774,1548692022952
37,0.197,-0.012,-0.017,0.009,-10.311,1.563,1548692022972
37,0.233,-0.04,-0.036,-0.175,-10.134,1.738,1548692022991
37,0.218,-0.047,-0.013,-0.141,-9.995,2.264,1548692023011
37,0.108,-0.057,-0.002,-0.084,-9.961,2.099,1548692023031
37,0.02,-0.03,0.026,-0.23,-10.007,1.966,1548692023051
37,-0.024,0.001,0.033,-0.239,-9.88,1.818,1548692023071
37,-0.009,0.017,0.02,-0.065,-9.828,2.204,1548692023091
37,0.011,0.004,-0.008,-0.056,-10.23,2.128,1548692023111
38,-0.026,-0.021,-0.013,-0.319,-9.951,2.201,1548692023131
38,-0.045,-0.014,0.002,-0.111,-9.741,2.066,1548692023151
38,0.119,-0.019,0.038,0.007,-9.942,1.857,1548692023171
38,0.174,-0.011,0.059,0.078,-9.903,2.105,1548692023192
38,0.17,0.008,0.057,-0.218,-9.871,1.74,1548692023211
38,0.017,0.002,0.05,-0.223,-9.48,2.039,1548692023231
38,-0.022,0.011,0.063,-0.316,-9.751,2.049,1548692023252
38,-0.081,0.008,0.087,0.027,-10.005,1.797,1548692023271
38,-0.071,0.029,0.094,-0.254,-10.201,2.636,1548692023291
38,-0.056,0.042,0.056,-0.123,-10.712,2.786,1548692023311
38,-0.089,0.074,0.054,0.031,-10.346,2.424,1548692023330
38,-0.045,0.099,0.061,0.05,-10.221,2.205,1548692023351
39,0.129,0.103,0.04,-0.19,-10.279,2.272,1548692023370
39,0.169,0.072,-0.029,-0.136,-10.599,2.324,1548692023390
39,0.275,0.071,-0.071,-0.15,-10.118,2.254,1548692023411
39,0.321,0.064,-0.133,-0.196,-9.649,1.949,1548692023431
39,0.451,0.003,-0.193,-0.479,-9.529,1.884,1548692023450
39,0.353,-0.073,-0.244,-0.218,-9.544,1.804,1548692023471
39,0.283,-0.126,-0.196,0.062,-9.281,2.144,1548692023491
39,0.076,-0.154,-0.183,0.114,-9.547,1.745,1548692023511
39,-0.155,-0.13,-0.153,-0.034,-9.711,1.776,1548692023531
39,-0.299,-0.062,-0.107,0.063,-9.369,1.869,1548692023551
39,-0.333,-0.011,-0.036,0.027,-9.634,1.938,1548692023571
39,-0.362,0.01,0.014,-0.081,-9.68,2.097,1548692023591
39,-0.508,0.047,0.032,-0.002,-9.778,2.116,1548692023610
40,-0.46,0.029,0.025,0.069,-9.68,1.922,1548692023630
40,-0.472,-0.037,-0.021,0.218,-10.087,1.699,1548692023650
40,-0.501,-0.025,-0.015,0.069,-10.39,1.598,1548692023670
40,-0.649,-0.044,0.0,0.038,-10.255,1.722,1548692023690
40,-0.56,-0.021,-0.012,-0.036,-10.443,1.53,1548692023710
40,-0.436,-0.026,-0.038,-0.02,-10.299,1.334,1548692023731
40,-0.373,-0.018,-0.025,0.068,-10.434,1.177,1548692023750
40,-0.271,-0.02,0.004,-0.061,-10.252,1.08,1548692023771
40,-0.297,-0.032,0.04,-0.041,-9.703,1.229,1548692023791
40,-0.213,-0.032,0.057,0.219,-9.873,0.985,1548692023811
40,-0.234,-0.044,0.055,0.242,-9.997,0.678,1548692023831
41,-0.451,-0.059,0.081,0.132,-10.093,0.315,1548692023851
41,-0.624,-0.043,0.103,0.094,-9.876,0.044,1548692023871
41,-0.766,-0.035,0.096,0.315,-9.448,0.83,1548692023890
41,-0.712,-0.036,0.092,-0.175,-10.64,-0.649,1548692023911
41,-1.13,0.007,0.131,-0.566,-10.151,-0.743,1548692023931
41,-1.616,0.001,0.253,-0.523,-9.941,-0.703,1548692023950
41,-1.261,0.017,0.169,-0.433,-9.778,-0.692,1548692023971
41,-0.922,-0.017,0.127,-0.365,-10.61,-0.52,1548692023990
41,-0.887,0.008,0.121,-0.164,-10.746,-0.234,1548692024011
41,-0.945,0.011,0.153,-0.384,-10.312,-0.214,1548692024031
41,-0.785,0.028,0.174,-0.29,-10.209,-0.647,1548692024050
41,-0.735,0.062,0.201,-0.334,-10.596,-1.209,1548692024071
41,-0.775,0.098,0.226,-0.319,-10.392,-1.247,1548692024090
42,-0.733,0.12,0.209,-0.483,-10.104,-1.058,1548692024110
42,-0.573,0.094,0.159,-0.525,-10.441,-1.153,1548692024131
42,-0.735,0.102,0.162,-0.492,-10.145,-1.23,1548692024150
42,-0.842,0.058,0.134,-0.628,-10.356,-1.472,1548692024171
42,-0.788,0.04,0.099,-0.609,-9.93,-2.1,1548692024191
42,-0.773,0.025,0.122,-0.511,-9.841,-2.156,1548692024210
42,-0.777,0.018,0.153,-0.71,-9.514,-2.425,1548692024230
42,-0.834,0.017,0.159,-0.635,-8.91,-2.43,1548692024250
42,-0.857,0.027,0.133,-0.561,-9.649,-3.399,1548692024270
42,-0.977,0.017,0.135,-0.58,-10.403,-3.702,1548692024290
42,-1.233,-0.015,0.191,-0.865,-9.341,-3.159,1548692024311
42,-1.153,-0.007,0.29,-1.043,-8.144,-2.976,1548692024331
42,-1.012,0.029,0.363,-1.153,-9.346,-4.246,1548692024350
42,-1.21,0.031,0.41,-1.261,-10.436,-4.986,1548692024370
43,-1.512,0.001,0.417,-1.428,-9.446,-4.129,1548692024390
43,-1.425,-0.005,0.504,-1.485,-10.402,-3.809,1548692024411
43,-1.208,0.022,0.537,-1.654,-10.348,-3.643,1548692024430
43,-1.184,-0.002,0.548,-1.637,-10.016,-4.228,1548692024451
43,-0.9,0.017,0.569,-1.727,-10.605,-4.911,1548692024470
43,-0.704,0.001,0.501,-1.641,-9.772,-4.778,1548692024490
43,-0.532,-0.01,0.398,-1.493,-10.328,-4.905,1548692024510
43,-0.249,-0.013,0.324,-1.28,-9.319,-5.886,1548692024530
43,-0.158,-0.019,0.241,-1.374,-9.445,-5.816,1548692024550
43,0.048,-0.121,0.181,-1.917,-10.193,-4.954,1548692024570
43,-0.042,-0.166,0.141,-1.593,-9.818,-4.944,1548692024590
43,-0.009,-0.213,0.119,-1.029,-9.219,-5.086,1548692024610
43,0.154,-0.261,0.132,-1.505,-8.788,-4.986,1548692024630
