pack,vx,vy,vz,ax,ay,az,time
1,0.037,0.008,0.346,-6.272,-7.965,-5.672,1548692076558
1,-0.496,0.281,0.472,-5.277,-7.399,-5.272,1548692076578
1,-0.406,0.233,0.433,-4.796,-8.125,-3.888,1548692076598
1,-0.065,0.263,0.372,-5.31,-6.941,-5.316,1548692076618
1,0.037,0.257,0.411,-5.058,-5.774,-7.073,1548692076638
1,0.055,0.296,0.391,-5.387,-7.21,-6.375,1548692076658
1,-0.028,0.383,0.358,-5.619,-7.149,-4.756,1548692076677
1,-0.151,0.408,0.358,-5.363,-7.965,-3.571,1548692076697
1,-0.203,0.402,0.336,-5.844,-6.901,-5.455,1548692076717
1,0.034,0.471,0.336,-5.198,-6.739,-5.422,1548692076737
2,0.099,0.429,0.275,-4.729,-8.239,-4.512,1548692076758
2,-0.041,0.387,0.296,-4.884,-8.221,-3.768,1548692076778
2,0.028,0.399,0.399,-4.965,-8.093,-4.243,1548692076798
2,-0.056,0.463,0.518,-4.883,-7.867,-6.463,1548692076817
2,0.008,0.529,0.586,-4.678,-6.445,-5.816,1548692076838
2,0.202,0.535,0.544,-4.597,-7.18,-4.297,1548692076857
2,0.246,0.539,0.477,-5.25,-6.562,-5.209,1548692076878
2,0.194,0.552,0.427,-5.15,-7.361,-6.594,1548692076898
2,0.239,0.429,0.307,-4.848,-6.848,-6.266,1548692076918
2,0.406,0.296,0.193,-5.431,-6.337,-5.831,1548692076937
2,0.233,0.342,0.158,-5.172,-7.243,-5.224,1548692076957
2,0.099,0.235,0.094,-4.752,-6.004,-5.689,1548692076977
2,0.251,0.02,-0.005,-4.541,-6.285,-4.567,1548692076997
3,0.136,0.036,-0.058,-5.283,-6.266,-5.596,1548692077017
3,-0.061,0.079,-0.015,-5.424,-6.054,-5.028,1548692077038
3,-0.063,0.053,-0.062,-5.033,-5.974,-5.399,1548692077057
3,-0.071,-0.067,-0.132,-5.218,-5.697,-6.075,1548692077077
3,-0.159,-0.099,-0.147,-5.096,-7.317,-5.681,1548692077098
3,-0.199,-0.15,-0.149,-6.153,-6.224,-5.094,1548692077118
3,-0.118,-0.099,-0.158,-5.665,-6.612,-4.504,1548692077138
3,-0.152,-0.178,-0.217,-5.194,-6.263,-5.411,1548692077157
3,-0.194,-0.262,-0.219,-4.879,-6.353,-5.98,1548692077178
3,-0.168,-0.307,-0.265,-5.009,-7.719,-5.611,1548692077197
3,-0.177,-0.284,-0.24,-4.796,-7.56,-4.456,1548692077217
3,-0.162,-0.297,-0.197,-4.939,-7.313,-4.911,1548692077237
3,-0.179,-0.262,-0.141,-5.217,-6.939,-6.05,1548692077257
3,-0.181,-0.255,-0.092,-4.889,-7.304,-5.665,1548692077277
4,-0.231,-0.279,-0.088,-4.683,-7.486,-5.587,1548692077297
4,-0.192,-0.309,-0.106,-3.859,-7.539,-5.324,1548692077317
4,-0.19,-0.334,-0.131,-4.067,-7.898,-5.787,1548692077337
4,-0.149,-0.279,-0.135,-4.605,-6.231,-5.776,1548692077357
4,-0.075,-0.24,-0.16,-5.255,-6.328,-4.244,1548692077377
4,-0.042,-0.171,-0.175,-4.424,-6.453,-4.825,1548692077397
4,-0.075,-0.248,-0.207,-4.097,-6.978,-5.712,1548692077417
4,-0.058,-0.182,-0.213,-4.622,-6.225,-6.148,1548692077438
4,0.003,-0.09,-0.207,-5.121,-5.359,-4.867,1548692077457
4,-0.095,0.012,-0.289,-4.499,-7.287,-5.953,1548692077477
4,-0.307,-0.137,-0.334,-4.428,-6.072,-6.061,1548692077497
4,-0.1,-0.18,-0.409,-5.244,-5.539,-5.351,1548692077517
4,-0.139,-0.093,-0.519,-6.582,-6.043,-5.895,1548692077537
4,-0.288,-0.008,-0.591,-6.185,-5.719,-4.747,1548692077557
5,-0.206,-0.199,-0.646,-5.288,-6.199,-5.154,1548692077577
5,-0.166,-0.344,-0.667,-5.196,-5.823,-5.426,1548692077597
5,-0.173,-0.182,-0.658,-5.09,-6.649,-5.045,1548692077617
5,-0.419,-0.083,-0.585,-4.92,-8.286,-4.395,1548692077637
5,-0.654,0.007,-0.491,-5.123,-7.723,-5.086,1548692077657
5,-0.526,0.025,-0.316,-4.487,-6.494,-5.806,1548692077677
5,-0.339,-0.046,-0.162,-3.976,-7.905,-5.983,1548692077697
5,-0.534,0.026,-0.087,-4.854,-9.735,-5.558,1548692077717
5,-0.491,0.103,-0.073,-4.153,-8.512,-6.271,1548692077737
5,-0.225,-0.078,-0.135,-3.646,-6.679,-7.23,1548692077757
5,-0.19,-0.02,-0.168,-4.33,-8.582,-6.143,1548692077777
5,-0.366,0.049,-0.192,-4.72,-8.998,-6.734,1548692077797
5,-0.35,-0.03,-0.205,-3.702,-7.136,-6.156,1548692077816
6,-0.213,-0.118,-0.219,-3.935,-7.091,-7.211,1548692077837
6,-0.269,-0.013,-0.187,-4.199,-6.585,-7.639,1548692077857
6,-0.451,0.066,-0.118,-4.257,-6.732,-6.286,1548692077876
6,-0.5,0.055,-0.111,-5.331,-7.225,-6.348,1548692077897
6,-0.542,0.08,-0.073,-5.185,-5.421,-6.855,1548692077916
6,-0.478,-0.021,-0.056,-5.034,-6.465,-7.335,1548692077937
6,-0.648,0.024,-0.086,-5.687,-6.767,-6.084,1548692077957
6,-0.608,-0.033,-0.147,-5.482,-7.432,-5.924,1548692077977
6,-0.659,-0.155,-0.204,-5.656,-6.2,-6.634,1548692077997
6,-0.579,-0.252,-0.233,-5.065,-6.707,-6.463,1548692078017
6,-0.609,-0.273,-0.275,-5.796,-7.312,-6.356,1548692078037
7,-0.468,-0.232,-0.241,-5.238,-8.506,-5.765,1548692078056
7,-0.398,-0.283,-0.169,-4.824,-7.611,-7.117,1548692078076
7,-0.29,-0.315,-0.017,-3.626,-5.517,-6.603,1548692078096
7,-0.069,-0.304,0.131,-3.556,-7.952,-5.831,1548692078116
7,-0.228,-0.065,0.265,-4.042,-7.488,-7.203,1548692078137
7,-0.287,0.021,0.415,-3.857,-6.791,-6.413,1548692078156
7,-0.226,0.095,0.456,-4.705,-7.319,-6.988,1548692078176
7,-0.248,0.14,0.47,-4.601,-6.243,-7.045,1548692078197
7,-0.176,0.084,0.448,-4.26,-5.815,-8.851,1548692078217
7,-0.154,0.076,0.391,-3.864,-5.283,-7.813,1548692078236
7,-0.069,0.042,0.304,-4.634,-6.053,-7.444,1548692078256
8,-0.197,0.048,0.204,-4.755,-6.405,-7.723,1548692078276
8,-0.17,-0.103,0.104,-4.227,-5.802,-7.698,1548692078296
8,-0.187,-0.197,0.06,-4.668,-5.061,-8.496,1548692078316
8,-0.197,-0.205,-0.002,-4.548,-4.934,-7.843,1548692078337
8,-0.218,-0.217,-0.053,-5.208,-5.73,-7.382,1548692078357
8,-0.267,-0.208,-0.054,-4.749,-5.839,-7.205,1548692078376
8,-0.249,-0.306,-0.059,-4.872,-5.12,-7.355,1548692078396
8,-0.298,-0.224,-0.002,-4.835,-5.315,-7.314,1548692078416
8,-0.287,-0.23,-0.014,-4.736,-5.495,-7.461,1548692078437
8,-0.354,-0.211,0.015,-4.648,-5.689,-7.194,1548692078456
8,-0.326,-0.209,0.046,-4.714,-5.204,-6.397,1548692078476
8,-0.326,-0.162,0.07,-4.906,-5.637,-6.725,1548692078497
8,-0.3,-0.111,0.087,-4.978,-5.384,-6.894,1548692078517
9,-0.241,-0.039,0.088,-4.712,-5.803,-6.559,1548692078537
9,-0.216,-0.001,0.056,-4.617,-6.127,-6.912,1548692078557
9,-0.215,0.014,0.009,-4.628,-6.234,-7.312,1548692078577
9,-0.131,0.017,-0.056,-4.219,-5.429,-7.114,1548692078597
9,0.006,0.002,-0.115,-4.417,-5.355,-7.214,1548692078616
9,-0.003,0.026,-0.143,-4.433,-6.016,-7.541,1548692078637
9,-0.126,0.009,-0.158,-4.516,-5.731,-7.745,1548692078656
9,-0.072,-0.006,-0.188,-4.258,-5.418,-7.543,1548692078676
9,0.004,-0.023,-0.216,-4.772,-5.383,-6.834,1548692078696
9,-0.054,0.037,-0.213,-5.423,-5.946,-7.588,1548692078717
9,-0.099,0.056,-0.208,-5.354,-4.997,-7.452,1548692078736
9,0.008,-0.011,-0.27,-5.657,-5.239,-7.168,1548692078756
10,-0.091,0.008,-0.297,-5.76,-5.824,-7.219,1548692078777
10,-0.149,-0.03,-0.292,-4.948,-5.616,-6.903,1548692078796
10,-0.112,-0.073,-0.273,-3.954,-5.493,-8.058,1548692078816
10,-0.084,-0.129,-0.265,-5.272,-5.127,-7.531,1548692078837
10,-0.106,0.06,-0.188,-5.554,-5.721,-7.101,1548692078857
10,-0.225,0.024,-0.135,-5.719,-5.642,-7.237,1548692078876
10,-0.156,-0.056,-0.126,-5.349,-5.961,-7.056,1548692078896
10,-0.08,-0.135,-0.115,-4.363,-5.253,-7.487,1548692078916
10,-0.095,-0.186,-0.071,-4.818,-5.599,-7.576,1548692078936
10,-0.178,-0.075,-0.028,-5.15,-6.576,-7.109,1548692078956
10,-0.197,-0.085,0.016,-4.837,-6.217,-7.054,1548692078975
10,-0.09,-0.157,0.041,-4.598,-5.827,-7.391,1548692078996
11,-0.082,-0.152,0.076,-4.683,-6.425,-7.357,1548692079016
11,-0.127,-0.128,0.113,-4.443,-6.662,-7.425,1548692079036
11,-0.059,-0.165,0.115,-4.676,-5.891,-7.249,1548692079056
11,0.018,-0.138,0.101,-4.865,-6.163,-7.073,1548692079076
11,0.047,-0.116,0.087,-4.917,-5.959,-7.303,1548692079096
11,0.123,-0.143,0.074,-5.204,-4.859,-6.158,1548692079116
11,0.126,-0.09,0.035,-5.06,-6.085,-7.222,1548692079136
11,-0.087,-0.104,0.036,-5.116,-5.815,-7.119,1548692079156
11,0.033,-0.099,0.017,-4.991,-5.872,-7.081,1548692079176
11,0.111,-0.101,0.014,-5.099,-5.496,-7.185,1548692079196
11,0.16,-0.101,0.015,-4.946,-5.152,-7.361,1548692079216
11,0.187,-0.082,0.04,-4.808,-5.562,-7.045,1548692079237
11,0.222,-0.046,0.033,-4.996,-5.937,-7.118,1548692079255
12,0.24,0.014,0.046,-4.89,-6.131,-6.463,1548692079275
12,0.245,0.032,0.073,-4.661,-6.009,-6.366,1548692079296
12,0.162,0.057,0.108,-4.609,-6.278,-7.124,1548692079315
12,0.185,0.07,0.098,-4.695,-6.143,-7.586,1548692079336
12,0.404,0.083,0.084,-5.194,-5.405,-6.975,1548692079356
12,0.644,0.098,0.041,-4.747,-4.959,-6.867,1548692079376
12,0.584,0.05,-0.005,-5.313,-4.99,-7.042,1548692079396
12,0.563,0.129,-0.039,-4.79,-5.731,-6.51,1548692079416
12,0.387,0.094,-0.021,-5.238,-5.539,-6.316,1548692079436
12,0.271,0.175,-0.011,-5.166,-5.448,-6.468,1548692079456
12,0.144,0.152,0.002,-4.889,-5.661,-6.504,1548692079476
12,0.063,0.088,0.0,-5.457,-6.544,-7.011,1548692079496
13,0.172,0.134,-0.007,-5.056,-6.97,-6.731,1548692079516
13,0.367,0.029,-0.008,-5.006,-6.24,-7.187,1548692079536
13,0.673,0.011,-0.007,-4.551,-5.423,-5.659,1548692079555
13,0.374,0.026,-0.036,-4.81,-8.302,-6.686,1548692079575
13,-0.041,0.011,0.137,-4.883,-7.413,-6.899,1548692079595
13,0.375,-0.019,0.125,-4.764,-6.272,-6.749,1548692079616
13,0.62,-0.021,0.046,-4.892,-6.437,-6.221,1548692079635
13,0.677,-0.03,0.069,-4.99,-6.661,-6.358,1548692079656
13,0.667,-0.067,0.037,-4.884,-6.373,-6.01,1548692079676
13,0.493,-0.077,0.05,-4.777,-7.147,-6.375,1548692079696
13,0.326,-0.018,0.098,-5.33,-5.528,-6.497,1548692079715
13,0.322,0.102,0.035,-4.917,-5.664,-6.027,1548692079735
14,0.182,0.011,0.043,-5.104,-6.218,-5.599,1548692079756
14,0.136,0.051,-0.03,-5.154,-6.738,-5.639,1548692079776
14,0.155,0.027,-0.066,-5.078,-6.869,-6.012,1548692079796
14,0.128,0.027,-0.056,-4.964,-6.925,-6.099,1548692079815
14,0.066,0.054,-0.038,-5.066,-6.842,-5.973,1548692079835
14,0.128,0.071,-0.043,-5.066,-6.766,-5.92,1548692079855
14,0.221,0.054,-0.04,-4.917,-6.794,-5.985,1548692079875
14,0.246,0.038,-0.043,-4.821,-6.638,-6.111,1548692079896
14,0.181,0.05,-0.049,-4.885,-6.545,-6.221,1548692079916
14,0.131,0.067,-0.057,-4.902,-6.52,-6.258,1548692079936
14,0.085,0.064,-0.074,-4.817,-6.892,-6.234,1548692079955
14,0.088,0.022,-0.106,-4.451,-7.32,-5.808,1548692079976
15,0.11,-0.015,-0.147,-4.942,-7.37,-5.815,1548692079996
15,0.222,0.02,-0.133,-5.097,-7.15,-5.8,1548692080016
15,0.372,0.012,-0.145,-4.864,-6.549,-5.971,1548692080036
15,0.34,-0.046,-0.147,-4.868,-6.789,-5.92,1548692080056
15,0.094,-0.022,-0.102,-4.954,-7.21,-5.802,1548692080075
15,0.019,-0.055,-0.124,-4.841,-7.583,-5.85,1548692080096
15,0.066,-0.066,-0.149,-4.662,-7.302,-5.656,1548692080115
15,0.194,-0.054,-0.131,-4.745,-6.728,-5.709,1548692080135
15,0.179,-0.025,-0.094,-4.64,-6.398,-5.968,1548692080155
15,0.004,-0.052,-0.083,-4.354,-6.678,-5.865,1548692080175
15,-0.147,-0.071,-0.103,-4.702,-7.226,-6.074,1548692080195
15,-0.179,-0.039,-0.135,-4.63,-7.189,-5.856,1548692080215
15,-0.116,-0.063,-0.161,-4.717,-7.601,-5.864,1548692080235
15,-0.123,-0.037,-0.099,-4.889,-7.346,-5.823,1548692080256
15,-0.059,-0.022,-0.05,-4.852,-7.288,-5.767,1548692080275
15,-0.03,-0.024,-0.01,-4.829,-6.847,-5.733,1548692080296
16,0.039,-0.022,-0.023,-4.727,-6.81,-5.727,1548692080315
16,0.053,-0.041,-0.06,-4.681,-6.826,-5.891,1548692080335
16,0.031,-0.021,-0.082,-4.645,-6.987,-5.923,1548692080355
16,-0.018,-0.023,-0.083,-4.621,-6.957,-5.866,1548692080376
16,-0.042,-0.026,-0.088,-4.416,-7.036,-5.748,1548692080395
16,-0.085,-0.061,-0.083,-4.383,-7.205,-5.86,1548692080415
16,-0.093,-0.074,-0.074,-4.378,-7.192,-5.82,1548692080435
16,-0.066,-0.065,-0.071,-4.485,-7.419,-5.59,1548692080455
16,-0.026,-0.019,-0.047,-4.391,-7.582,-5.621,1548692080475
16,-0.006,0.009,-0.056,-4.685,-7.512,-5.661,1548692080495
16,0.073,0.075,-0.047,-4.805,-7.318,-5.615,1548692080515
16,0.134,0.083,-0.03,-4.922,-7.285,-5.804,1548692080535
17,0.071,0.059,-0.023,-4.82,-7.208,-5.83,1548692080555
17,0.006,0.018,-0.013,-4.63,-7.223,-5.756,1548692080575
17,-0.026,0.011,0.007,-4.489,-7.233,-5.617,1548692080595
17,-0.02,0.001,-0.003,-4.618,-7.323,-5.873,1548692080615
17,0.003,0.02,-0.018,-4.577,-7.081,-5.678,1548692080635
17,0.056,0.012,-0.041,-4.635,-6.957,-5.558,1548692080655
17,0.004,0.018,-0.058,-4.614,-7.312,-5.792,1548692080675
17,-0.06,0.002,-0.072,-4.53,-7.719,-5.862,1548692080695
17,-0.028,0.025,-0.069,-4.451,-7.846,-6.069,1548692080714
17,0.021,0.029,-0.031,-4.603,-7.642,-6.24,1548692080735
17,0.089,0.045,0.002,-4.515,-7.043,-5.841,1548692080755
18,0.104,0.02,0.003,-4.372,-6.956,-5.648,1548692080775
18,0.024,0.019,-0.002,-4.603,-7.129,-6.023,1548692080795
18,-0.045,0.034,-0.011,-4.787,-7.294,-6.267,1548692080814
18,-0.057,0.014,-0.018,-4.751,-7.37,-6.068,1548692080834
18,-0.046,-0.025,-0.016,-4.557,-7.352,-5.798,1548692080855
18,-0.021,-0.041,-0.003,-4.57,-7.188,-5.606,1548692080875
18,0.014,-0.019,0.004,-4.653,-7.144,-5.758,1548692080895
18,0.024,-0.004,0.01,-4.665,-7.12,-5.656,1548692080914
18,0.016,-0.004,0.022,-4.666,-7.131,-5.658,1548692080935
18,0.004,0.0,0.014,-4.604,-7.138,-5.848,1548692080955
18,0.008,-0.017,0.0,-4.478,-7.095,-5.714,1548692080974
18,0.017,-0.035,-0.015,-4.391,-7.111,-5.651,1548692080994
18,0.012,-0.022,-0.026,-4.452,-7.087,-5.774,1548692081014
18,-0.013,0.005,-0.026,-4.483,-7.224,-5.717,1548692081034
19,-0.015,0.026,-0.041,-4.501,-7.374,-5.754,1548692081055
19,0.042,0.035,-0.059,-4.46,-7.268,-5.584,1548692081074
19,0.073,0.031,-0.065,-4.536,-7.285,-5.791,1548692081095
19,0.057,0.03,-0.07,-4.453,-7.176,-5.889,1548692081114
19,0.021,0.014,-0.063,-4.309,-7.258,-5.889,1548692081134
19,-0.013,-0.004,-0.057,-4.215,-7.127,-5.83,1548692081154
19,-0.017,-0.02,-0.065,-4.496,-7.323,-5.848,1548692081174
19,-0.092,-0.013,-0.053,-4.524,-7.429,-5.872,1548692081195
19,-0.117,-0.025,-0.031,-4.603,-7.37,-6.009,1548692081214
19,-0.107,-0.018,-0.005,-4.612,-7.427,-5.985,1548692081234
19,-0.106,-0.025,0.009,-4.598,-7.299,-5.853,1548692081255
19,-0.114,-0.024,0.015,-4.666,-7.23,-6.025,1548692081274
19,-0.108,-0.029,0.017,-4.61,-7.013,-5.911,1548692081294
19,-0.085,-0.036,0.024,-4.545,-7.185,-6.06,1548692081314
20,-0.102,-0.051,0.014,-4.508,-7.16,-5.985,1548692081334
20,-0.107,-0.075,0.009,-4.462,-7.243,-5.96,1548692081354
20,-0.127,-0.074,0.013,-4.452,-7.36,-6.018,1548692081374
20,-0.14,-0.061,0.012,-4.472,-7.191,-5.83,1548692081394
20,-0.096,-0.04,0.016,-4.459,-7.216,-5.786,1548692081414
20,-0.081,-0.031,0.018,-4.405,-7.267,-5.749,1548692081434
20,-0.087,-0.03,0.017,-4.515,-7.199,-5.85,1548692081454
20,-0.075,-0.009,0.008,-4.545,-7.296,-5.792,1548692081475
20,-0.058,0.009,0.007,-4.405,-7.31,-5.812,1548692081495
20,-0.041,0.009,0.014,-4.472,-7.142,-5.962,1548692081515
20,-0.011,0.034,0.006,-4.509,-6.991,-6.01,1548692081534
20,-0.012,0.045,0.0,-4.629,-6.979,-5.948,1548692081555
20,-0.042,0.055,0.0,-4.618,-7.219,-5.916,1548692081574
20,-0.052,0.038,-0.013,-4.534,-7.261,-5.949,1548692081594
21,-0.022,0.019,-0.013,-4.565,-7.236,-5.967,1548692081614
21,0.0,0.015,-0.001,-4.624,-7.022,-6.046,1548692081634
21,0.005,0.015,0.006,-4.622,-6.956,-6.084,1548692081654
21,-0.019,-0.002,0.008,-4.433,-7.038,-6.137,1548692081674
21,-0.031,-0.017,0.008,-4.658,-7.054,-6.382,1548692081694
21,-0.005,-0.002,0.014,-4.503,-7.011,-6.044,1548692081714
21,0.001,-0.017,0.027,-4.543,-7.11,-6.154,1548692081734
21,0.037,0.005,0.038,-4.699,-7.376,-6.576,1548692081754
21,0.097,0.019,0.053,-4.751,-7.617,-6.446,1548692081774
21,0.278,0.04,0.13,-4.898,-7.142,-6.29,1548692081794
21,0.434,0.002,0.158,-4.573,-7.404,-5.692,1548692081815
22,0.441,-0.048,0.122,-4.676,-7.429,-4.891,1548692081834
22,0.521,-0.006,0.096,-4.715,-7.32,-5.091,1548692081855
22,0.511,-0.052,0.082,-4.548,-6.901,-5.357,1548692081874
22,0.374,-0.018,0.095,-4.543,-6.782,-5.582,1548692081893
22,0.21,-0.021,0.056,-4.395,-7.093,-5.526,1548692081914
22,0.111,-0.049,0.016,-4.856,-7.093,-5.071,1548692081934
22,0.044,-0.009,0.003,-4.839,-7.52,-5.348,1548692081954
22,-0.002,-0.015,0.006,-4.589,-7.226,-5.466,1548692081974
22,0.052,-0.028,0.014,-4.497,-6.976,-5.512,1548692081994
22,0.032,0.0,-0.013,-4.64,-7.16,-5.524,1548692082014
22,-0.051,0.02,-0.025,-4.904,-7.487,-5.887,1548692082034
22,-0.108,0.025,-0.01,-4.843,-7.569,-5.855,1548692082054
22,-0.065,-0.007,0.017,-4.765,-7.373,-5.526,1548692082074
22,-0.017,-0.036,0.021,-5.305,-7.21,-5.345,1548692082094
23,-0.002,0.009,0.02,-5.398,-7.437,-5.405,1548692082114
23,-0.082,0.011,0.021,-4.608,-7.614,-5.77,1548692082134
23,-0.004,-0.062,0.063,-4.451,-7.462,-5.36,1548692082153
23,0.073,-0.038,0.051,-4.566,-7.505,-5.912,1548692082174
23,0.052,-0.033,0.041,-5.119,-7.293,-6.016,1548692082193
23,0.071,0.005,0.038,-4.389,-7.317,-5.077,1548692082214
23,0.067,-0.048,0.028,-3.725,-7.486,-5.511,1548692082233
23,0.039,-0.019,0.019,-4.204,-7.463,-5.631,1548692082253
23,-0.063,0.091,0.015,-4.499,-6.693,-5.653,1548692082274
23,-0.473,0.058,0.0,-4.742,-6.536,-5.33,1548692082294
23,-0.949,0.007,-0.027,-4.654,-7.362,-5.479,1548692082314
23,-1.111,-0.037,-0.032,-4.491,-6.962,-5.549,1548692082334
24,-1.233,-0.029,0.027,-4.438,-5.909,-5.458,1548692082354
24,-1.543,0.106,0.097,-3.961,-6.541,-6.136,1548692082374
24,-2.28,0.302,0.267,-5.087,-8.009,-8.915,1548692082394
24,-1.989,0.582,0.513,-5.406,-6.998,-8.964,1548692082414
24,-1.334,0.489,0.549,-5.037,-6.455,-7.363,1548692082433
24,-1.22,0.444,0.55,-5.44,-7.142,-7.869,1548692082454
24,-1.026,0.246,0.535,-4.786,-5.819,-8.696,1548692082473
24,-0.477,-0.18,0.375,-5.171,-4.516,-9.018,1548692082493
24,-0.075,-0.263,0.165,-5.388,-4.464,-8.655,1548692082514
24,-0.17,-0.408,0.11,-5.081,-4.501,-7.035,1548692082533
24,-0.375,-0.305,0.005,-4.789,-4.182,-6.673,1548692082553
24,-1.021,-0.232,0.025,-4.68,-5.649,-7.094,1548692082574
24,-1.203,-0.147,0.13,-5.056,-4.857,-7.286,1548692082594
24,-0.582,-0.154,0.193,-4.933,-3.621,-7.118,1548692082614
25,-0.369,-0.111,0.153,-4.966,-3.772,-7.931,1548692082634
25,-0.67,-0.108,0.056,-4.903,-6.022,-8.079,1548692082654
25,-0.697,-0.046,0.077,-5.324,-6.003,-7.132,1548692082673
25,-0.062,0.024,0.137,-5.749,-4.326,-8.104,1548692082694
25,0.406,0.043,0.193,-5.919,-3.923,-5.523,1548692082714
25,0.082,0.179,0.178,-3.885,-4.426,-6.147,1548692082734
25,-0.14,0.029,0.226,-4.378,-4.532,-6.648,1548692082753
25,0.028,0.067,0.281,-5.329,-3.086,-7.237,1548692082773
25,0.416,0.022,0.243,-5.004,-1.51,-7.78,1548692082794
25,0.365,-0.003,0.105,-4.748,-3.319,-8.488,1548692082813
25,-0.313,-0.012,-0.053,-5.041,-5.162,-6.964,1548692082833
25,-0.307,0.075,-0.053,-5.728,-4.511,-6.175,1548692082854
25,0.225,0.182,0.051,-6.491,-4.377,-6.566,1548692082874
26,0.162,0.212,-0.027,-5.547,-6.387,-8.866,1548692082893
26,-0.123,0.104,0.021,-4.408,-6.119,-7.5,1548692082914
26,0.115,0.076,0.085,-5.079,-3.471,-6.165,1548692082934
26,0.437,0.244,0.039,-5.738,-4.035,-7.596,1548692082953
26,0.283,0.315,-0.045,-4.902,-5.048,-9.321,1548692082974
26,0.551,0.19,-0.101,-4.026,-6.023,-8.446,1548692082993
26,0.842,0.178,-0.179,-5.238,-4.821,-7.593,1548692083013
26,0.938,0.311,-0.151,-5.776,-3.177,-9.131,1548692083033
26,0.976,0.239,-0.177,-4.939,-1.585,-8.934,1548692083053
26,0.949,0.066,-0.327,-4.665,-3.998,-7.701,1548692083073
26,0.508,0.029,-0.502,-5.561,-6.691,-8.677,1548692083093
27,0.246,0.023,-0.458,-5.323,-7.285,-9.31,1548692083113
27,0.45,-0.208,-0.363,-5.233,-5.664,-7.852,1548692083133
27,0.586,-0.233,-0.298,-5.663,-5.245,-7.904,1548692083153
27,0.705,-0.219,-0.283,-5.587,-2.996,-7.045,1548692083173
27,0.529,-0.311,-0.3,-5.053,-2.424,-8.011,1548692083193
27,-0.443,-0.387,-0.378,-5.135,-5.243,-9.034,1548692083214
27,-0.659,-0.404,-0.441,-5.012,-4.316,-7.149,1548692083233
27,-0.252,-0.475,-0.34,-5.843,-6.864,-5.662,1548692083253
27,-0.355,-0.33,-0.235,-6.039,-7.782,-7.84,1548692083273
27,-0.009,-0.335,0.023,-5.046,-5.81,-8.727,1548692083293
27,0.312,-0.465,0.194,-4.953,-6.223,-7.662,1548692083312
27,-0.1,-0.38,0.186,-6.679,-5.337,-5.238,1548692083333
28,-0.421,-0.237,0.26,-6.134,-6.892,-8.358,1548692083353
28,-0.306,-0.457,0.351,-5.422,-5.265,-8.184,1548692083373
28,0.359,-0.595,0.377,-5.493,-8.314,-6.617,1548692083393
28,0.403,-0.481,0.358,-6.342,-6.58,-5.016,1548692083413
28,0.545,-0.423,0.439,-6.279,-5.618,-6.117,1548692083433
28,0.397,-0.357,0.467,-6.31,-3.483,-6.469,1548692083453
28,0.516,-0.285,0.433,-5.179,-7.282,-6.704,1548692083473
28,0.397,-0.299,0.361,-6.625,-6.609,-4.896,1548692083493
28,0.467,-0.118,0.424,-7.12,-3.758,-4.327,1548692083513
28,0.46,-0.115,0.437,-5.981,-5.173,-5.743,1548692083533
28,0.404,-0.177,0.365,-5.569,-4.694,-5.405,1548692083553
28,0.681,-0.086,0.344,-5.603,-5.645,-5.404,1548692083572
29,0.535,0.032,0.321,-5.676,-6.238,-5.624,1548692083593
29,0.373,0.128,0.39,-5.532,-4.27,-5.972,1548692083612
29,0.5,0.131,0.445,-5.467,-4.457,-5.958,1548692083632
29,0.644,0.141,0.445,-5.636,-3.352,-6.187,1548692083653
29,0.427,0.163,0.475,-5.178,-4.647,-6.35,1548692083672
29,0.084,0.171,0.478,-5.845,-6.4,-6.597,1548692083693
29,0.184,0.318,0.55,-5.147,-5.112,-5.912,1548692083713
29,0.611,0.194,0.569,-4.911,-4.266,-6.416,1548692083732
29,0.323,0.25,0.606,-5.988,-6.381,-6.962,1548692083753
29,0.404,0.443,0.675,-6.711,-4.992,-6.142,1548692083773
29,0.86,0.402,0.437,-6.262,-3.764,-6.654,1548692083793
29,0.588,0.2,0.531,-5.932,-5.411,-6.075,1548692083813
29,-0.048,0.171,0.515,-6.812,-5.489,-6.706,1548692083832
29,0.071,0.127,0.401,-6.232,-5.295,-4.989,1548692083852
30,0.329,0.043,0.4,-7.468,-5.562,-4.573,1548692083872
30,0.127,0.195,0.38,-7.451,-5.641,-4.959,1548692083892
30,0.077,0.126,0.307,-6.801,-5.235,-5.703,1548692083912
30,0.213,0.067,0.253,-6.693,-5.454,-5.163,1548692083932
30,0.181,0.125,0.206,-6.337,-5.881,-5.554,1548692083952
30,-0.076,0.157,0.147,-6.33,-6.077,-5.818,1548692083973
30,-0.185,0.19,0.1,-6.279,-5.586,-5.267,1548692083993
30,0.158,0.154,0.031,-6.161,-5.823,-5.983,1548692084012
30,0.215,0.128,-0.022,-5.867,-6.175,-5.718,1548692084033
30,0.011,0.134,-0.028,-6.323,-6.194,-5.672,1548692084053
30,-0.041,0.207,0.004,-6.555,-5.972,-4.901,1548692084073
30,0.137,0.16,-0.024,-6.317,-6.063,-5.229,1548692084093
30,0.367,0.141,0.065,-5.924,-6.388,-5.592,1548692084112
30,0.286,0.111,0.194,-6.003,-6.018,-6.278,1548692084133
30,0.327,0.141,0.192,-6.204,-5.824,-5.484,1548692084152
31,0.425,0.122,0.142,-6.386,-5.418,-5.349,1548692084172
31,0.429,0.138,0.181,-6.23,-6.11,-5.492,1548692084192
31,0.317,0.181,0.196,-6.258,-5.529,-6.1,1548692084212
31,0.265,0.253,0.212,-6.285,-5.573,-5.176,1548692084232
31,0.329,0.267,0.225,-6.283,-6.246,-5.42,1548692084252
31,0.468,0.243,0.175,-5.973,-5.157,-5.981,1548692084273
31,0.41,0.251,0.173,-6.17,-5.611,-4.782,1548692084293
31,0.171,0.298,0.172,-6.432,-6.463,-4.8,1548692084313
31,0.202,0.268,0.148,-6.293,-5.761,-4.909,1548692084332
31,0.426,0.226,0.158,-6.324,-5.403,-5.257,1548692084352
31,0.448,0.214,0.127,-6.172,-5.709,-4.448,1548692084372
31,0.583,0.194,0.109,-6.369,-6.244,-4.522,1548692084393
31,0.431,0.177,0.047,-6.542,-5.861,-4.037,1548692084412
32,0.311,0.184,0.092,-6.386,-5.297,-5.958,1548692084432
32,0.338,0.144,0.064,-6.229,-5.134,-5.47,1548692084452
32,0.415,0.167,0.07,-6.551,-6.042,-4.741,1548692084472
32,0.364,0.165,0.079,-6.511,-5.602,-6.069,1548692084492
32,0.282,0.066,0.047,-6.32,-5.207,-5.934,1548692084512
32,0.379,0.017,0.072,-6.394,-6.116,-5.986,1548692084532
32,0.44,0.049,0.036,-6.338,-5.515,-5.52,1548692084552
32,0.39,0.09,0.033,-6.179,-6.648,-4.902,1548692084572
32,0.179,0.16,0.022,-6.389,-5.634,-6.66,1548692084592
32,0.192,0.217,0.044,-5.955,-5.952,-6.106,1548692084612
32,0.337,0.231,0.06,-6.093,-6.712,-5.176,1548692084632
33,0.432,0.263,0.031,-6.326,-6.365,-5.054,1548692084652
33,0.318,0.346,0.088,-6.328,-7.659,-4.172,1548692084672
33,0.095,0.388,0.063,-6.474,-5.561,-6.309,1548692084692
33,0.285,0.392,0.171,-6.181,-6.451,-5.205,1548692084711
33,0.366,0.43,0.197,-6.704,-6.004,-4.841,1548692084731
33,0.18,0.461,0.235,-6.675,-6.899,-4.322,1548692084752
33,-0.061,0.439,0.257,-6.356,-5.902,-6.117,1548692084772
33,0.113,0.37,0.254,-5.947,-6.042,-5.96,1548692084791
33,0.154,0.338,0.219,-5.599,-6.953,-5.434,1548692084812
33,0.083,0.361,0.193,-5.631,-7.45,-5.367,1548692084832
33,0.085,0.347,0.127,-6.505,-6.698,-6.123,1548692084852
33,0.133,0.354,0.107,-5.391,-6.449,-5.879,1548692084871
33,0.21,0.294,0.08,-5.403,-6.839,-5.68,1548692084892
34,0.23,0.256,0.047,-5.759,-7.226,-5.79,1548692084912
34,0.27,0.189,0.016,-5.85,-6.287,-6.284,1548692084932
34,0.378,0.137,0.012,-5.654,-6.494,-5.509,1548692084952
34,0.324,0.155,0.037,-5.681,-6.748,-5.776,1548692084971
34,0.176,0.206,0.083,-5.76,-6.484,-5.515,1548692084991
34,0.248,0.166,0.131,-5.662,-5.822,-6.213,1548692085011
34,0.379,0.135,0.144,-5.502,-6.867,-5.537,1548692085031
34,0.375,0.155,0.154,-5.722,-6.406,-5.815,1548692085051
34,0.401,0.18,0.162,-5.471,-6.509,-5.357,1548692085072
34,0.45,0.181,0.132,-5.538,-6.216,-5.735,1548692085091
34,0.622,0.171,0.141,-5.471,-6.311,-5.322,1548692085111
34,0.572,0.192,0.15,-5.566,-6.098,-5.133,1548692085132
34,0.388,0.2,0.18,-5.408,-5.968,-5.304,1548692085152
35,0.318,0.212,0.202,-5.554,-6.029,-5.423,1548692085172
35,0.333,0.24,0.251,-5.557,-6.242,-5.692,1548692085192
35,0.349,0.288,0.272,-5.873,-6.578,-5.551,1548692085211
35,0.188,0.387,0.318,-5.478,-6.181,-5.74,1548692085231
35,0.028,0.428,0.371,-5.312,-5.956,-6.03,1548692085252
35,0.022,0.428,0.397,-5.456,-6.868,-6.141,1548692085271
35,0.03,0.419,0.383,-5.582,-6.092,-6.615,1548692085292
35,0.143,0.408,0.351,-5.189,-5.944,-6.235,1548692085311
35,-0.009,0.442,0.335,-5.611,-6.103,-6.242,1548692085332
35,-0.088,0.427,0.345,-5.853,-5.755,-5.686,1548692085351
35,0.017,0.387,0.308,-5.966,-5.639,-5.95,1548692085372
35,0.159,0.364,0.284,-5.486,-5.335,-5.477,1548692085391
35,0.162,0.376,0.26,-5.611,-5.786,-5.297,1548692085411
35,0.033,0.425,0.249,-5.713,-6.519,-5.604,1548692085432
36,0.066,0.427,0.202,-5.857,-6.024,-5.301,1548692085452
36,0.162,0.406,0.147,-5.654,-5.362,-6.392,1548692085471
36,-0.084,0.395,0.101,-5.398,-6.207,-5.836,1548692085491
36,-0.116,0.339,0.087,-5.606,-6.611,-6.582,1548692085512
36,0.185,0.216,0.044,-5.356,-6.063,-4.838,1548692085532
36,0.491,0.063,-0.018,-5.384,-6.717,-6.293,1548692085552
36,0.268,0.077,-0.062,-5.233,-6.528,-6.222,1548692085571
36,-0.004,0.145,-0.058,-5.377,-5.935,-5.535,1548692085591
36,0.112,0.182,-0.027,-5.709,-6.511,-5.03,1548692085611
36,0.183,0.169,-0.053,-5.836,-6.786,-5.577,1548692085632
36,0.127,0.151,-0.07,-5.555,-6.795,-6.33,1548692085651
36,0.245,0.147,-0.053,-4.979,-6.71,-6.219,1548692085671
37,0.287,0.171,-0.052,-4.891,-6.672,-5.92,1548692085691
37,0.15,0.204,-0.033,-4.959,-7.567,-6.139,1548692085711
37,0.224,0.145,-0.041,-5.018,-7.075,-5.909,1548692085732
37,0.392,0.116,-0.064,-4.835,-7.108,-6.062,1548692085752
37,0.367,0.081,-0.092,-4.96,-6.891,-6.194,1548692085771
37,0.337,0.088,-0.082,-4.923,-7.289,-6.565,1548692085791
37,0.098,0.096,-0.086,-4.997,-6.653,-6.18,1548692085812
37,-0.006,0.092,-0.089,-5.236,-6.98,-6.087,1548692085831
37,-0.107,0.12,-0.075,-5.267,-6.651,-6.003,1548692085852
37,-0.108,0.136,-0.049,-5.392,-6.935,-6.103,1548692085871
37,-0.089,0.133,-0.018,-5.325,-7.111,-5.822,1548692085891
37,-0.078,0.135,-0.004,-5.248,-7.231,-5.917,1548692085911
38,-0.187,0.177,0.039,-5.173,-6.969,-5.76,1548692085931
38,-0.091,0.179,0.073,-5.313,-7.088,-6.11,1548692085951
38,0.064,0.123,0.073,-4.709,-6.873,-5.981,1548692085971
38,0.145,0.025,0.015,-4.912,-6.867,-5.885,1548692085991
38,0.073,0.004,-0.012,-5.117,-7.127,-5.724,1548692086011
38,-0.018,0.004,-0.009,-5.053,-6.744,-6.106,1548692086031
38,0.064,0.001,-0.013,-5.254,-6.555,-6.299,1548692086051
38,0.034,0.006,-0.003,-5.178,-6.709,-6.325,1548692086071
38,0.013,0.015,0.017,-5.096,-6.672,-5.816,1548692086091
38,-0.055,0.019,0.016,-5.153,-6.839,-5.992,1548692086111
38,-0.089,0.035,0.012,-5.175,-6.613,-5.889,1548692086131
38,0.028,0.026,0.02,-5.083,-6.662,-6.25,1548692086151
38,0.046,0.04,0.043,-5.096,-6.609,-6.204,1548692086171
38,0.104,0.048,0.065,-5.098,-6.644,-6.274,1548692086190
39,0.077,0.041,0.068,-5.081,-6.734,-6.087,1548692086211
39,0.057,0.024,0.048,-5.19,-6.587,-6.0,1548692086231
39,0.055,0.036,0.039,-5.067,-6.701,-5.993,1548692086251
39,0.005,0.054,0.031,-5.191,-6.729,-5.822,1548692086270
39,0.009,0.055,0.022,-5.279,-6.787,-5.883,1548692086291
39,0.036,0.038,0.001,-5.258,-6.672,-6.065,1548692086311
39,0.035,0.022,-0.025,-5.13,-6.505,-6.325,1548692086330
39,0.056,0.029,-0.036,-5.01,-6.761,-6.135,1548692086348
39,0.006,0.047,-0.041,-4.899,-6.551,-6.04,1548692086371
39,-0.009,0.071,-0.031,-4.865,-6.729,-6.027,1548692086391
39,-0.044,0.092,-0.021,-4.916,-6.63,-6.068,1548692086411
39,-0.012,0.085,-0.023,-4.968,-6.501,-6.275,1548692086431
39,0.033,0.078,-0.014,-4.905,-6.684,-6.353,1548692086451
40,0.025,0.068,-0.006,-5.011,-6.482,-6.354,1548692086471
40,0.056,0.068,0.004,-5.043,-6.523,-6.081,1548692086490
40,0.041,0.064,0.002,-4.891,-6.47,-6.102,1548692086511
40,0.028,0.052,0.0,-5.042,-6.772,-6.022,1548692086531
40,-0.001,0.06,-0.008,-5.029,-6.756,-6.017,1548692086550
40,0.043,0.048,-0.017,-5.116,-6.613,-5.967,1548692086570
40,0.071,0.061,-0.02,-5.158,-6.543,-6.024,1548692086591
40,0.092,0.06,-0.026,-4.979,-6.71,-6.059,1548692086610
40,0.113,0.056,-0.039,-5.044,-6.753,-6.14,1548692086630
40,0.149,0.057,-0.046,-5.003,-6.672,-6.09,1548692086651
40,0.23,0.03,-0.064,-4.971,-6.565,-6.071,1548692086671
40,0.185,0.005,-0.069,-4.821,-6.861,-6.023,1548692086691
40,0.177,-0.01,-0.085,-4.82,-6.931,-6.209,1548692086710
40,0.312,-0.019,-0.099,-4.751,-7.371,-5.97,1548692086730
41,0.522,-0.091,-0.142,-3.801,-6.584,-6.712,1548692086750
41,0.669,-0.125,-0.387,-5.82,-7.56,-5.095,1548692086771
41,0.539,-0.063,-0.236,-4.82,-7.426,-5.423,1548692086790
41,0.724,-0.161,-0.228,-4.417,-7.246,-5.939,1548692086810
41,1.052,-0.203,-0.309,-5.017,-7.701,-5.103,1548692086830
41,1.057,-0.194,-0.291,-4.585,-8.161,-5.134,1548692086850
41,0.883,-0.225,-0.333,-4.998,-8.074,-5.041,1548692086870
41,0.781,-0.201,-0.299,-5.148,-7.627,-5.036,1548692086891
41,0.708,-0.193,-0.293,-5.19,-8.174,-5.08,1548692086910
41,0.693,-0.166,-0.241,-4.979,-8.67,-4.738,1548692086931
41,0.837,-0.191,-0.217,-4.849,-8.333,-4.489,1548692086951
42,0.937,-0.202,-0.242,-4.749,-8.072,-3.98,1548692086971
42,0.886,-0.21,-0.226,-4.489,-7.808,-4.176,1548692086991
42,0.77,-0.162,-0.238,-4.542,-8.011,-4.146,1548692087011
42,0.77,-0.108,-0.285,-4.584,-7.754,-4.215,1548692087030
42,0.762,-0.097,-0.28,-4.528,-7.395,-3.764,1548692087050
42,0.973,-0.137,-0.363,-4.345,-8.344,-3.115,1548692087070
42,0.41,-0.15,-0.249,-4.428,-8.891,-3.468,1548692087090
42,0.225,-0.057,-0.219,-4.342,-8.553,-3.919,1548692087110
42,0.301,-0.013,-0.201,-4.449,-8.535,-4.253,1548692087131
42,0.473,-0.009,-0.221,-4.48,-8.237,-3.775,1548692087150
42,0.548,-0.04,-0.211,-4.428,-8.144,-3.578,1548692087171
42,0.358,-0.04,-0.168,-4.507,-8.596,-3.968,1548692087191
42,0.245,-0.056,-0.136,-4.512,-8.86,-3.864,1548692087210
43,0.366,-0.074,-0.15,-4.521,-8.646,-3.249,1548692087230
43,0.589,-0.079,-0.17,-4.242,-8.657,-2.846,1548692087250
43,0.581,-0.068,-0.179,-4.332,-8.688,-3.011,1548692087270
43,0.494,-0.005,-0.147,-4.372,-8.759,-3.207,1548692087290
43,0.292,0.004,-0.116,-4.467,-8.543,-2.756,1548692087311
43,0.189,0.002,-0.102,-4.194,-8.664,-2.861,1548692087331
43,0.077,-0.01,-0.091,-4.195,-8.859,-2.938,1548692087351
43,0.124,0.011,-0.108,-4.155,-8.954,-3.011,1548692087370
43,0.216,0.019,-0.131,-4.099,-8.677,-3.09,1548692087389
43,0.233,0.018,-0.125,-4.211,-8.818,-3.082,1548692087410
43,0.107,-0.001,-0.101,-4.282,-8.92,-2.839,1548692087430
43,0.114,-0.004,-0.112,-3.975,-9.053,-2.557,1548692087450
43,0.068,0.002,-0.119,-4.147,-9.277,-3.084,1548692087470
44,0.01,0.052,-0.067,-4.124,-8.966,-3.169,1548692087490
44,0.014,0.016,-0.034,-4.028,-8.928,-2.963,1548692087510
44,0.008,-0.008,-0.041,-3.869,-8.853,-2.51,1548692087531
44,-0.022,0.0,-0.037,-4.083,-8.998,-2.741,1548692087550
44,-0.077,0.027,-0.023,-4.073,-9.208,-2.831,1548692087570
44,-0.061,0.014,-0.005,-3.9,-9.285,-3.007,1548692087590
44,-0.026,-0.005,0.008,-4.073,-9.1,-2.844,1548692087610
44,-0.002,-0.021,0.029,-3.904,-8.963,-2.769,1548692087630
44,0.007,-0.041,0.008,-3.934,-9.044,-2.729,1548692087650
44,0.027,-0.012,0.004,-4.044,-9.083,-2.904,1548692087670
44,0.026,0.014,0.006,-4.08,-8.932,-3.006,1548692087690
44,0.048,0.004,-0.001,-3.947,-8.835,-2.775,1548692087709
44,0.055,-0.006,-0.01,-3.933,-8.896,-2.835,1548692087729
44,-0.028,-0.002,-0.01,-3.964,-8.99,-2.914,1548692087749
45,-0.035,-0.003,-0.023,-3.986,-9.194,-2.627,1548692087770
45,-0.021,-0.016,-0.021,-4.098,-9.316,-2.651,1548692087790
45,-0.001,0.005,-0.009,-4.164,-9.078,-2.72,1548692087809
45,0.021,0.018,-0.008,-4.119,-9.102,-2.871,1548692087830
45,-0.014,0.007,-0.016,-4.101,-9.151,-2.902,1548692087850
45,-0.022,-0.012,-0.014,-4.072,-9.152,-2.83,1548692087870
45,-0.021,-0.032,0.0,-4.094,-9.116,-2.658,1548692087890
45,0.008,-0.053,0.0,-4.146,-9.245,-2.767,1548692087910
45,0.019,-0.05,0.004,-4.08,-9.05,-2.918,1548692087929
45,-0.012,-0.074,0.036,-4.078,-8.86,-3.073,1548692087950
45,-0.107,-0.103,0.057,-4.066,-8.513,-3.55,1548692087969
46,-0.167,-0.126,0.091,-4.069,-8.232,-3.195,1548692087989
46,-0.168,-0.121,0.125,-3.947,-8.787,-2.3,1548692088009
46,-0.264,-0.089,0.074,-3.992,-9.539,-2.41,1548692088029
46,-0.324,0.0,0.046,-4.095,-9.254,-3.068,1548692088049
46,-0.254,0.042,0.048,-4.148,-8.941,-3.2,1548692088070
46,-0.234,0.038,0.052,-4.017,-8.718,-2.955,1548692088090
46,-0.166,0.027,0.046,-4.067,-8.869,-2.607,1548692088110
46,-0.059,0.061,0.054,-3.926,-9.225,-2.694,1548692088130
46,-0.034,0.055,0.038,-4.167,-9.245,-2.754,1548692088150
46,-0.067,0.11,0.039,-4.335,-8.787,-3.645,1548692088170
46,-0.006,0.1,0.045,-4.149,-8.468,-3.063,1548692088190
46,0.052,0.026,0.017,-4.211,-8.972,-2.319,1548692088210
46,0.047,0.016,-0.012,-4.28,-9.241,-2.639,1548692088229
46,0.049,0.063,-0.01,-4.358,-9.095,-3.431,1548692088249
46,0.087,0.066,-0.011,-4.094,-8.593,-3.532,1548692088269
47,0.096,0.019,-0.036,-3.844,-8.435,-3.115,1548692088289
47,0.075,-0.005,-0.05,-4.069,-8.958,-3.2,1548692088309
47,0.029,0.005,-0.056,-4.111,-9.177,-3.503,1548692088329
47,0.041,0.007,-0.055,-3.978,-8.868,-3.327,1548692088350
47,0.033,-0.009,-0.065,-3.895,-8.831,-2.645,1548692088369
47,0.014,-0.005,-0.09,-4.232,-9.082,-2.527,1548692088389
47,-0.027,0.037,-0.075,-4.135,-8.84,-2.951,1548692088410
47,0.041,0.069,-0.074,-4.192,-8.863,-3.233,1548692088429
47,0.088,0.079,-0.074,-4.296,-8.99,-3.248,1548692088450
47,0.008,0.051,-0.045,-4.541,-9.303,-3.325,1548692088470
47,-0.024,0.012,-0.027,-4.107,-9.336,-3.286,1548692088489
47,0.027,-0.046,-0.026,-4.076,-8.895,-2.971,1548692088509
47,0.083,-0.059,-0.019,-3.989,-8.912,-2.783,1548692088529
47,0.047,-0.051,-0.01,-4.157,-8.969,-2.899,1548692088549
48,0.036,-0.033,-0.01,-4.219,-9.245,-3.012,1548692088569
48,0.04,-0.021,-0.014,-3.916,-9.129,-3.171,1548692088589
48,0.064,-0.02,-0.01,-3.997,-8.67,-3.196,1548692088610
48,0.118,-0.002,-0.014,-3.995,-8.632,-3.001,1548692088630
48,0.067,-0.006,-0.023,-3.938,-9.071,-2.624,1548692088649
48,-0.013,0.003,-0.014,-3.952,-9.326,-2.845,1548692088669
48,-0.02,0.039,0.009,-3.867,-9.008,-3.106,1548692088689
48,0.057,0.035,0.006,-3.953,-8.685,-3.164,1548692088709
48,0.06,0.034,-0.002,-4.28,-8.789,-2.937,1548692088729
48,-0.012,0.013,-0.006,-4.063,-9.117,-2.852,1548692088749
48,-0.061,-0.012,-0.011,-4.157,-9.281,-2.998,1548692088770
49,-0.05,-0.006,0.006,-4.03,-9.034,-3.074,1548692088789
49,-0.04,-0.018,0.014,-3.975,-8.981,-2.68,1548692088809
49,-0.067,-0.033,0.01,-4.299,-9.204,-2.313,1548692088828
49,-0.096,-0.005,0.033,-4.555,-9.803,-1.831,1548692088849
49,-0.07,0.03,0.099,-4.595,-9.528,-3.557,1548692088869
49,0.111,0.091,0.14,-3.506,-8.34,-3.918,1548692088889
49,0.203,-0.044,0.057,-3.69,-8.356,-2.694,1548692088909
49,0.03,-0.024,-0.003,-4.467,-9.14,-2.456,1548692088929
49,-0.197,0.004,0.053,-4.151,-9.012,-2.738,1548692088949
49,-0.337,-0.021,0.058,-3.851,-8.965,-3.847,1548692088969
50,-0.287,-0.016,0.035,-3.387,-8.549,-3.976,1548692088989
50,-0.09,-0.007,0.007,-3.92,-8.42,-3.286,1548692089009
50,0.026,0.047,-0.032,-3.989,-8.704,-3.563,1548692089029
50,0.019,0.049,-0.052,-4.026,-8.938,-3.302,1548692089049
50,-0.123,0.041,-0.076,-3.903,-9.425,-2.663,1548692089069
50,-0.31,0.011,-0.099,-4.189,-9.403,-2.657,1548692089089
50,-0.291,0.039,-0.093,-4.298,-9.084,-2.994,1548692089109
50,-0.164,0.062,-0.095,-3.982,-8.577,-2.904,1548692089129
50,-0.129,0.04,-0.074,-4.076,-8.5,-3.481,1548692089149
50,-0.145,0.049,-0.061,-3.908,-7.798,-3.384,1548692089169
51,-0.558,0.01,-0.07,-3.86,-8.978,-4.085,1548692089189
51,-1.257,0.074,0.051,-4.336,-10.083,-5.334,1548692089209
51,-1.019,0.138,0.123,-4.615,-7.882,-5.51,1548692089229
51,-0.398,0.078,0.057,-4.577,-7.53,-5.08,1548692089249
51,-0.518,0.053,0.045,-4.407,-7.823,-4.089,1548692089269
51,-1.084,0.035,0.103,-4.37,-9.617,-4.482,1548692089289
51,-1.602,-0.002,0.214,-4.418,-10.403,-5.568,1548692089309
51,-1.198,-0.082,0.231,-4.407,-9.41,-5.87,1548692089329
51,-0.42,-0.178,0.213,-4.553,-7.435,-4.391,1548692089349
51,-0.051,-0.225,0.223,-3.595,-6.321,-3.319,1548692089369
51,-0.358,-0.132,0.092,-4.013,-7.865,-2.556,1548692089389
51,-0.631,0.019,0.085,-3.82,-8.027,-3.534,1548692089409
52,-0.392,0.014,0.137,-3.827,-8.156,-4.781,1548692089428
52,-0.14,0.063,0.107,-4.345,-7.978,-4.761,1548692089448
52,-0.206,0.094,0.116,-4.473,-7.931,-5.094,1548692089468
52,-0.522,0.037,0.101,-4.485,-8.43,-5.327,1548692089489
52,-0.638,-0.054,0.06,-4.339,-7.899,-4.494,1548692089509
52,-0.41,-0.09,0.037,-4.308,-6.876,-4.265,1548692089529
52,-0.553,-0.045,0.044,-4.47,-7.739,-4.991,1548692089548
52,-1.001,-0.009,0.071,-4.505,-8.798,-4.978,1548692089568
52,-0.885,0.056,0.126,-4.239,-7.831,-5.592,1548692089589
52,-0.388,0.109,0.141,-4.153,-7.233,-5.382,1548692089609
52,-0.365,0.068,0.16,-4.036,-8.388,-5.529,1548692089628
52,-0.518,0.062,0.095,-3.819,-8.006,-6.156,1548692089648
52,-0.332,0.006,0.024,-4.184,-7.301,-5.681,1548692089668
53,-0.153,-0.004,0.053,-3.604,-7.756,-5.546,1548692089688
53,-0.053,-0.111,0.018,-3.609,-8.014,-5.672,1548692089708
53,0.142,-0.107,0.045,-3.756,-7.52,-6.584,1548692089728
53,0.196,-0.17,0.011,-4.401,-7.779,-6.0,1548692089748
53,0.084,-0.164,-0.033,-4.114,-7.958,-4.464,1548692089768
53,-0.036,-0.167,-0.018,-5.079,-7.346,-4.444,1548692089789
53,-0.165,-0.024,0.057,-4.861,-8.214,-5.601,1548692089808
53,-0.242,0.026,0.068,-4.91,-7.804,-5.18,1548692089828
53,-0.051,0.082,0.116,-4.182,-7.296,-4.692,1548692089849
53,0.008,0.12,0.144,-3.854,-7.63,-5.107,1548692089869
53,-0.033,0.085,0.094,-4.789,-9.109,-4.972,1548692089888
53,-0.115,0.169,0.099,-4.111,-7.405,-5.372,1548692089908
