pack,vx,vy,vz,ax,ay,az,time
1,0.023,-0.003,-0.018,-0.743,-9.816,-0.816,1549046261671
1,0.055,0.005,-0.009,-0.699,-10.023,-0.587,1549046261691
1,0.03,-0.003,0.001,-0.796,-9.989,-0.63,1549046261711
1,-0.048,-0.036,0.001,-0.979,-9.829,-0.792,1549046261731
1,-0.05,-0.014,0.016,-0.836,-9.804,-0.434,1549046261751
1,-0.066,-0.004,0.045,-0.721,-10.321,-0.361,1549046261770
1,-0.136,-0.053,0.04,-0.784,-10.303,-0.285,1549046261791
1,-0.121,-0.044,0.066,-0.792,-10.267,-0.274,1549046261810
1,-0.066,-0.047,0.094,-0.521,-10.177,-0.441,1549046261830
1,-0.042,-0.049,0.127,-0.702,-9.789,-1.01,1549046261850
1,0.006,-0.006,0.161,-0.848,-9.611,-0.962,1549046261871
2,-0.098,-0.041,0.237,-1.203,-10.13,-0.985,1549046261891
2,-0.191,-0.08,0.259,-1.604,-9.724,-1.594,1549046261910
2,-0.111,-0.07,0.326,-1.022,-9.865,-0.774,1549046261930
2,-0.052,-0.107,0.413,-0.598,-10.132,0.528,1549046261951
2,-0.197,-0.145,0.389,-1.255,-9.728,-0.58,1549046261970
2,-0.359,-0.142,0.381,-1.55,-10.212,-1.224,1549046261990
2,-0.309,-0.096,0.433,-1.704,-9.692,-1.388,1549046262010
2,-0.288,-0.141,0.475,-1.205,-10.226,-1.098,1549046262031
2,-0.549,-0.278,0.491,-1.331,-10.811,-0.791,1549046262050
2,-0.592,-0.298,0.48,-2.062,-10.861,-0.43,1549046262070
2,-0.595,-0.236,0.502,-1.767,-10.654,-1.305,1549046262090
3,-0.575,-0.361,0.443,-1.523,-10.8,-1.472,1549046262111
3,-0.429,-0.407,0.439,-1.541,-9.991,-1.942,1549046262131
3,-0.494,-0.456,0.372,-1.844,-9.385,-1.183,1549046262150
3,-0.715,-0.44,0.364,-2.101,-10.449,-0.967,1549046262171
3,-0.751,-0.481,0.371,-2.514,-11.58,-1.085,1549046262191
3,-0.47,-0.469,0.402,-1.811,-11.143,-2.104,1549046262211
3,-0.471,-0.664,0.339,-1.514,-9.585,-1.929,1549046262231
3,-0.546,-0.611,0.378,-2.991,-8.568,-2.028,1549046262251
3,-0.509,-0.4,0.409,-2.068,-11.57,-1.521,1549046262270
3,-0.664,-0.528,0.556,-2.502,-11.28,-1.615,1549046262291
3,-0.253,-0.437,0.552,-2.833,-10.684,-2.068,1549046262311
4,-0.243,-0.4,0.51,-2.493,-10.348,-2.1,1549046262331
4,-0.354,-0.491,0.491,-3.028,-10.208,-1.181,1549046262350
4,-0.383,-0.552,0.457,-3.697,-11.176,-1.172,1549046262371
4,-0.282,-0.544,0.493,-3.775,-10.93,-1.85,1549046262391
4,0.084,-0.582,0.444,-2.83,-9.72,-2.062,1549046262411
4,0.121,-0.664,0.358,-2.797,-9.702,-1.278,1549046262431
4,-0.065,-0.708,0.303,-3.625,-10.333,-1.549,1549046262451
4,-0.24,-0.737,0.321,-3.501,-9.621,-2.871,1549046262471
4,0.062,-0.759,0.257,-3.419,-9.147,-1.362,1549046262491
4,0.153,-0.713,0.173,-4.116,-10.752,-0.215,1549046262511
5,0.058,-0.803,0.257,-4.167,-10.753,-0.11,1549046262531
5,0.27,-0.911,0.186,-3.827,-9.891,-1.681,1549046262551
5,0.307,-0.994,0.11,-3.727,-8.109,-2.112,1549046262571
5,0.592,-0.955,0.065,-4.428,-9.389,-0.18,1549046262591
5,0.78,-0.887,0.212,-3.752,-9.297,-0.08,1549046262611
5,0.364,-0.996,0.349,-3.979,-8.545,-1.129,1549046262632
5,0.127,-0.933,0.2,-3.738,-9.289,-2.688,1549046262652
5,-0.065,-0.873,0.204,-4.382,-7.496,-0.943,1549046262671
5,0.41,-0.725,0.06,-4.451,-8.344,0.558,1549046262691
5,0.794,-0.673,0.047,-3.644,-7.783,-0.937,1549046262711
6,0.347,-0.703,0.11,-3.285,-7.293,-1.919,1549046262731
6,0.058,-0.714,0.062,-4.649,-11.584,0.248,1549046262751
6,-0.41,-0.595,0.314,-4.107,-9.098,-0.092,1549046262771
6,-0.499,-0.59,0.332,-4.867,-7.936,-1.578,1549046262791
6,-0.538,-0.523,0.335,-4.604,-9.077,-0.338,1549046262812
6,-0.768,-0.428,0.353,-4.213,-10.253,0.343,1549046262832
6,-0.822,-0.431,0.333,-4.512,-10.172,-0.11,1549046262851
6,-0.353,-0.383,0.424,-3.819,-9.56,-0.927,1549046262871
6,-0.226,-0.292,0.426,-4.021,-9.842,-1.335,1549046262891
6,-0.572,-0.236,0.361,-4.795,-9.339,-0.931,1549046262911
6,-0.52,-0.138,0.328,-5.05,-8.188,-0.88,1549046262931
7,-0.45,-0.106,0.31,-5.152,-8.569,-0.516,1549046262952
7,-0.463,-0.1,0.257,-4.73,-9.578,-0.712,1549046262971
7,-0.344,-0.082,0.221,-4.617,-9.454,-1.579,1549046262991
7,-0.173,-0.035,0.241,-4.883,-9.29,-1.469,1549046263011
7,-0.154,-0.042,0.164,-5.227,-7.37,-1.982,1549046263031
7,-0.264,-0.086,0.125,-5.437,-8.003,-0.91,1549046263051
7,-0.409,-0.109,0.116,-5.142,-9.323,-1.146,1549046263071
7,-0.409,-0.12,0.113,-4.792,-9.031,-1.335,1549046263091
7,-0.219,-0.11,0.056,-5.09,-8.58,-1.588,1549046263111
7,-0.143,-0.108,0.028,-5.398,-7.627,-1.61,1549046263131
7,-0.203,-0.094,0.07,-5.047,-9.834,-1.798,1549046263152
7,-0.338,-0.084,0.033,-4.817,-9.182,-1.366,1549046263172
8,-0.263,-0.056,0.008,-5.015,-8.693,-1.58,1549046263192
8,-0.206,-0.077,-0.033,-5.529,-7.52,-1.538,1549046263212
8,-0.217,-0.074,-0.022,-5.135,-9.117,-1.377,1549046263232
8,-0.243,-0.106,-0.071,-4.85,-9.402,-1.646,1549046263251
8,-0.052,-0.047,-0.064,-4.735,-8.778,-1.603,1549046263271
8,0.05,-0.019,-0.05,-4.955,-8.898,-1.011,1549046263292
8,0.038,-0.056,-0.011,-5.094,-8.79,-1.36,1549046263312
8,0.022,-0.056,0.052,-4.736,-8.871,-1.052,1549046263331
8,0.065,0.02,0.088,-4.592,-8.406,-1.772,1549046263352
8,0.041,0.091,0.111,-5.058,-8.262,-0.947,1549046263371
8,0.049,0.104,0.202,-4.947,-9.307,-0.865,1549046263392
9,-0.05,0.083,0.205,-4.87,-9.163,-0.723,1549046263412
9,0.072,0.13,0.195,-4.507,-8.732,-1.192,1549046263432
9,0.1,0.155,0.174,-4.971,-8.462,-1.219,1549046263452
9,0.105,0.168,0.193,-5.03,-9.253,-0.858,1549046263472
9,0.067,0.126,0.174,-4.928,-9.013,-1.041,1549046263492
9,0.268,0.106,0.16,-4.856,-8.889,-0.989,1549046263512
9,0.203,0.053,0.106,-5.079,-8.296,-1.164,1549046263531
9,0.294,0.021,0.107,-5.022,-8.659,-1.022,1549046263551
9,0.32,-0.01,0.089,-4.787,-8.51,-1.059,1549046263572
9,0.068,-0.032,0.035,-4.779,-8.975,-0.799,1549046263592
9,-0.058,-0.106,0.026,-5.004,-8.94,-0.818,1549046263612
9,0.013,-0.172,0.006,-4.747,-8.706,-0.398,1549046263632
9,0.075,-0.23,-0.013,-4.617,-8.916,-0.535,1549046263652
10,0.07,-0.274,-0.029,-4.878,-8.172,-0.71,1549046263672
10,0.162,-0.294,-0.02,-5.269,-8.654,-0.421,1549046263692
10,0.12,-0.33,-0.021,-5.043,-8.293,-0.604,1549046263712
10,0.042,-0.339,-0.066,-4.997,-8.261,-1.02,1549046263732
10,-0.098,-0.36,-0.104,-5.198,-8.095,-0.827,1549046263752
10,-0.122,-0.39,-0.113,-4.842,-9.194,-1.463,1549046263772
10,-0.199,-0.4,-0.145,-4.751,-9.042,-0.827,1549046263792
10,-0.094,-0.327,-0.114,-4.94,-9.045,-0.867,1549046263813
10,-0.277,-0.33,-0.156,-5.042,-9.423,-0.393,1549046263832
10,-0.265,-0.357,-0.178,-4.902,-9.405,-1.248,1549046263852
11,-0.137,-0.365,-0.191,-4.698,-9.125,-1.697,1549046263872
11,0.09,-0.325,-0.146,-5.11,-9.19,-0.896,1549046263893
11,-0.011,-0.314,-0.16,-5.123,-9.167,-0.828,1549046263912
11,-0.084,-0.316,-0.159,-4.626,-9.445,-1.222,1549046263933
11,-0.08,-0.292,-0.172,-4.895,-9.103,-1.41,1549046263953
11,0.057,-0.248,-0.159,-4.97,-8.633,-1.275,1549046263973
11,0.074,-0.219,-0.156,-4.635,-9.064,-0.873,1549046263992
11,-0.061,-0.227,-0.191,-4.723,-8.397,-1.765,1549046264012
11,0.031,-0.195,-0.216,-4.549,-8.409,-1.717,1549046264032
11,0.179,-0.149,-0.172,-4.536,-9.029,-1.041,1549046264053
11,0.002,-0.156,-0.2,-4.211,-9.077,-1.289,1549046264073
12,-0.028,-0.177,-0.262,-4.379,-8.094,-2.614,1549046264093
12,0.06,-0.141,-0.281,-4.342,-8.211,-1.369,1549046264112
12,0.037,-0.142,-0.23,-4.328,-8.688,-1.349,1549046264133
12,0.013,-0.132,-0.239,-3.951,-8.338,-2.009,1549046264153
12,0.033,-0.16,-0.277,-3.989,-7.923,-1.998,1549046264173
12,-0.008,-0.134,-0.249,-4.353,-8.297,-1.736,1549046264193
12,-0.157,-0.104,-0.189,-3.939,-8.972,-1.998,1549046264213
12,-0.176,-0.078,-0.221,-3.844,-8.768,-1.746,1549046264232
12,-0.103,-0.088,-0.254,-4.071,-8.588,-1.842,1549046264253
12,-0.086,-0.104,-0.209,-3.808,-8.851,-2.013,1549046264273
12,-0.154,-0.1,-0.156,-3.869,-9.367,-1.753,1549046264293
12,-0.312,-0.066,-0.136,-3.973,-9.52,-1.636,1549046264313
13,-0.313,-0.062,-0.114,-4.009,-9.175,-1.644,1549046264333
13,-0.244,-0.051,-0.078,-4.001,-9.466,-1.278,1549046264352
13,-0.244,-0.003,-0.045,-4.315,-9.486,-1.6,1549046264373
13,-0.288,0.079,-0.03,-3.997,-10.122,-1.335,1549046264393
13,-0.507,0.075,-0.011,-4.155,-10.342,-1.675,1549046264413
13,-0.431,0.078,-0.015,-4.358,-9.563,-1.193,1549046264433
13,-0.239,0.131,-0.035,-4.247,-9.717,-1.419,1549046264453
13,-0.227,0.085,-0.013,-4.199,-9.972,-1.155,1549046264472
13,-0.195,0.067,-0.009,-4.077,-9.788,-1.721,1549046264493
13,-0.204,0.039,-0.008,-3.948,-9.344,-1.575,1549046264513
13,-0.319,0.079,0.032,-4.109,-10.028,-1.974,1549046264533
14,-0.631,0.104,0.086,-4.109,-9.695,-2.045,1549046264552
14,-0.531,0.087,0.065,-4.227,-10.13,-1.252,1549046264572
14,-0.26,0.085,0.117,-4.126,-9.261,-1.498,1549046264592
14,-0.103,0.068,0.067,-4.632,-8.868,-1.935,1549046264613
14,-0.179,0.045,0.042,-4.119,-8.946,-2.899,1549046264632
14,-0.286,-0.038,0.0,-4.472,-8.659,-2.054,1549046264652
14,-0.135,0.02,0.008,-4.699,-9.008,-1.855,1549046264673
14,-0.117,-0.007,0.003,-4.817,-8.534,-1.396,1549046264693
14,0.012,0.0,-0.044,-4.202,-8.396,-1.709,1549046264713
14,0.077,0.021,-0.049,-4.528,-8.237,-1.91,1549046264733
14,0.031,0.124,-0.002,-4.922,-8.55,-1.648,1549046264753
14,-0.023,0.068,0.0,-4.611,-8.607,-1.951,1549046264773
15,0.07,-0.002,-0.021,-4.401,-8.858,-1.642,1549046264793
15,0.219,0.056,0.01,-4.0,-8.82,-2.343,1549046264813
15,0.263,0.092,0.052,-4.71,-9.297,-1.729,1549046264833
15,0.101,0.125,0.092,-4.318,-9.151,-2.317,1549046264853
15,0.134,0.031,0.084,-4.002,-9.638,-1.857,1549046264873
15,0.211,0.032,0.062,-3.989,-9.2,-2.17,1549046264893
15,0.331,0.075,0.162,-4.458,-9.995,-1.796,1549046264913
15,0.226,0.067,0.2,-4.151,-9.582,-1.815,1549046264933
15,0.287,-0.035,0.174,-4.477,-9.156,-1.967,1549046264953
15,0.421,-0.041,0.177,-4.283,-9.225,-1.631,1549046264973
15,0.373,-0.069,0.189,-4.441,-9.173,-1.985,1549046264993
16,0.266,-0.058,0.182,-4.664,-8.7,-1.8,1549046265013
16,0.296,-0.082,0.178,-4.772,-8.884,-1.388,1549046265033
16,0.343,-0.147,0.141,-4.783,-8.287,-1.503,1549046265053
16,0.224,-0.208,0.093,-4.692,-8.537,-1.239,1549046265073
16,0.099,-0.223,0.081,-4.598,-8.262,-1.673,1549046265093
16,0.08,-0.263,0.057,-4.841,-8.51,-1.778,1549046265113
16,0.052,-0.298,0.01,-4.642,-8.264,-1.963,1549046265133
16,-0.028,-0.331,-0.028,-4.659,-8.481,-1.183,1549046265153
16,-0.143,-0.345,-0.031,-4.772,-8.397,-1.83,1549046265173
16,-0.186,-0.378,-0.027,-4.583,-8.597,-2.206,1549046265193
17,-0.27,-0.376,-0.019,-4.737,-8.552,-1.433,1549046265213
17,-0.117,-0.364,0.016,-5.035,-8.355,-1.344,1549046265234
17,-0.054,-0.376,0.003,-4.756,-9.052,-0.282,1549046265253
17,-0.093,-0.368,-0.005,-4.274,-9.057,-0.804,1549046265274
17,-0.22,-0.444,-0.021,-4.743,-8.582,-1.039,1549046265294
17,-0.217,-0.372,0.001,-4.219,-8.604,-1.6,1549046265313
17,-0.369,-0.309,0.031,-4.67,-9.517,-0.921,1549046265334
17,-0.37,-0.295,0.048,-4.893,-9.463,-0.219,1549046265354
17,-0.188,-0.332,-0.026,-4.435,-9.471,-0.248,1549046265373
17,-0.178,-0.306,-0.093,-4.41,-9.278,-0.783,1549046265393
17,-0.15,-0.273,-0.044,-4.655,-9.2,-0.955,1549046265413
17,-0.035,-0.262,-0.076,-4.568,-9.052,-0.359,1549046265433
17,0.015,-0.243,-0.104,-4.302,-8.94,-0.906,1549046265453
18,-0.193,-0.171,-0.121,-4.252,-9.935,-0.309,1549046265473
18,-0.246,-0.12,-0.049,-4.532,-10.003,0.16,1549046265494
18,-0.152,-0.148,-0.042,-4.848,-9.497,0.854,1549046265513
18,-0.144,-0.131,-0.08,-4.56,-9.597,-0.474,1549046265533
18,-0.167,-0.163,-0.111,-4.208,-9.605,-1.052,1549046265553
18,0.11,-0.112,-0.1,-4.933,-9.27,-0.562,1549046265573
18,0.19,-0.052,-0.144,-4.635,-8.546,-0.777,1549046265593
18,0.164,-0.02,-0.172,-4.848,-8.616,0.487,1549046265614
18,0.114,0.003,-0.14,-4.77,-9.627,-0.516,1549046265633
18,-0.074,0.001,-0.138,-4.343,-9.044,-0.075,1549046265653
18,0.085,0.058,-0.159,-4.26,-8.465,-1.521,1549046265673
18,0.066,0.098,-0.134,-4.529,-9.033,-1.0,1549046265694
19,-0.023,0.13,-0.057,-4.439,-9.295,-0.783,1549046265714
19,-0.058,0.119,-0.051,-4.276,-9.414,-0.447,1549046265734
19,0.004,0.089,-0.096,-4.047,-9.599,-0.883,1549046265753
19,0.048,0.064,-0.13,-4.105,-9.128,-0.824,1549046265773
19,0.017,0.113,-0.148,-4.201,-8.858,-1.399,1549046265793
19,-0.016,0.089,-0.128,-4.169,-9.697,-0.852,1549046265814
19,0.001,0.061,-0.09,-3.982,-9.114,-0.874,1549046265833
19,0.083,0.055,-0.104,-3.958,-9.22,-0.909,1549046265853
19,0.072,0.082,-0.113,-3.92,-8.878,-0.981,1549046265874
19,0.082,0.071,-0.081,-4.066,-9.166,-0.821,1549046265894
19,-0.036,0.094,-0.097,-4.424,-8.85,-1.211,1549046265914
19,-0.031,0.07,-0.146,-3.88,-9.442,-0.945,1549046265933
19,-0.012,0.019,-0.156,-3.961,-9.252,-0.459,1549046265954
20,0.0,0.015,-0.194,-3.845,-8.743,-1.381,1549046265973
20,-0.059,0.019,-0.202,-3.989,-9.269,-0.484,1549046265994
20,-0.009,0.04,-0.16,-4.025,-9.235,-0.859,1549046266014
20,0.102,0.02,-0.187,-3.819,-8.968,-0.871,1549046266033
20,0.112,0.034,-0.234,-3.753,-9.669,-0.626,1549046266054
20,0.049,0.055,-0.193,-3.694,-9.081,-1.181,1549046266074
20,0.042,0.067,-0.178,-3.546,-9.444,-1.164,1549046266094
20,-0.012,0.108,-0.142,-3.677,-9.564,-0.829,1549046266114
20,-0.038,0.123,-0.172,-3.563,-9.922,-1.099,1549046266134
20,-0.046,0.067,-0.208,-3.535,-9.567,-1.009,1549046266154
20,0.046,0.083,-0.206,-3.731,-9.429,-1.272,1549046266174
20,0.013,0.085,-0.189,-3.706,-9.799,-0.999,1549046266194
21,-0.081,0.029,-0.207,-4.126,-9.489,-1.077,1549046266214
21,-0.025,0.017,-0.249,-3.876,-9.867,-0.643,1549046266234
21,-0.013,-0.04,-0.24,-3.975,-9.948,-0.776,1549046266254
21,-0.001,-0.08,-0.254,-3.808,-9.513,-0.975,1549046266274
21,0.112,-0.059,-0.246,-3.879,-9.208,-1.4,1549046266293
21,0.143,0.011,-0.19,-3.75,-9.589,-0.849,1549046266314
21,0.111,0.048,-0.135,-3.834,-10.083,-0.731,1549046266334
21,0.063,0.018,-0.124,-3.742,-9.514,-0.905,1549046266354
21,0.077,-0.023,-0.155,-3.504,-9.634,-1.352,1549046266374
21,0.041,-0.023,-0.135,-3.406,-10.09,-1.356,1549046266394
21,-0.011,0.026,-0.108,-3.562,-9.682,-1.209,1549046266414
22,0.093,0.015,-0.085,-3.594,-9.567,-1.037,1549046266434
22,0.122,0.0,-0.052,-3.547,-9.603,-0.737,1549046266454
22,0.149,-0.014,-0.021,-3.476,-9.778,-1.089,1549046266474
22,0.177,-0.017,-0.021,-3.226,-8.778,-1.29,1549046266495
22,0.135,-0.007,-0.038,-3.479,-9.939,-0.789,1549046266514
22,-0.04,0.033,-0.026,-3.301,-9.277,-1.202,1549046266535
22,0.027,-0.039,-0.083,-3.181,-9.476,-1.194,1549046266555
22,0.034,-0.016,-0.087,-2.931,-9.54,-1.217,1549046266575
22,-0.086,-0.023,-0.106,-3.038,-9.779,-1.002,1549046266595
22,-0.14,-0.033,-0.092,-3.078,-9.936,-1.077,1549046266615
22,-0.046,-0.045,-0.089,-2.939,-10.208,-0.905,1549046266635
23,-0.061,-0.047,-0.152,-2.567,-9.555,-1.433,1549046266655
23,-0.052,-0.048,-0.159,-3.202,-10.647,-0.32,1549046266675
23,-0.183,0.007,-0.146,-2.888,-10.111,-0.482,1549046266694
23,-0.194,-0.052,-0.21,-2.421,-10.446,-1.875,1549046266714
23,-0.115,-0.065,-0.222,-3.137,-9.273,-1.237,1549046266734
23,-0.088,0.012,-0.215,-2.797,-10.406,-0.972,1549046266755
23,-0.216,0.032,-0.173,-3.143,-9.916,-0.498,1549046266774
23,-0.164,-0.008,-0.182,-3.283,-9.958,-1.04,1549046266794
23,-0.159,-0.038,-0.207,-2.997,-9.767,-0.898,1549046266815
23,-0.133,-0.033,-0.201,-3.222,-10.02,-0.921,1549046266835
23,-0.137,-0.012,-0.179,-3.181,-9.866,-1.083,1549046266854
23,-0.151,-0.022,-0.194,-2.877,-9.711,-1.55,1549046266874
24,-0.162,-0.025,-0.18,-2.895,-10.148,-1.271,1549046266894
24,-0.12,-0.027,-0.144,-2.971,-10.341,-0.543,1549046266914
24,-0.032,-0.03,-0.127,-2.924,-9.576,-1.018,1549046266934
24,0.018,-0.032,-0.134,-2.957,-9.702,-1.034,1549046266954
24,-0.008,-0.012,-0.11,-2.82,-10.097,-1.575,1549046266974
24,-0.033,-0.008,-0.106,-2.88,-9.68,-1.331,1549046266994
24,-0.03,0.024,-0.104,-2.53,-10.33,-1.359,1549046267014
24,-0.067,-0.019,-0.05,-2.94,-10.471,-0.66,1549046267035
24,0.025,-0.019,-0.029,-2.787,-10.033,-1.546,1549046267055
24,0.117,-0.045,-0.046,-2.565,-9.473,-1.821,1549046267074
24,0.081,-0.027,-0.018,-2.333,-10.621,-1.468,1549046267094
24,-0.068,-0.031,0.006,-2.615,-10.411,-1.297,1549046267114
24,-0.007,-0.071,-0.014,-2.414,-10.158,-1.135,1549046267134
25,0.035,-0.084,-0.042,-2.457,-9.619,-1.846,1549046267155
25,0.128,-0.05,-0.004,-2.713,-10.252,-1.284,1549046267174
25,0.054,-0.033,0.021,-2.839,-10.016,-0.583,1549046267194
25,0.078,-0.086,0.003,-2.706,-9.41,-1.027,1549046267215
25,0.115,-0.135,-0.029,-2.331,-10.185,-1.757,1549046267235
25,0.078,-0.116,-0.012,-2.388,-9.42,-1.375,1549046267255
25,0.088,-0.059,-0.002,-2.213,-10.493,-1.047,1549046267275
25,-0.074,-0.069,-0.003,-2.261,-10.196,-0.667,1549046267295
25,0.0,-0.099,-0.07,-2.621,-9.504,-0.63,1549046267315
25,0.022,-0.116,-0.084,-2.787,-10.719,-0.829,1549046267334
26,0.025,-0.12,-0.073,-2.589,-9.422,-0.828,1549046267355
26,0.082,-0.159,-0.118,-2.428,-9.899,-1.121,1549046267375
26,-0.02,-0.117,-0.1,-2.259,-10.046,-0.885,1549046267395
26,0.023,-0.076,-0.096,-2.381,-9.629,-0.451,1549046267415
26,0.078,-0.078,-0.117,-2.412,-9.557,-1.29,1549046267435
26,0.056,-0.079,-0.116,-2.14,-9.745,-1.127,1549046267455
26,-0.059,-0.074,-0.114,-2.137,-10.181,-0.987,1549046267475
26,-0.08,-0.063,-0.164,-2.325,-9.922,-1.034,1549046267496
26,-0.058,-0.08,-0.193,-2.255,-9.325,-0.585,1549046267515
26,0.003,-0.108,-0.216,-2.58,-10.149,-1.148,1549046267535
26,0.045,-0.131,-0.229,-2.164,-9.526,-1.471,1549046267555
27,0.043,-0.135,-0.247,-1.894,-10.47,-0.752,1549046267575
27,-0.01,-0.103,-0.246,-2.513,-9.507,-0.384,1549046267595
27,0.086,-0.075,-0.252,-2.507,-9.734,-1.199,1549046267615
27,0.162,-0.085,-0.23,-2.14,-9.602,-0.458,1549046267635
27,0.004,-0.085,-0.179,-2.438,-10.211,-1.177,1549046267655
27,-0.139,-0.039,-0.148,-2.207,-10.499,-0.67,1549046267675
27,-0.075,-0.018,-0.131,-2.143,-9.897,-1.072,1549046267695
27,0.009,-0.002,-0.144,-2.18,-10.023,-1.248,1549046267716
27,-0.025,-0.014,-0.115,-2.046,-10.27,-0.755,1549046267735
27,-0.028,-0.027,-0.116,-2.035,-10.446,-0.83,1549046267755
27,-0.012,-0.038,-0.119,-1.948,-10.049,-0.924,1549046267775
27,0.003,-0.016,-0.106,-1.905,-10.553,-0.797,1549046267795
27,-0.018,0.02,-0.097,-1.911,-10.007,-0.971,1549046267816
27,0.047,0.019,-0.103,-2.01,-10.42,-0.535,1549046267836
28,0.006,0.014,-0.078,-1.706,-10.822,-0.455,1549046267855
28,0.031,-0.008,-0.069,-1.404,-10.46,-0.823,1549046267875
28,0.09,-0.014,-0.082,-1.337,-10.552,-0.856,1549046267895
28,0.116,-0.003,-0.074,-1.494,-10.916,-0.796,1549046267916
28,0.153,-0.016,-0.063,-1.21,-10.441,-0.683,1549046267935
28,0.13,-0.017,-0.093,-1.38,-10.392,-0.62,1549046267955
28,0.072,0.018,-0.082,-1.47,-10.312,-0.601,1549046267976
28,0.244,0.054,-0.077,-1.251,-10.45,-0.853,1549046267995
28,0.58,0.052,-0.115,-1.155,-11.098,-0.887,1549046268015
28,0.48,0.022,-0.067,-1.795,-10.561,-0.315,1549046268036
28,0.378,0.066,-0.092,-1.623,-10.805,-0.827,1549046268056
28,0.351,0.028,-0.113,-1.418,-9.608,-0.364,1549046268075
29,0.557,0.053,-0.085,-1.276,-9.679,-0.486,1549046268096
29,0.618,0.137,-0.064,-1.632,-10.239,-0.497,1549046268116
29,0.651,0.154,-0.08,-1.979,-10.358,-0.489,1549046268136
29,0.553,0.136,-0.146,-2.177,-10.504,0.767,1549046268155
29,0.639,0.102,-0.231,-2.162,-8.319,0.56,1549046268176
29,0.686,0.087,-0.258,-1.482,-8.737,-0.683,1549046268196
29,0.622,0.097,-0.222,-1.139,-9.854,-0.684,1549046268216
29,0.635,0.083,-0.226,-0.371,-9.596,0.727,1549046268236
29,0.443,0.03,-0.256,-0.28,-10.285,0.455,1549046268256
29,0.121,0.047,-0.229,-0.385,-10.737,1.098,1549046268276
30,0.176,0.106,-0.262,-1.042,-9.896,0.994,1549046268296
30,0.361,0.089,-0.344,-1.009,-10.427,0.686,1549046268316
30,-0.029,0.146,-0.218,-1.802,-11.223,0.122,1549046268336
30,0.07,0.15,-0.19,-1.366,-11.187,0.434,1549046268356
30,0.327,0.05,-0.242,-1.802,-10.829,0.717,1549046268376
30,0.81,-0.009,-0.294,-2.082,-8.55,1.231,1549046268396
30,0.751,-0.029,-0.274,-1.611,-10.417,1.303,1549046268416
30,0.121,0.072,-0.137,-1.676,-9.993,1.344,1549046268436
30,0.13,0.103,-0.167,-1.266,-9.989,1.694,1549046268456
30,0.102,0.06,-0.127,-1.247,-10.121,0.862,1549046268476
30,0.124,0.031,-0.149,-0.843,-9.809,0.827,1549046268496
30,0.035,0.027,-0.092,-0.995,-10.265,0.634,1549046268516
30,-0.333,0.03,-0.093,-0.882,-10.227,1.052,1549046268536
30,-0.4,0.056,-0.17,-0.828,-8.994,1.282,1549046268556
31,-0.143,0.028,-0.133,-1.031,-8.538,1.155,1549046268576
31,0.202,0.055,-0.082,-0.99,-9.057,1.419,1549046268596
31,0.268,0.09,-0.115,-0.671,-10.996,1.022,1549046268616
31,0.0,0.112,-0.085,-1.084,-11.117,0.834,1549046268636
31,0.175,0.102,-0.063,-1.067,-9.914,1.547,1549046268656
31,0.469,0.052,-0.076,-0.678,-9.483,0.868,1549046268676
31,0.242,0.078,0.004,-0.341,-9.425,0.997,1549046268696
31,-0.059,0.111,0.023,-0.271,-9.979,1.241,1549046268716
31,-0.118,0.127,-0.034,-0.496,-11.049,0.699,1549046268736
31,0.028,0.09,-0.063,-0.456,-10.181,1.63,1549046268756
31,0.192,0.026,-0.069,-0.704,-10.353,1.606,1549046268776
32,0.013,0.073,-0.068,-0.954,-10.339,1.372,1549046268795
32,0.093,0.086,-0.049,-0.869,-9.688,1.31,1549046268816
32,0.135,0.07,-0.023,-0.515,-9.701,1.034,1549046268836
32,0.057,0.041,-0.011,-0.454,-10.248,0.823,1549046268856
32,-0.074,-0.003,-0.027,-0.458,-10.403,1.45,1549046268876
32,-0.067,-0.001,-0.025,-0.636,-10.168,1.499,1549046268896
32,0.016,0.035,-0.019,-0.728,-10.16,1.366,1549046268916
32,0.053,0.04,-0.015,-0.959,-9.714,1.53,1549046268937
32,0.025,0.049,-0.008,-0.723,-9.707,1.296,1549046268957
32,0.01,0.071,0.013,-0.665,-10.068,0.877,1549046268976
32,0.041,0.079,0.005,-0.703,-10.026,1.144,1549046268996
32,0.043,0.048,-0.012,-0.691,-9.848,1.311,1549046269017
32,-0.046,0.028,-0.025,-0.687,-10.231,1.105,1549046269036
32,-0.026,0.033,-0.023,-0.327,-10.203,1.429,1549046269057
33,0.008,0.025,-0.009,-0.478,-9.964,1.506,1549046269077
33,0.029,0.064,-0.013,-0.684,-9.933,1.069,1549046269097
33,-0.009,0.062,-0.01,-0.715,-10.579,0.866,1549046269116
33,-0.125,0.039,0.0,-0.776,-10.365,1.476,1549046269136
33,-0.133,-0.006,-0.01,-0.875,-10.105,1.438,1549046269157
33,-0.136,-0.016,-0.018,-0.955,-9.813,1.418,1549046269177
33,0.014,-0.026,-0.002,-0.722,-9.961,1.467,1549046269197
33,0.053,-0.021,-0.01,-0.648,-9.999,1.411,1549046269217
33,-0.049,-0.015,-0.003,-0.637,-10.379,1.243,1549046269236
33,-0.298,-0.038,0.019,-1.018,-9.804,0.448,1549046269257
33,-0.432,-0.042,0.028,-1.112,-10.295,1.36,1549046269276
33,-0.687,0.0,0.081,-1.312,-10.762,0.559,1549046269296
33,-0.693,-0.012,0.072,-1.243,-10.047,1.257,1549046269316
34,-0.551,-0.058,0.021,-1.194,-10.048,1.108,1549046269337
34,-0.613,-0.059,0.008,-1.186,-9.654,0.845,1549046269356
34,-0.612,-0.058,-0.044,-0.951,-9.559,0.329,1549046269377
34,-0.858,-0.066,-0.063,-0.738,-10.359,0.478,1549046269397
34,-0.943,-0.071,0.0,-0.723,-9.841,0.339,1549046269417
34,-0.971,-0.117,-0.073,-0.923,-10.143,-0.771,1549046269437
34,-0.979,-0.124,-0.044,-0.884,-10.196,-0.758,1549046269457
34,-0.628,-0.109,0.041,-0.493,-10.586,-0.234,1549046269477
34,-0.395,-0.077,0.025,-0.285,-10.692,-0.649,1549046269496
34,-0.17,-0.112,0.001,-0.965,-9.363,-2.577,1549046269516
34,-0.266,-0.206,-0.045,0.02,-10.308,-0.574,1549046269537
35,-0.456,-0.149,0.158,0.661,-11.431,-1.427,1549046269557
35,0.106,0.007,0.155,-0.58,-10.378,-0.079,1549046269577
35,0.915,0.21,0.063,-0.607,-9.411,-0.708,1549046269597
35,0.156,0.027,0.189,-1.067,-9.335,-1.1,1549046269617
35,-0.655,-0.025,0.288,-1.349,-9.582,-1.005,1549046269636
35,-0.739,-0.038,0.173,-1.291,-11.061,-0.213,1549046269656
35,-0.373,0.023,0.192,-0.998,-10.162,-0.501,1549046269677
35,-0.073,0.001,0.124,-0.668,-10.592,-1.866,1549046269697
35,-0.251,-0.032,0.121,-0.027,-10.873,-1.327,1549046269717
35,-0.347,0.001,0.141,0.226,-11.638,-0.266,1549046269737
35,-0.488,0.023,0.109,-0.85,-11.267,0.102,1549046269757
35,-0.392,0.016,0.066,-1.745,-10.46,-0.962,1549046269777
36,0.025,-0.032,0.05,-1.361,-10.817,-0.721,1549046269796
36,0.193,0.007,0.127,-0.872,-11.453,-1.133,1549046269816
36,0.015,-0.021,0.194,-1.009,-10.936,-1.33,1549046269836
36,-0.23,-0.048,0.204,-1.595,-10.674,-1.305,1549046269856
36,-0.181,-0.047,0.18,-1.631,-10.385,-1.262,1549046269877
36,-0.066,-0.073,0.199,-1.542,-10.756,-0.373,1549046269897
36,-0.037,-0.103,0.215,-1.36,-12.17,-0.792,1549046269917
36,-0.008,-0.088,0.253,-1.449,-10.899,-1.379,1549046269937
36,0.27,-0.109,0.244,-1.601,-10.345,-1.078,1549046269957
36,0.093,-0.144,0.23,-2.011,-10.411,-1.009,1549046269977
36,-0.098,-0.141,0.221,-2.424,-9.389,-0.959,1549046269997
36,0.089,-0.167,0.236,-1.25,-11.228,-0.798,1549046270017
36,0.077,-0.129,0.362,-1.735,-10.921,-1.221,1549046270037
36,0.148,-0.08,0.355,-2.218,-10.046,-0.898,1549046270057
37,0.068,-0.114,0.347,-2.279,-10.483,-1.15,1549046270077
37,-0.055,-0.182,0.339,-2.246,-9.804,-1.381,1549046270097
37,0.027,-0.233,0.342,-2.259,-10.276,-0.835,1549046270117
37,0.043,-0.218,0.34,-2.433,-10.467,-1.14,1549046270137
37,0.102,-0.216,0.339,-2.287,-9.62,-1.192,1549046270158
37,0.222,-0.22,0.354,-1.962,-10.17,-1.146,1549046270177
37,0.104,-0.191,0.351,-2.148,-10.053,-1.159,1549046270197
37,-0.019,-0.147,0.313,-2.644,-9.566,-0.836,1549046270217
37,-0.116,-0.176,0.355,-2.249,-9.982,-1.599,1549046270238
37,-0.233,-0.204,0.382,-2.271,-9.614,-1.524,1549046270258
37,-0.211,-0.209,0.373,-2.587,-9.909,-0.985,1549046270277
37,-0.349,-0.166,0.331,-2.455,-9.959,-1.342,1549046270297
37,-0.346,-0.203,0.339,-2.753,-9.461,-1.616,1549046270317
37,-0.191,-0.235,0.362,-2.846,-9.394,-1.872,1549046270337
38,-0.09,-0.286,0.392,-2.6,-9.647,-1.41,1549046270357
38,-0.211,-0.267,0.381,-2.671,-9.993,-1.148,1549046270377
38,-0.457,-0.25,0.35,-2.857,-9.976,-0.749,1549046270398
38,-0.395,-0.258,0.394,-3.344,-8.243,-1.5,1549046270418
38,-0.187,-0.31,0.459,-3.174,-9.0,-1.724,1549046270438
38,-0.212,-0.255,0.455,-3.016,-9.25,-1.812,1549046270458
38,-0.348,-0.221,0.4,-3.289,-9.195,-1.678,1549046270478
38,-0.519,-0.237,0.37,-3.344,-9.052,-2.18,1549046270498
38,-0.506,-0.278,0.352,-3.739,-7.632,-2.197,1549046270517
38,-0.346,-0.269,0.365,-3.676,-8.56,-1.838,1549046270537
38,-0.551,-0.292,0.343,-3.889,-9.799,-1.836,1549046270558
38,-0.685,-0.314,0.334,-3.55,-8.571,-2.333,1549046270577
39,-0.706,-0.368,0.275,-3.309,-9.733,-3.23,1549046270598
39,-0.677,-0.388,0.271,-3.745,-8.29,-2.059,1549046270617
39,-0.364,-0.347,0.321,-3.531,-9.236,-2.676,1549046270637
39,-0.356,-0.364,0.325,-4.09,-8.791,-2.399,1549046270658
39,-0.215,-0.291,0.35,-3.936,-8.03,-2.566,1549046270678
39,-0.334,-0.299,0.359,-3.927,-8.593,-2.298,1549046270698
39,-0.518,-0.324,0.362,-3.916,-9.027,-2.041,1549046270718
39,-0.665,-0.339,0.353,-3.591,-9.39,-2.767,1549046270738
39,-0.503,-0.246,0.329,-3.732,-7.955,-2.76,1549046270758
39,-0.295,-0.153,0.342,-4.398,-8.063,-2.31,1549046270778
40,-0.436,-0.158,0.326,-3.884,-8.777,-2.373,1549046270798
40,-0.596,-0.245,0.307,-3.654,-9.257,-2.598,1549046270817
40,-0.406,-0.207,0.304,-3.75,-8.475,-3.05,1549046270838
40,-0.409,-0.14,0.272,-3.942,-9.176,-4.078,1549046270858
40,-0.389,-0.059,0.277,-4.115,-9.425,-2.593,1549046270878
40,-0.222,-0.024,0.28,-4.553,-7.838,-2.535,1549046270898
40,-0.338,-0.052,0.245,-4.273,-9.864,-3.395,1549046270918
40,-0.245,-0.048,0.241,-4.68,-8.139,-3.794,1549046270938
40,-0.18,-0.002,0.279,-4.684,-8.801,-3.321,1549046270958
40,-0.113,0.03,0.302,-4.676,-9.001,-3.101,1549046270978
40,-0.069,0.089,0.333,-4.933,-8.137,-3.065,1549046270998
41,-0.037,0.133,0.383,-4.553,-8.539,-3.337,1549046271018
41,0.021,0.202,0.376,-5.073,-8.43,-3.608,1549046271038
41,0.065,0.257,0.369,-5.359,-8.347,-2.862,1549046271058
41,0.041,0.236,0.327,-5.404,-8.096,-2.921,1549046271078
41,-0.016,0.147,0.24,-4.766,-8.559,-4.661,1549046271098
41,0.095,0.116,0.194,-5.417,-7.825,-2.629,1549046271118
41,0.218,0.22,0.198,-4.906,-9.113,-2.81,1549046271138
41,0.146,0.193,0.144,-5.446,-7.705,-2.899,1549046271158
41,0.214,0.228,0.151,-5.637,-6.893,-2.364,1549046271178
41,0.111,0.17,0.191,-5.61,-8.02,-2.616,1549046271198
41,0.043,0.111,0.194,-6.01,-8.015,-2.369,1549046271218
42,0.068,0.126,0.209,-5.818,-8.514,-2.443,1549046271238
42,0.074,0.094,0.151,-5.773,-8.19,-2.089,1549046271258
42,0.08,0.081,0.132,-5.907,-8.546,-2.182,1549046271278
42,-0.013,0.027,0.121,-6.035,-8.356,-1.984,1549046271298
42,0.068,-0.016,0.098,-5.818,-8.313,-2.677,1549046271318
42,0.109,-0.041,0.059,-5.825,-8.459,-3.368,1549046271339
42,0.047,-0.067,0.041,-5.231,-9.135,-3.323,1549046271359
42,-0.087,-0.129,0.009,-6.103,-8.084,-1.573,1549046271378
42,-0.025,-0.168,0.031,-5.238,-8.781,-2.655,1549046271398
42,0.037,-0.268,0.012,-5.941,-7.26,-2.114,1549046271418
43,0.214,-0.256,0.108,-5.441,-8.236,-2.494,1549046271438
43,0.112,-0.309,0.115,-5.463,-7.928,-2.101,1549046271458
43,0.112,-0.316,0.118,-5.33,-8.055,-1.575,1549046271479
43,0.096,-0.319,0.12,-5.241,-8.224,-1.51,1549046271498
43,-0.008,-0.302,0.133,-5.211,-7.971,-2.126,1549046271518
43,0.012,-0.294,0.15,-5.218,-8.771,-2.579,1549046271538
43,0.083,-0.247,0.169,-5.203,-8.416,-2.614,1549046271558
43,0.194,-0.227,0.165,-5.618,-7.999,-1.239,1549046271578
43,0.295,-0.229,0.16,-5.509,-8.309,-2.023,1549046271598
43,0.182,-0.308,0.104,-5.892,-7.755,-1.959,1549046271619
43,0.237,-0.24,0.137,-6.087,-7.776,-2.531,1549046271639
44,0.123,-0.224,0.112,-6.361,-7.738,-1.916,1549046271658
44,0.294,-0.186,0.127,-6.037,-8.388,-0.923,1549046271679
44,0.328,-0.225,0.104,-6.156,-7.681,-1.449,1549046271699
44,0.218,-0.255,0.117,-6.037,-7.875,-2.234,1549046271719
44,0.144,-0.226,0.148,-6.219,-7.786,-2.557,1549046271739
44,0.109,-0.191,0.184,-6.285,-8.51,-1.387,1549046271758
44,0.204,-0.167,0.229,-6.485,-8.456,-0.728,1549046271779
44,0.241,-0.127,0.251,-6.473,-7.688,-1.023,1549046271799
44,0.264,-0.125,0.307,-6.408,-8.432,-1.452,1549046271819
44,0.25,-0.168,0.318,-6.593,-7.831,-1.349,1549046271839
44,0.268,-0.197,0.326,-6.204,-8.816,-0.774,1549046271859
44,0.071,-0.203,0.305,-6.081,-8.27,-0.804,1549046271879
44,0.222,-0.213,0.346,-6.069,-8.305,-1.085,1549046271899
44,0.243,-0.243,0.355,-6.164,-8.264,-0.884,1549046271918
45,0.374,-0.18,0.387,-6.537,-7.725,-0.902,1549046271938
45,0.392,-0.115,0.378,-6.527,-7.686,-1.248,1549046271959
45,0.248,-0.119,0.356,-6.388,-8.565,-0.739,1549046271979
45,0.246,-0.014,0.284,-5.974,-8.785,-0.41,1549046271999
45,0.219,0.075,0.171,-5.619,-8.854,-1.565,1549046272018
45,0.166,0.074,0.083,-6.31,-6.881,-0.815,1549046272039
45,0.203,0.048,0.075,-6.477,-8.353,-0.449,1549046272059
45,0.185,-0.03,0.103,-6.61,-7.579,-0.132,1549046272079
45,0.535,-0.038,0.157,-6.424,-8.24,-0.568,1549046272099
45,0.489,-0.055,0.123,-6.442,-8.465,-0.659,1549046272119
45,0.429,-0.039,0.087,-6.357,-8.236,-1.065,1549046272139
46,0.409,-0.054,0.048,-6.361,-8.096,-0.803,1549046272159
46,0.34,-0.066,0.016,-6.313,-8.62,0.123,1549046272180
46,0.408,-0.027,-0.045,-6.317,-8.777,0.608,1549046272199
46,0.486,-0.029,-0.099,-6.095,-8.075,0.409,1549046272219
46,0.708,-0.059,-0.162,-6.192,-7.582,0.308,1549046272239
46,0.674,-0.053,-0.207,-5.992,-8.699,0.243,1549046272259
46,0.438,0.027,-0.232,-6.103,-8.904,0.027,1549046272279
46,0.494,0.004,-0.208,-6.168,-7.999,0.083,1549046272299
46,0.661,-0.021,-0.162,-6.035,-7.802,0.434,1549046272319
46,0.658,0.055,-0.129,-5.83,-8.762,1.417,1549046272339
46,0.637,0.193,-0.127,-5.722,-8.445,0.546,1549046272360
47,0.679,0.142,-0.147,-5.941,-8.134,1.331,1549046272379
47,0.848,0.097,-0.156,-5.575,-8.087,0.189,1549046272400
47,0.791,0.146,-0.18,-5.974,-7.673,-0.348,1549046272419
47,0.553,0.242,-0.193,-5.643,-8.302,-0.488,1549046272439
47,0.599,0.254,-0.246,-6.078,-8.222,1.09,1549046272459
47,0.622,0.232,-0.302,-6.014,-7.805,1.557,1549046272479
47,0.603,0.157,-0.326,-6.369,-7.443,0.696,1549046272499
47,0.727,0.094,-0.316,-6.249,-7.312,0.528,1549046272519
47,0.809,0.103,-0.334,-5.634,-8.882,0.787,1549046272539
47,0.686,0.091,-0.375,-5.872,-8.152,1.428,1549046272559
48,0.6,0.072,-0.39,-5.096,-8.332,0.752,1549046272579
48,0.48,0.097,-0.432,-5.936,-6.274,0.756,1549046272600
48,0.415,0.189,-0.381,-5.8,-8.042,1.5,1549046272619
48,0.47,0.194,-0.342,-5.553,-7.692,1.322,1549046272640
48,0.619,0.145,-0.302,-4.78,-7.968,0.791,1549046272660
48,0.383,0.156,-0.287,-4.856,-8.854,1.587,1549046272679
48,0.345,0.211,-0.287,-4.666,-8.205,0.796,1549046272700
48,0.382,0.225,-0.273,-5.205,-7.998,2.813,1549046272719
48,0.372,0.233,-0.216,-4.611,-8.261,1.631,1549046272740
48,0.313,0.238,-0.239,-3.728,-9.584,0.383,1549046272759
48,0.146,0.297,-0.225,-3.798,-8.718,0.841,1549046272779
49,0.21,0.295,-0.162,-4.716,-8.706,2.268,1549046272799
49,0.234,0.197,-0.209,-4.783,-8.46,1.661,1549046272819
49,0.286,0.162,-0.172,-5.174,-8.036,2.07,1549046272840
49,0.154,0.166,-0.136,-4.517,-8.543,2.128,1549046272859
49,0.206,0.185,-0.139,-4.637,-8.227,2.205,1549046272879
49,0.294,0.195,-0.148,-5.369,-8.453,2.88,1549046272900
49,0.209,0.13,-0.148,-5.011,-8.321,1.318,1549046272920
49,0.366,0.081,-0.169,-5.122,-7.03,1.529,1549046272939
49,0.516,0.146,-0.171,-4.432,-8.539,1.765,1549046272959
49,0.328,0.122,-0.179,-4.541,-8.868,1.843,1549046272980
49,0.111,0.055,-0.196,-4.396,-8.483,1.237,1549046273000
50,0.182,-0.004,-0.19,-5.017,-7.617,1.466,1549046273020
50,0.344,0.04,-0.155,-5.205,-8.514,2.821,1549046273040
50,0.237,0.011,-0.153,-4.149,-9.303,1.429,1549046273060
50,0.172,-0.064,-0.202,-4.353,-8.211,1.086,1549046273080
50,0.211,-0.02,-0.223,-4.91,-7.837,1.513,1549046273099
50,0.161,-0.02,-0.18,-5.178,-8.383,2.433,1549046273120
50,-0.015,-0.067,-0.18,-4.997,-8.477,2.367,1549046273139
50,-0.002,-0.067,-0.222,-4.703,-8.383,1.72,1549046273160
50,0.067,-0.047,-0.245,-4.973,-8.376,2.009,1549046273179
50,0.194,-0.058,-0.257,-5.011,-9.209,2.94,1549046273200
50,0.153,-0.125,-0.255,-4.88,-8.555,2.244,1549046273219
51,0.028,-0.166,-0.295,-4.983,-8.72,2.128,1549046273240
51,-0.05,-0.174,-0.352,-4.91,-9.2,2.247,1549046273260
51,0.003,-0.061,-0.277,-4.758,-9.021,1.715,1549046273279
51,0.211,0.026,-0.262,-5.277,-8.607,2.078,1549046273300
51,0.176,0.043,-0.243,-5.054,-8.677,2.258,1549046273320
51,0.144,0.037,-0.25,-4.627,-9.142,2.057,1549046273340
51,0.076,0.0,-0.233,-4.276,-9.129,1.72,1549046273359
51,0.181,-0.003,-0.233,-4.552,-9.063,1.963,1549046273380
51,0.101,-0.003,-0.249,-4.665,-9.423,2.072,1549046273400
51,0.039,0.014,-0.259,-4.278,-8.716,1.467,1549046273420
52,0.066,0.043,-0.23,-4.382,-9.05,2.06,1549046273440
52,0.016,0.074,-0.168,-4.503,-9.516,2.169,1549046273460
52,-0.009,0.064,-0.148,-4.177,-9.215,1.835,1549046273480
52,0.041,0.07,-0.136,-3.811,-9.342,1.888,1549046273500
52,-0.169,0.069,-0.145,-3.366,-10.014,1.369,1549046273520
52,-0.143,0.153,-0.15,-3.889,-9.538,1.934,1549046273539
52,-0.166,0.169,-0.162,-4.415,-8.94,1.753,1549046273560
52,-0.087,0.164,-0.139,-3.944,-9.61,2.391,1549046273581
52,0.0,0.195,-0.117,-3.298,-9.923,1.559,1549046273600
52,0.04,0.238,-0.14,-3.623,-9.469,1.65,1549046273620
52,-0.008,0.32,-0.147,-4.139,-9.647,2.426,1549046273640
53,-0.056,0.382,-0.154,-3.995,-9.089,1.889,1549046273660
53,0.095,0.456,-0.17,-4.16,-9.465,2.054,1549046273680
53,0.037,0.544,-0.2,-4.662,-8.751,1.914,1549046273700
53,0.212,0.579,-0.21,-4.447,-9.632,2.395,1549046273720
53,0.287,0.589,-0.236,-4.116,-9.45,1.955,1549046273740
53,0.439,0.603,-0.31,-4.342,-8.372,1.512,1549046273760
53,0.391,0.692,-0.326,-4.211,-8.638,0.451,1549046273780
53,0.41,0.744,-0.271,-4.567,-8.777,0.522,1549046273800
53,0.261,0.701,-0.248,-4.526,-9.535,1.968,1549046273820
53,0.277,0.643,-0.244,-4.44,-8.627,2.75,1549046273841
53,0.278,0.651,-0.264,-4.089,-9.271,1.891,1549046273861
53,0.175,0.687,-0.269,-4.824,-8.546,1.686,1549046273880
53,0.131,0.639,-0.257,-4.627,-8.378,1.485,1549046273901
53,0.021,0.542,-0.231,-4.053,-9.672,2.505,1549046273920
53,0.028,0.524,-0.218,-3.93,-9.771,1.836,1549046273940
54,-0.083,0.483,-0.233,-4.105,-9.211,1.825,1549046273961
54,0.112,0.494,-0.23,-4.399,-9.013,2.07,1549046273980
54,0.304,0.473,-0.243,-4.023,-9.407,2.007,1549046274001
54,0.316,0.442,-0.302,-4.077,-8.414,0.953,1549046274020
54,0.049,0.458,-0.347,-3.546,-9.332,0.736,1549046274040
54,-0.111,0.475,-0.311,-3.789,-9.151,1.346,1549046274060
54,0.209,0.495,-0.276,-4.02,-8.916,1.686,1549046274080
54,0.223,0.488,-0.31,-3.783,-9.175,1.538,1549046274100
54,0.018,0.462,-0.383,-3.684,-8.848,1.537,1549046274121
54,-0.076,0.445,-0.36,-4.166,-8.989,1.994,1549046274140
54,-0.099,0.413,-0.299,-3.622,-9.541,1.655,1549046274160
54,0.104,0.426,-0.299,-3.964,-9.092,2.116,1549046274180
54,0.222,0.456,-0.328,-3.296,-8.762,1.987,1549046274200
55,0.295,0.467,-0.393,-3.293,-8.445,2.219,1549046274220
55,0.299,0.428,-0.37,-2.714,-10.061,1.54,1549046274241
55,0.246,0.389,-0.357,-2.72,-9.162,1.926,1549046274260
55,0.234,0.373,-0.402,-2.581,-9.191,1.496,1549046274280
55,0.005,0.298,-0.428,-3.196,-8.731,1.466,1549046274301
55,-0.089,0.236,-0.378,-3.075,-9.426,1.7,1549046274320
55,-0.086,0.16,-0.292,-2.789,-10.528,2.448,1549046274341
55,-0.011,0.181,-0.236,-2.544,-10.093,2.125,1549046274361
55,0.192,0.213,-0.24,-2.905,-9.366,1.031,1549046274380
55,0.264,0.16,-0.211,-3.575,-9.356,1.882,1549046274401
55,0.201,0.088,-0.138,-3.344,-10.067,1.568,1549046274420
56,0.167,0.006,-0.133,-3.05,-10.341,1.662,1549046274441
56,0.115,0.035,-0.213,-3.288,-9.269,1.74,1549046274460
56,0.097,0.045,-0.277,-3.504,-8.679,1.269,1549046274481
56,0.089,0.062,-0.249,-3.333,-9.486,1.718,1549046274501
56,0.174,0.092,-0.215,-3.363,-9.703,1.555,1549046274520
56,0.101,0.052,-0.215,-2.94,-10.084,1.416,1549046274540
56,0.271,0.02,-0.213,-2.866,-9.551,2.064,1549046274560
56,0.358,-0.04,-0.219,-2.776,-9.265,1.661,1549046274581
56,0.284,-0.015,-0.195,-2.652,-10.126,1.279,1549046274601
56,0.224,0.077,-0.202,-2.727,-10.599,1.177,1549046274621
56,0.146,0.101,-0.261,-2.808,-9.991,1.873,1549046274641
57,-0.072,0.021,-0.285,-2.807,-9.623,2.025,1549046274660
57,0.022,-0.07,-0.183,-2.738,-9.941,1.841,1549046274680
57,0.273,-0.03,-0.124,-2.676,-9.854,1.854,1549046274701
57,0.266,0.055,-0.145,-2.467,-9.629,1.773,1549046274721
57,0.13,0.056,-0.222,-2.845,-9.396,1.92,1549046274741
57,-0.027,0.038,-0.279,-2.799,-9.627,1.806,1549046274761
57,0.06,0.058,-0.285,-2.811,-8.894,1.665,1549046274781
57,0.225,0.078,-0.297,-1.898,-10.364,1.901,1549046274801
57,0.193,0.112,-0.312,-1.736,-10.435,1.206,1549046274820
57,0.038,0.138,-0.388,-2.605,-9.225,1.525,1549046274841
57,-0.075,0.157,-0.378,-2.905,-8.932,2.05,1549046274861
57,0.002,0.097,-0.28,-2.338,-10.21,1.992,1549046274881
58,0.027,0.054,-0.2,-1.951,-10.129,1.994,1549046274901
58,0.099,0.105,-0.183,-2.089,-10.009,1.766,1549046274921
58,0.114,0.124,-0.2,-2.194,-8.913,2.203,1549046274941
58,-0.022,0.084,-0.222,-2.409,-8.703,2.756,1549046274961
58,-0.1,0.052,-0.16,-2.138,-9.939,2.719,1549046274981
58,-0.005,0.03,-0.093,-1.641,-10.799,2.212,1549046275001
58,0.081,-0.025,-0.104,-1.497,-10.098,2.336,1549046275021
58,0.165,-0.038,-0.115,-1.873,-9.191,2.167,1549046275041
58,0.237,-0.001,-0.084,-2.242,-8.988,2.577,1549046275061
58,0.156,-0.007,-0.057,-1.552,-10.578,1.737,1549046275081
59,-0.011,-0.017,-0.065,-1.674,-10.049,2.317,1549046275101
59,0.074,0.043,-0.116,-1.752,-9.335,2.356,1549046275121
59,0.104,0.033,-0.143,-2.011,-9.002,2.486,1549046275142
59,0.077,0.053,-0.129,-2.478,-8.654,2.081,1549046275162
59,0.041,0.046,-0.112,-1.801,-10.627,2.316,1549046275181
59,0.011,0.022,-0.154,-1.433,-10.315,1.964,1549046275202
59,0.012,0.0,-0.212,-1.852,-9.405,2.381,1549046275221
59,0.0,-0.017,-0.205,-2.304,-8.712,2.263,1549046275242
59,0.034,-0.063,-0.127,-1.998,-9.86,2.038,1549046275261
59,0.123,-0.072,-0.078,-1.569,-10.176,1.892,1549046275281
59,0.214,0.007,-0.168,-1.273,-10.264,2.198,1549046275301
60,-0.046,0.024,-0.295,-1.525,-9.228,2.569,1549046275321
60,-0.185,-0.013,-0.306,-1.313,-9.962,2.088,1549046275341
60,-0.072,-0.011,-0.236,-1.274,-10.036,1.782,1549046275362
60,0.152,0.076,-0.21,-1.189,-9.744,2.097,1549046275382
60,-0.002,0.079,-0.236,-1.129,-9.629,2.226,1549046275402
60,-0.259,0.029,-0.223,-1.136,-9.708,2.546,1549046275421
60,-0.234,0.005,-0.175,-1.182,-9.782,2.176,1549046275442
60,-0.045,-0.011,-0.116,-1.293,-9.773,2.405,1549046275462
60,-0.012,-0.019,-0.075,-1.044,-9.76,2.351,1549046275482
60,-0.04,-0.012,-0.087,-1.199,-9.619,1.982,1549046275502
61,-0.103,-0.001,-0.106,-1.647,-10.309,2.263,1549046275521
61,-0.024,0.034,-0.099,-1.622,-8.904,2.187,1549046275541
61,-0.125,0.01,-0.075,-1.017,-9.872,2.457,1549046275562
61,-0.03,0.037,0.04,-0.582,-10.439,2.455,1549046275581
61,0.095,0.035,0.06,-0.813,-10.427,2.333,1549046275602
61,0.074,0.036,0.004,-1.353,-9.622,2.429,1549046275622
61,0.083,0.019,-0.074,-1.566,-9.173,2.33,1549046275641
61,0.003,-0.023,-0.12,-1.141,-9.576,2.425,1549046275662
61,0.012,-0.015,-0.104,-0.91,-10.299,2.314,1549046275681
61,0.063,-0.043,-0.107,-0.904,-9.604,2.136,1549046275702
61,0.152,-0.07,-0.162,-0.823,-9.176,1.953,1549046275722
62,0.201,-0.03,-0.145,-0.937,-9.574,1.936,1549046275742
62,0.163,0.003,-0.107,-0.942,-9.508,2.304,1549046275761
62,-0.101,-0.011,-0.119,-0.987,-9.966,2.313,1549046275781
62,-0.255,-0.049,-0.145,-0.91,-9.678,2.078,1549046275802
62,-0.071,-0.085,-0.188,-0.68,-9.386,2.356,1549046275822
62,0.043,-0.093,-0.193,-1.065,-9.056,2.341,1549046275841
62,-0.093,-0.21,-0.137,-0.674,-10.437,1.882,1549046275862
62,-0.102,-0.343,-0.168,-0.638,-10.246,2.588,1549046275881
62,0.172,-0.364,-0.148,-0.679,-9.26,2.588,1549046275901
62,0.293,-0.418,-0.142,-0.993,-9.22,2.823,1549046275921
62,0.082,-0.592,-0.141,-0.515,-10.797,2.155,1549046275941
63,-0.087,-0.72,-0.182,-0.48,-9.34,2.009,1549046275961
63,0.044,-0.629,-0.167,-0.446,-9.791,2.443,1549046275981
63,-0.204,-0.626,-0.116,-0.569,-9.126,2.814,1549046276002
63,-0.435,-0.694,-0.087,-0.352,-10.692,2.386,1549046276021
63,-0.287,-0.785,-0.097,-1.053,-9.696,2.241,1549046276042
63,0.533,-0.63,-0.074,-0.847,-9.983,2.831,1549046276061
63,0.489,-0.589,-0.067,-0.347,-10.181,2.298,1549046276082
63,0.365,-0.596,-0.105,-0.408,-11.287,1.535,1549046276101
63,0.338,-0.531,-0.155,-0.586,-9.997,1.647,1549046276122
63,0.175,-0.38,-0.18,-0.533,-9.801,2.056,1549046276141
63,-0.172,-0.224,-0.199,-0.567,-9.854,2.388,1549046276162
64,-0.3,-0.141,-0.137,-0.108,-9.41,2.323,1549046276182
64,-0.272,-0.101,-0.071,0.308,-10.279,2.106,1549046276201
64,-0.208,-0.018,-0.004,0.206,-10.833,2.176,1549046276222
64,0.036,0.075,0.021,-0.087,-9.371,2.664,1549046276242
64,0.097,0.057,0.045,-0.04,-9.991,2.136,1549046276262
64,0.002,-0.064,0.078,-0.458,-10.508,2.485,1549046276282
64,0.072,-0.153,0.072,-0.819,-10.058,2.366,1549046276302
64,0.115,-0.196,-0.009,-0.149,-9.991,2.352,1549046276322
64,0.057,-0.189,-0.067,0.018,-10.012,2.812,1549046276342
64,-0.034,-0.177,0.003,0.352,-9.966,2.053,1549046276362
64,-0.016,-0.198,0.005,0.16,-9.765,2.314,1549046276382
64,-0.07,-0.158,0.009,-0.04,-9.842,2.558,1549046276402
64,-0.207,-0.09,-0.031,-0.159,-8.976,2.794,1549046276422
65,-0.223,0.02,-0.005,-0.484,-9.829,2.364,1549046276441
65,-0.096,0.115,0.098,-0.466,-9.603,2.391,1549046276462
65,0.159,0.181,0.07,0.037,-9.779,2.304,1549046276482
65,0.275,0.133,0.021,0.033,-10.223,1.793,1549046276502
65,0.247,0.0,0.041,0.001,-9.658,1.847,1549046276522
65,0.226,-0.039,0.027,-0.079,-9.307,2.158,1549046276543
65,0.135,0.038,0.024,-0.009,-9.68,2.379,1549046276562
65,0.085,0.146,0.03,-0.258,-10.021,2.764,1549046276582
65,0.075,0.16,0.003,-0.286,-10.143,3.093,1549046276602
65,-0.008,0.067,-0.042,-0.209,-9.596,2.775,1549046276622
65,-0.088,0.009,-0.058,-0.091,-9.586,2.318,1549046276643
66,-0.077,0.034,-0.021,0.06,-9.821,2.325,1549046276662
66,0.153,0.071,0.0,-0.015,-10.08,2.64,1549046276682
66,0.292,0.029,0.029,-0.258,-9.892,2.542,1549046276702
66,0.236,0.033,0.034,-0.388,-9.772,2.4,1549046276722
66,-0.055,0.067,0.041,-0.172,-10.109,2.546,1549046276743
66,-0.088,0.071,0.011,-0.172,-9.854,2.773,1549046276763
66,0.077,0.051,-0.013,-0.227,-9.515,2.611,1549046276783
66,0.086,0.048,-0.018,-0.233,-9.515,2.242,1549046276803
66,-0.103,0.062,0.013,-0.058,-9.895,2.569,1549046276822
66,-0.063,0.067,0.024,-0.248,-9.846,2.942,1549046276843
67,0.194,0.06,0.019,-0.327,-9.695,2.9,1549046276862
67,0.195,0.033,0.002,-0.402,-9.461,2.646,1549046276882
67,0.074,0.017,-0.006,-0.143,-9.686,2.567,1549046276903
67,0.019,0.02,-0.003,-0.311,-9.179,2.395,1549046276923
67,0.034,0.095,0.036,-0.115,-10.218,2.705,1549046276942
67,0.0,0.128,0.07,-0.004,-10.452,2.56,1549046276962
67,-0.102,0.068,-0.014,-0.212,-10.126,2.686,1549046276983
67,-0.052,0.011,-0.043,-0.125,-9.592,2.824,1549046277003
67,-0.041,-0.038,-0.051,-0.381,-9.101,2.888,1549046277022
67,-0.063,-0.035,-0.019,-0.178,-10.046,2.323,1549046277042
67,-0.001,0.003,-0.002,-0.137,-9.799,2.636,1549046277062
67,0.098,0.004,-0.017,-0.061,-9.967,2.68,1549046277083
67,0.158,-0.034,-0.013,-0.454,-9.348,2.695,1549046277103
68,0.162,-0.051,0.002,-0.35,-9.793,2.744,1549046277123
68,0.129,-0.017,0.026,-0.124,-9.764,2.567,1549046277142
68,0.037,0.006,0.003,-0.208,-9.626,2.79,1549046277162
68,-0.001,0.001,-0.02,-0.367,-9.507,2.607,1549046277183
68,0.02,-0.023,-0.008,-0.215,-9.803,2.7,1549046277203
68,0.081,-0.023,-0.005,-0.099,-9.785,2.755,1549046277223
68,0.128,-0.006,-0.029,-0.034,-9.759,2.917,1549046277242
68,0.13,-0.013,-0.026,-0.18,-9.748,2.775,1549046277263
68,0.16,-0.055,-0.032,-0.197,-9.805,2.967,1549046277283
68,0.163,-0.094,-0.03,-0.203,-9.452,2.951,1549046277302
69,0.086,-0.063,-0.025,-0.25,-9.604,2.696,1549046277322
69,0.045,-0.016,-0.003,-0.297,-9.565,2.737,1549046277343
69,0.111,0.01,0.006,-0.222,-9.771,2.888,1549046277363
69,0.105,0.012,0.006,-0.256,-9.786,2.762,1549046277383
69,0.041,0.016,-0.006,-0.299,-9.713,2.737,1549046277403
69,-0.032,0.009,-0.01,-0.183,-9.871,2.999,1549046277423
69,-0.09,-0.024,-0.016,-0.33,-9.582,3.137,1549046277443
69,-0.055,-0.043,-0.035,-0.536,-9.667,2.912,1549046277463
69,0.021,-0.038,-0.044,-0.397,-9.724,2.874,1549046277482
69,0.037,-0.011,-0.067,0.021,-9.439,2.629,1549046277503
70,-0.017,0.0,-0.087,-0.178,-9.432,2.726,1549046277523
70,-0.047,-0.007,-0.054,-0.203,-9.863,2.732,1549046277543
70,0.005,-0.011,-0.036,-0.114,-9.766,2.708,1549046277563
70,0.045,-0.013,-0.031,-0.083,-9.707,2.908,1549046277583
70,0.045,-0.003,-0.026,-0.141,-9.722,2.983,1549046277603
70,0.027,0.014,-0.02,-0.23,-9.682,2.837,1549046277623
70,-0.069,0.043,-0.011,-0.034,-9.723,2.764,1549046277643
70,-0.072,0.054,0.005,0.058,-9.522,2.731,1549046277663
70,-0.072,0.026,0.021,0.024,-9.801,2.893,1549046277683
70,-0.076,0.013,0.028,-0.078,-9.747,3.043,1549046277703
71,-0.058,0.022,0.017,-0.025,-9.822,2.655,1549046277723
71,-0.13,0.026,0.005,-0.221,-9.843,2.845,1549046277743
71,-0.153,0.019,0.0,-0.19,-9.369,3.049,1549046277762
71,-0.047,0.009,-0.015,-0.117,-9.329,2.833,1549046277782
71,0.054,-0.014,-0.007,-0.033,-9.964,2.692,1549046277803
71,0.059,-0.027,-0.005,-0.068,-9.714,2.62,1549046277823
71,-0.041,-0.04,-0.005,-0.11,-9.813,2.76,1549046277842
71,-0.073,-0.036,0.002,-0.187,-9.755,2.689,1549046277862
71,-0.033,-0.024,0.009,-0.127,-9.682,2.577,1549046277883
71,-0.061,-0.016,0.026,-0.199,-9.632,2.635,1549046277902
71,-0.091,-0.011,0.051,-0.11,-9.777,2.752,1549046277923
72,-0.027,-0.013,0.068,-0.158,-9.763,2.986,1549046277943
72,0.025,-0.024,0.082,-0.234,-9.803,2.806,1549046277963
72,-0.034,-0.05,0.087,-0.296,-9.552,2.696,1549046277982
72,-0.097,-0.073,0.121,-0.39,-9.49,2.749,1549046278002
72,-0.098,-0.072,0.152,-0.234,-9.86,2.68,1549046278023
72,-0.034,-0.046,0.157,-0.072,-9.901,2.556,1549046278043
72,0.006,-0.048,0.17,-0.099,-9.968,2.561,1549046278063
72,-0.052,-0.066,0.165,-0.31,-9.94,2.665,1549046278083
72,-0.038,-0.052,0.138,-0.66,-9.209,2.539,1549046278103
72,-0.083,-0.072,0.166,-0.718,-9.321,2.2,1549046278123
73,-0.223,-0.108,0.214,-0.636,-9.438,2.438,1549046278143
73,-0.183,-0.098,0.24,-0.631,-9.647,2.625,1549046278163
73,-0.066,-0.094,0.26,-0.387,-10.152,2.5,1549046278184
73,0.018,-0.056,0.261,-0.103,-9.629,2.607,1549046278203
73,0.06,-0.009,0.268,-0.354,-9.977,1.962,1549046278223
73,-0.149,0.006,0.251,-0.728,-9.989,2.175,1549046278243
73,-0.282,0.0,0.176,-0.696,-10.268,2.437,1549046278263
73,-0.302,-0.011,0.114,-0.774,-10.273,2.496,1549046278284
73,-0.098,0.046,0.083,-0.965,-9.933,2.917,1549046278304
73,0.106,0.059,0.042,-0.674,-10.227,3.2,1549046278324
73,0.052,0.087,0.005,-0.942,-10.051,2.857,1549046278344
74,-0.002,0.17,0.024,-0.824,-9.589,2.32,1549046278363
74,0.005,0.222,0.021,-0.797,-9.321,2.302,1549046278384
74,-0.087,0.196,-0.004,-0.75,-9.365,2.445,1549046278403
74,-0.09,0.153,0.004,-0.524,-9.658,3.213,1549046278424
74,0.137,0.102,-0.018,-0.235,-10.259,2.452,1549046278444
74,0.459,0.128,-0.045,-0.667,-10.339,1.812,1549046278464
74,0.615,0.207,-0.046,-1.318,-9.41,2.352,1549046278484
74,0.326,0.173,-0.034,-1.123,-9.173,2.794,1549046278504
74,-0.079,0.091,-0.058,-0.524,-9.671,3.013,1549046278523
74,-0.026,0.023,-0.09,-0.487,-9.993,2.668,1549046278544
74,0.141,0.11,-0.052,-0.88,-9.711,2.227,1549046278564
74,-0.001,0.107,0.024,-1.243,-9.279,2.449,1549046278584
74,-0.224,0.03,0.056,-1.05,-9.375,3.176,1549046278604
74,-0.297,-0.067,0.031,-0.493,-9.947,3.231,1549046278624
75,-0.114,-0.023,0.015,-0.969,-10.694,2.075,1549046278643
75,0.123,0.121,-0.02,-1.02,-10.266,1.901,1549046278664
75,0.215,0.139,-0.021,-0.976,-9.047,2.593,1549046278684
75,-0.043,0.091,0.039,-0.799,-8.932,2.959,1549046278703
75,-0.221,0.053,0.072,-0.699,-9.605,2.426,1549046278724
75,-0.041,0.109,0.095,-0.572,-9.924,2.118,1549046278744
75,0.279,0.155,0.075,-0.521,-9.943,2.454,1549046278764
75,0.214,0.116,0.062,-0.941,-9.815,2.988,1549046278784
75,-0.025,0.059,0.06,-0.901,-9.892,2.998,1549046278804
75,-0.043,0.013,0.049,-0.96,-9.746,2.53,1549046278824
75,0.138,0.034,0.048,-1.172,-9.513,2.417,1549046278844
75,0.226,0.038,0.051,-1.018,-9.64,2.905,1549046278864
75,0.072,-0.004,0.057,-0.997,-9.577,3.074,1549046278884
76,-0.124,0.0,0.096,-1.086,-9.664,2.627,1549046278904
76,-0.074,0.051,0.098,-1.112,-9.745,2.486,1549046278924
76,0.083,0.054,0.094,-1.036,-9.763,2.569,1549046278944
76,0.063,0.033,0.086,-1.144,-9.548,2.657,1549046278964
76,-0.028,0.027,0.093,-1.274,-9.829,2.439,1549046278984
76,0.011,0.024,0.092,-1.141,-9.511,2.779,1549046279004
76,0.086,0.023,0.082,-1.106,-9.852,2.777,1549046279024
76,0.054,0.007,0.057,-1.408,-9.739,2.667,1549046279044
76,0.0,-0.002,0.043,-1.178,-10.095,2.846,1549046279064
76,0.027,-0.041,0.026,-0.992,-9.604,3.103,1549046279084
77,0.062,-0.052,0.01,-0.947,-9.715,2.934,1549046279104
77,0.034,-0.05,0.003,-1.075,-9.567,2.658,1549046279124
77,0.074,0.0,0.008,-1.094,-9.42,2.432,1549046279144
77,0.052,0.032,0.021,-1.167,-9.36,2.5,1549046279164
77,0.0,0.071,0.028,-1.143,-9.588,2.581,1549046279184
77,-0.039,0.067,0.02,-1.501,-9.626,2.712,1549046279204
77,-0.161,0.053,0.047,-1.163,-9.902,2.74,1549046279224
77,-0.264,0.027,0.038,-1.087,-9.866,2.561,1549046279245
77,-0.187,0.039,0.054,-1.057,-9.629,2.626,1549046279264
77,-0.025,0.039,0.041,-1.128,-9.751,2.612,1549046279284
77,0.018,0.068,0.029,-1.061,-9.741,2.738,1549046279305
