pack,vx,vy,vz,ax,ay,az,time
1,0.456,-0.439,-0.028,-3.56,-9.535,-3.188,1549047752517
1,0.355,-0.382,0.076,-3.413,-7.724,-3.005,1549047752537
1,-0.297,-0.441,0.215,-4.282,-7.994,-2.992,1549047752557
1,-0.419,-0.634,0.099,-4.418,-8.821,-3.171,1549047752577
1,-0.329,-0.699,0.068,-3.662,-9.401,-2.636,1549047752597
1,-0.405,-0.71,0.102,-3.633,-9.629,-2.799,1549047752617
1,-0.554,-0.792,0.266,-3.127,-9.94,-3.426,1549047752637
1,-0.604,-0.681,0.326,-2.93,-8.368,-3.433,1549047752657
1,-0.859,-0.711,0.266,-3.443,-7.098,-3.315,1549047752678
1,-1.298,-0.797,0.296,-1.866,-9.655,-3.081,1549047752697
1,-1.099,-0.657,0.364,-1.98,-11.736,-4.128,1549047752717
2,-0.562,-0.459,0.482,-2.484,-10.4,-3.915,1549047752737
2,-0.508,-0.332,0.608,-2.916,-8.164,-3.05,1549047752757
2,-0.63,-0.371,0.487,-3.996,-7.933,-4.244,1549047752778
2,-0.599,-0.438,0.442,-3.917,-9.71,-3.957,1549047752797
2,-0.425,-0.337,0.449,-3.832,-9.727,-4.271,1549047752817
2,0.103,-0.128,0.569,-3.954,-9.108,-6.068,1549047752838
2,-0.035,0.051,0.7,-4.47,-5.772,-4.897,1549047752857
2,-1.075,-0.032,0.672,-5.374,-6.257,-3.916,1549047752877
2,-1.513,-0.18,0.581,-4.541,-10.37,-4.387,1549047752897
2,-0.78,-0.056,0.528,-4.292,-10.842,-4.223,1549047752917
2,-0.153,-0.019,0.497,-4.808,-9.194,-3.507,1549047752938
2,-0.173,-0.118,0.395,-4.686,-8.333,-4.058,1549047752957
2,-0.505,-0.154,0.339,-4.289,-8.0,-4.725,1549047752978
2,-0.74,-0.05,0.346,-4.417,-8.065,-4.621,1549047752997
2,-0.735,0.009,0.308,-4.852,-8.903,-4.154,1549047753017
2,-0.45,-0.01,0.312,-5.675,-8.619,-4.669,1549047753038
2,-0.334,-0.016,0.356,-5.042,-9.054,-4.77,1549047753058
2,-0.259,-0.07,0.304,-5.015,-9.084,-4.569,1549047753077
3,-0.306,-0.103,0.296,-4.841,-8.049,-4.658,1549047753098
3,-0.427,-0.136,0.263,-5.143,-7.733,-4.572,1549047753118
3,-0.442,-0.177,0.26,-5.399,-8.638,-5.06,1549047753138
3,-0.122,-0.116,0.327,-5.503,-8.607,-5.509,1549047753158
3,-0.175,-0.17,0.283,-5.441,-6.268,-4.465,1549047753178
3,-0.498,-0.266,0.258,-4.877,-8.094,-5.83,1549047753197
3,-0.473,-0.319,0.204,-5.736,-8.222,-5.346,1549047753218
3,-0.372,-0.408,0.203,-5.252,-7.461,-6.065,1549047753237
3,-0.383,-0.381,0.154,-5.147,-7.755,-5.393,1549047753258
3,-0.284,-0.379,0.208,-5.98,-7.189,-5.678,1549047753278
3,-0.294,-0.414,0.231,-5.532,-6.981,-5.701,1549047753298
3,-0.307,-0.386,0.232,-5.832,-6.875,-5.404,1549047753318
3,-0.389,-0.375,0.203,-5.931,-6.992,-4.997,1549047753338
3,-0.241,-0.339,0.216,-5.991,-7.198,-4.919,1549047753358
3,-0.163,-0.334,0.191,-5.992,-6.829,-4.602,1549047753378
4,-0.087,-0.268,0.246,-4.841,-8.049,-4.658,1549047753398
4,-0.119,-0.172,0.302,-5.656,-5.993,-5.23,1549047753418
4,-0.12,-0.076,0.296,-5.006,-6.246,-4.726,1549047753438
4,-0.183,-0.066,0.226,-5.553,-6.851,-4.623,1549047753458
4,-0.2,-0.066,0.161,-6.197,-5.928,-4.052,1549047753478
4,-0.009,-0.013,0.172,-5.956,-6.374,-4.103,1549047753498
4,-0.034,0.007,0.118,-5.997,-6.106,-4.669,1549047753518
4,-0.045,-0.002,0.084,-5.697,-6.317,-4.688,1549047753538
4,-0.141,-0.016,0.044,-5.712,-6.266,-4.83,1549047753558
4,-0.087,0.013,0.036,-5.591,-6.238,-5.041,1549047753578
4,0.024,0.037,0.013,-5.691,-6.369,-5.095,1549047753598
4,0.103,-0.002,-0.013,-5.585,-6.914,-4.745,1549047753619
4,0.142,-0.017,-0.003,-5.796,-6.775,-4.697,1549047753638
4,0.035,-0.018,-0.01,-5.66,-6.168,-5.174,1549047753658
5,0.02,-0.025,-0.021,-5.716,-6.232,-4.96,1549047753678
5,0.079,-0.046,-0.021,-5.798,-6.886,-4.797,1549047753698
5,0.057,-0.02,0.006,-5.885,-6.661,-4.839,1549047753718
5,-0.073,0.004,0.002,-5.851,-5.935,-5.144,1549047753738
5,-0.033,-0.015,-0.02,-6.07,-6.033,-4.819,1549047753758
5,0.074,-0.04,-0.034,-6.253,-6.81,-4.5,1549047753778
5,0.061,-0.037,-0.018,-6.276,-6.623,-4.565,1549047753798
5,-0.03,-0.031,-0.016,-6.144,-5.942,-4.84,1549047753818
5,-0.076,-0.024,-0.012,-5.957,-6.494,-4.971,1549047753838
5,-0.084,-0.013,-0.012,-6.08,-6.599,-4.753,1549047753858
5,-0.098,-0.023,0.011,-6.112,-6.645,-4.958,1549047753878
5,-0.11,-0.034,0.044,-6.174,-6.569,-5.046,1549047753898
6,-0.09,-0.054,0.053,-6.124,-6.67,-5.009,1549047753918
6,-0.064,-0.073,0.027,-6.216,-6.873,-4.955,1549047753938
6,-0.113,-0.057,0.064,-6.193,-6.719,-5.33,1549047753958
6,-0.225,-0.081,0.063,-6.226,-5.846,-5.467,1549047753978
6,-0.1,-0.095,0.055,-6.036,-7.017,-4.991,1549047753998
6,-0.123,-0.06,0.067,-6.112,-6.615,-4.96,1549047754018
6,-0.19,0.006,0.131,-5.869,-6.299,-4.998,1549047754038
6,-0.416,0.089,0.213,-6.016,-5.897,-5.493,1549047754058
6,-0.502,0.054,0.153,-5.95,-5.454,-5.735,1549047754078
6,-0.382,0.054,0.154,-6.253,-6.816,-5.194,1549047754098
6,-0.441,0.076,0.183,-6.58,-5.743,-5.195,1549047754118
6,-0.466,0.091,0.23,-6.282,-5.853,-5.489,1549047754138
6,-0.589,0.086,0.288,-6.625,-5.958,-6.262,1549047754158
7,-0.768,0.075,0.292,-6.214,-5.737,-7.062,1549047754178
7,-0.814,0.062,0.292,-6.168,-5.915,-6.778,1549047754198
7,-0.789,0.05,0.318,-6.661,-5.702,-6.594,1549047754218
7,-0.786,-0.002,0.33,-6.883,-5.475,-6.561,1549047754238
7,-0.781,-0.033,0.324,-6.895,-5.276,-6.557,1549047754259
7,-0.829,-0.039,0.281,-6.789,-4.68,-6.859,1549047754278
7,-0.663,-0.096,0.254,-6.818,-5.316,-6.46,1549047754298
7,-0.627,-0.139,0.238,-6.674,-5.026,-6.723,1549047754318
7,-0.708,-0.169,0.234,-6.598,-4.989,-6.018,1549047754338
7,-0.759,-0.143,0.191,-6.123,-4.677,-6.342,1549047754358
7,-0.647,-0.081,0.187,-5.661,-5.102,-6.263,1549047754378
7,-0.664,-0.01,0.176,-5.959,-4.824,-6.562,1549047754398
7,-0.559,-0.072,0.111,-6.156,-4.59,-6.317,1549047754419
7,-0.5,-0.062,0.078,-6.192,-4.984,-5.99,1549047754438
8,-0.468,0.037,0.106,-5.812,-4.478,-6.094,1549047754459
8,-0.38,0.075,0.107,-5.797,-4.457,-6.368,1549047754479
8,-0.241,0.06,0.071,-5.997,-4.621,-6.046,1549047754498
8,-0.2,0.054,0.026,-6.148,-4.379,-6.021,1549047754519
8,-0.122,0.085,-0.02,-5.937,-4.163,-6.061,1549047754539
8,-0.015,0.092,-0.077,-5.997,-4.133,-6.11,1549047754559
8,-0.057,0.077,-0.187,-6.222,-4.162,-6.275,1549047754578
8,-0.069,0.081,-0.261,-6.087,-3.841,-6.455,1549047754599
8,0.177,0.061,-0.293,-5.981,-3.978,-6.388,1549047754619
8,0.339,-0.025,-0.345,-6.272,-5.051,-6.074,1549047754639
8,0.248,0.005,-0.386,-6.22,-4.465,-6.676,1549047754659
8,0.123,0.08,-0.356,-6.018,-3.59,-7.796,1549047754679
8,0.079,0.073,-0.358,-6.294,-3.839,-7.641,1549047754699
8,0.179,0.044,-0.308,-6.293,-4.905,-7.026,1549047754719
8,0.107,0.054,-0.237,-6.381,-4.671,-6.854,1549047754739
9,0.0,0.065,-0.152,-6.361,-3.775,-7.264,1549047754759
9,0.016,0.003,-0.137,-6.607,-4.234,-6.767,1549047754779
9,0.081,-0.04,-0.133,-6.704,-4.704,-6.31,1549047754799
9,0.174,0.006,-0.085,-6.757,-4.833,-5.964,1549047754819
9,0.046,0.008,-0.112,-6.429,-4.359,-6.647,1549047754839
9,-0.026,0.026,-0.147,-6.414,-4.678,-6.446,1549047754860
9,-0.001,0.039,-0.183,-6.581,-4.748,-5.841,1549047754879
9,0.054,0.057,-0.195,-6.606,-5.123,-5.854,1549047754900
9,0.14,0.07,-0.215,-6.791,-4.758,-5.954,1549047754919
9,0.146,0.106,-0.256,-6.945,-4.698,-5.839,1549047754939
9,0.175,0.122,-0.27,-6.522,-5.414,-5.497,1549047754959
9,0.325,0.102,-0.281,-6.418,-5.81,-5.304,1549047754979
9,0.336,0.073,-0.292,-6.337,-5.816,-5.602,1549047755000
9,0.34,0.093,-0.272,-5.937,-5.871,-5.73,1549047755019
10,0.237,0.111,-0.294,-5.756,-5.597,-6.262,1549047755039
10,0.162,0.046,-0.338,-5.882,-5.71,-5.659,1549047755059
10,0.33,0.025,-0.333,-5.891,-6.313,-5.239,1549047755079
10,0.457,0.018,-0.322,-6.063,-6.156,-5.503,1549047755099
10,0.5,0.034,-0.336,-5.69,-6.391,-5.745,1549047755119
10,0.391,0.006,-0.37,-5.728,-6.329,-5.879,1549047755139
10,0.409,-0.029,-0.388,-5.782,-6.28,-5.716,1549047755159
10,0.498,-0.078,-0.399,-5.751,-6.426,-5.778,1549047755179
10,0.577,-0.076,-0.389,-6.105,-6.773,-5.449,1549047755200
10,0.475,-0.05,-0.358,-5.85,-6.109,-5.701,1549047755219
10,0.323,-0.09,-0.375,-5.83,-6.317,-5.77,1549047755239
10,0.284,-0.174,-0.403,-5.787,-6.566,-5.949,1549047755259
10,0.273,-0.22,-0.415,-5.81,-6.844,-5.508,1549047755279
10,0.231,-0.254,-0.402,-5.79,-6.891,-5.468,1549047755299
11,0.224,-0.225,-0.369,-6.242,-5.897,-5.464,1549047755319
11,0.296,-0.275,-0.324,-5.932,-6.824,-5.534,1549047755339
11,0.302,-0.316,-0.31,-6.098,-6.788,-5.194,1549047755359
11,0.25,-0.299,-0.277,-5.744,-6.786,-5.585,1549047755379
11,0.136,-0.282,-0.232,-5.824,-6.4,-5.637,1549047755399
11,0.05,-0.288,-0.215,-5.661,-6.367,-5.73,1549047755420
11,0.177,-0.614,-0.373,-5.656,-6.878,-5.139,1549047755440
11,-0.268,-0.375,-0.243,-8.458,-5.303,-7.567,1549047755459
11,-0.162,-0.283,-0.142,-4.908,-6.059,-5.098,1549047755479
11,-0.402,-0.164,-0.093,-5.898,-6.033,-5.111,1549047755499
11,0.126,-0.212,-0.038,-4.64,-9.253,-4.039,1549047755520
11,-0.007,-0.281,-0.082,-5.929,-6.71,-5.189,1549047755539
11,-0.132,-0.082,0.028,-6.204,-5.711,-6.318,1549047755559
12,0.021,0.027,0.092,-4.379,-7.592,-4.128,1549047755580
12,0.093,0.031,0.049,-4.539,-7.411,-3.436,1549047755599
12,0.312,-0.047,-0.026,-4.618,-7.613,-4.124,1549047755620
12,0.272,-0.112,-0.092,-5.649,-7.35,-4.794,1549047755639
12,0.056,-0.031,-0.128,-5.538,-5.643,-5.217,1549047755660
12,0.185,0.044,-0.116,-4.94,-7.454,-4.072,1549047755680
12,0.205,0.076,-0.105,-5.548,-7.032,-4.275,1549047755700
12,0.248,0.069,-0.113,-4.987,-7.389,-4.717,1549047755720
12,0.212,0.062,-0.13,-5.194,-7.581,-4.77,1549047755739
12,0.3,0.016,-0.184,-5.231,-7.32,-4.752,1549047755760
12,0.233,-0.018,-0.165,-5.749,-8.076,-5.053,1549047755779
12,0.104,0.013,-0.114,-5.491,-6.463,-5.598,1549047755800
12,-0.036,0.04,-0.083,-5.068,-7.632,-5.74,1549047755819
12,0.064,0.053,-0.041,-4.824,-7.476,-5.002,1549047755839
12,0.027,0.019,-0.013,-5.375,-7.592,-5.226,1549047755860
12,-0.004,-0.039,-0.005,-5.427,-7.723,-5.338,1549047755880
12,-0.202,-0.013,-0.005,-5.142,-7.87,-5.652,1549047755900
13,-0.219,0.056,0.034,-5.067,-7.414,-5.373,1549047755920
13,-0.215,0.089,0.051,-5.554,-6.719,-5.144,1549047755940
13,-0.247,0.087,0.066,-5.616,-7.177,-4.873,1549047755960
13,-0.273,0.081,0.056,-5.724,-6.98,-4.551,1549047755980
13,-0.253,0.033,-0.016,-5.512,-7.216,-4.623,1549047756000
13,-0.149,0.033,-0.055,-5.592,-7.681,-4.397,1549047756020
13,-0.064,0.116,-0.002,-5.417,-7.08,-4.677,1549047756040
13,-0.066,0.113,-0.006,-5.506,-6.498,-5.097,1549047756060
13,-0.081,0.06,-0.058,-5.5,-7.356,-4.958,1549047756080
13,-0.075,0.076,-0.075,-5.324,-7.379,-5.045,1549047756100
13,-0.146,0.085,-0.095,-5.117,-6.86,-5.293,1549047756120
13,-0.13,0.047,-0.125,-5.291,-7.432,-5.372,1549047756140
13,-0.005,0.05,-0.104,-5.298,-7.417,-5.468,1549047756160
13,-0.138,0.098,-0.065,-5.211,-6.925,-6.127,1549047756180
13,-0.159,0.07,-0.061,-5.262,-6.887,-5.784,1549047756200
13,-0.178,0.063,-0.056,-5.225,-7.412,-5.578,1549047756220
14,-0.284,0.064,-0.063,-5.296,-6.736,-5.73,1549047756240
14,-0.298,0.063,-0.066,-5.103,-7.137,-5.587,1549047756260
14,-0.208,0.11,-0.015,-5.365,-6.851,-5.641,1549047756280
14,-0.193,0.063,-0.01,-5.471,-6.768,-5.768,1549047756300
14,-0.153,0.018,-0.045,-5.416,-7.273,-4.995,1549047756320
14,-0.172,0.041,-0.072,-5.406,-6.817,-4.95,1549047756340
14,-0.173,0.122,-0.049,-5.194,-6.632,-5.511,1549047756360
14,-0.071,0.139,-0.032,-5.303,-6.41,-5.547,1549047756380
14,-0.016,0.103,-0.044,-5.387,-7.049,-5.457,1549047756400
14,-0.017,0.055,-0.076,-5.23,-7.295,-5.501,1549047756421
14,-0.006,0.043,-0.09,-5.133,-7.282,-5.483,1549047756441
14,-0.082,0.044,-0.101,-5.191,-6.974,-5.975,1549047756460
14,-0.054,0.037,-0.097,-4.985,-7.163,-6.154,1549047756481
14,-0.034,0.005,-0.117,-5.11,-7.192,-5.95,1549047756500
15,-0.043,-0.005,-0.123,-5.298,-7.264,-5.702,1549047756520
15,-0.071,0.044,-0.1,-5.078,-6.96,-6.093,1549047756540
15,-0.088,0.044,-0.092,-5.054,-6.675,-6.165,1549047756561
15,-0.074,0.008,-0.098,-5.333,-7.318,-5.717,1549047756580
15,-0.089,0.035,-0.078,-5.279,-7.074,-5.924,1549047756600
15,-0.101,0.059,-0.053,-4.995,-6.862,-6.165,1549047756620
15,-0.122,0.053,-0.022,-5.102,-6.993,-5.998,1549047756640
15,-0.141,0.01,-0.016,-5.212,-6.967,-5.985,1549047756660
15,-0.11,-0.022,-0.021,-4.99,-7.301,-6.003,1549047756680
15,-0.066,0.012,-0.021,-5.067,-7.075,-5.904,1549047756700
15,-0.081,0.044,-0.032,-4.97,-6.892,-6.024,1549047756720
15,-0.064,0.008,-0.065,-4.958,-6.867,-5.97,1549047756740
15,0.033,-0.034,-0.09,-5.074,-7.369,-5.699,1549047756760
15,0.032,-0.023,-0.091,-4.916,-6.907,-5.989,1549047756781
15,0.05,-0.021,-0.085,-5.047,-6.731,-5.887,1549047756800
15,0.048,-0.012,-0.056,-5.0,-7.0,-5.803,1549047756820
16,0.09,0.02,-0.031,-4.87,-6.981,-5.802,1549047756840
16,0.084,0.041,-0.024,-4.855,-6.68,-5.879,1549047756860
16,0.114,0.024,-0.018,-5.08,-6.823,-5.714,1549047756880
16,0.202,-0.046,-0.029,-5.073,-7.223,-5.621,1549047756900
16,0.238,-0.082,-0.051,-5.018,-7.286,-5.37,1549047756920
16,0.163,-0.096,-0.092,-5.005,-7.06,-5.793,1549047756941
16,0.185,-0.121,-0.119,-4.826,-7.024,-5.654,1549047756960
16,0.247,-0.094,-0.105,-4.946,-7.266,-5.474,1549047756981
16,0.265,-0.065,-0.101,-4.536,-7.013,-5.867,1549047757000
16,0.169,-0.072,-0.121,-4.534,-7.104,-5.845,1549047757021
16,0.205,-0.121,-0.158,-4.824,-7.325,-5.342,1549047757041
16,0.238,-0.116,-0.16,-5.016,-7.473,-5.301,1549047757061
16,0.25,-0.123,-0.16,-4.78,-7.175,-5.234,1549047757080
16,0.296,-0.123,-0.14,-5.24,-7.476,-5.257,1549047757101
16,0.283,-0.181,-0.185,-4.74,-7.101,-5.484,1549047757121
16,0.358,-0.225,-0.231,-5.022,-7.51,-4.736,1549047757141
16,0.322,-0.257,-0.286,-4.996,-7.123,-4.971,1549047757160
17,0.309,-0.204,-0.254,-4.849,-7.32,-4.98,1549047757181
17,0.158,-0.109,-0.191,-4.572,-6.701,-5.82,1549047757201
17,0.167,-0.123,-0.191,-4.627,-6.841,-5.566,1549047757220
17,0.205,-0.133,-0.193,-4.553,-7.937,-4.946,1549047757240
17,0.198,-0.095,-0.162,-4.747,-7.507,-5.082,1549047757260
17,0.254,-0.055,-0.137,-4.702,-7.513,-4.938,1549047757281
17,0.348,0.005,-0.09,-4.634,-7.902,-5.028,1549047757300
17,0.182,0.005,-0.088,-4.698,-7.48,-5.428,1549047757321
17,0.058,-0.005,-0.09,-4.484,-8.127,-5.173,1549047757341
17,0.06,-0.023,-0.123,-4.54,-7.811,-5.076,1549047757361
17,0.093,-0.019,-0.117,-4.645,-8.412,-5.161,1549047757381
17,0.022,0.005,-0.097,-4.438,-8.124,-5.345,1549047757401
17,0.06,-0.044,-0.109,-4.585,-7.903,-5.199,1549047757421
18,0.169,-0.097,-0.109,-4.67,-8.501,-4.745,1549047757441
18,0.053,-0.114,-0.107,-4.503,-8.388,-5.372,1549047757461
18,0.025,-0.081,-0.095,-4.42,-7.952,-5.257,1549047757482
18,-0.037,-0.03,-0.066,-4.427,-7.938,-5.284,1549047757501
18,-0.029,-0.005,-0.061,-4.464,-7.715,-5.454,1549047757521
18,0.006,-0.022,-0.048,-4.642,-8.158,-4.946,1549047757541
18,0.02,-0.021,-0.039,-4.552,-8.057,-4.841,1549047757561
18,0.03,-0.04,-0.028,-4.558,-8.126,-4.872,1549047757581
18,-0.05,-0.063,-0.042,-4.651,-7.725,-4.955,1549047757601
18,-0.041,-0.067,-0.042,-4.565,-8.401,-4.754,1549047757621
18,0.047,-0.042,-0.029,-4.54,-7.946,-4.669,1549047757641
18,0.04,0.003,-0.005,-4.415,-7.84,-5.114,1549047757661
18,-0.052,0.023,0.002,-4.321,-8.064,-5.078,1549047757681
19,-0.045,0.044,0.024,-4.28,-7.89,-4.953,1549047757701
19,0.017,0.067,0.026,-4.548,-8.32,-4.776,1549047757721
19,-0.084,0.02,0.032,-4.623,-7.642,-4.973,1549047757741
19,-0.01,-0.046,0.011,-4.816,-8.378,-4.575,1549047757761
19,0.014,-0.076,-0.011,-4.455,-8.57,-4.797,1549047757782
19,0.059,-0.048,0.007,-4.61,-8.031,-4.606,1549047757801
19,0.08,-0.004,0.013,-4.346,-8.013,-5.103,1549047757822
19,-0.032,0.003,0.012,-4.58,-7.266,-5.357,1549047757841
19,-0.028,-0.007,-0.044,-4.601,-7.83,-5.03,1549047757861
19,0.092,-0.008,-0.096,-4.447,-8.208,-4.451,1549047757882
19,0.223,0.018,-0.15,-4.505,-7.925,-4.512,1549047757902
19,0.113,-0.022,-0.178,-4.559,-7.569,-5.122,1549047757921
19,0.097,-0.127,-0.223,-4.774,-8.17,-4.569,1549047757942
20,0.344,-0.176,-0.302,-4.559,-8.754,-4.291,1549047757962
20,0.587,-0.152,-0.317,-4.183,-8.221,-4.467,1549047757981
20,0.142,-0.201,-0.309,-4.409,-7.598,-5.167,1549047758001
20,-0.026,-0.234,-0.38,-4.407,-8.355,-4.664,1549047758021
20,0.083,-0.265,-0.445,-4.557,-9.344,-3.655,1549047758041
20,0.303,-0.14,-0.298,-4.255,-8.768,-4.653,1549047758061
20,0.14,-0.127,-0.271,-4.198,-7.16,-5.229,1549047758081
20,0.007,-0.153,-0.323,-3.832,-8.245,-5.038,1549047758102
20,-0.099,-0.139,-0.402,-4.154,-9.156,-4.538,1549047758121
20,0.08,-0.097,-0.432,-4.288,-9.296,-3.689,1549047758141
20,0.332,-0.093,-0.417,-4.342,-8.603,-4.174,1549047758161
20,0.496,-0.124,-0.391,-4.348,-8.039,-4.442,1549047758182
20,0.364,-0.194,-0.425,-4.034,-8.683,-4.61,1549047758201
20,0.151,-0.158,-0.413,-3.686,-8.606,-4.35,1549047758222
21,0.589,-0.133,-0.334,-3.834,-9.932,-4.785,1549047758241
21,0.905,-0.169,-0.296,-3.756,-10.51,-4.875,1549047758261
21,0.798,-0.089,-0.245,-2.814,-8.913,-4.996,1549047758281
21,0.566,-0.305,-0.296,-3.728,-8.376,-4.741,1549047758302
21,0.325,-0.258,-0.307,-4.541,-7.254,-4.933,1549047758322
21,0.631,-0.089,-0.338,-4.03,-8.394,-3.035,1549047758342
21,0.595,-0.097,-0.277,-4.423,-9.385,-2.882,1549047758361
21,0.353,-0.088,-0.296,-4.253,-8.983,-2.548,1549047758381
21,0.478,0.014,-0.307,-3.41,-9.221,-3.133,1549047758401
21,0.712,-0.063,-0.361,-3.719,-8.914,-3.449,1549047758421
21,0.339,-0.029,-0.308,-3.451,-8.466,-2.89,1549047758442
21,0.09,0.001,-0.22,-3.464,-8.583,-2.914,1549047758462
21,0.136,-0.038,-0.213,-3.438,-9.159,-3.409,1549047758482
22,0.171,-0.045,-0.198,-2.945,-9.085,-2.825,1549047758501
22,0.054,-0.019,-0.152,-3.015,-9.164,-2.827,1549047758521
22,-0.086,0.0,-0.166,-2.752,-8.896,-2.821,1549047758541
22,-0.064,0.005,-0.186,-2.974,-8.958,-2.81,1549047758561
22,0.291,-0.024,-0.24,-3.026,-9.508,-2.838,1549047758582
22,0.458,-0.046,-0.317,-2.213,-9.51,-2.986,1549047758602
22,0.058,0.022,-0.188,-2.417,-8.441,-3.133,1549047758622
22,-0.297,0.009,-0.009,-3.32,-8.923,-3.517,1549047758642
22,-0.465,0.075,0.131,-3.619,-9.821,-2.798,1549047758661
22,-0.083,0.074,0.056,-3.502,-9.977,-2.606,1549047758682
22,0.114,0.107,0.037,-3.209,-10.365,-2.48,1549047758701
22,0.117,0.138,0.062,-3.038,-9.645,-2.036,1549047758722
23,0.02,0.075,0.075,-3.632,-9.466,-3.158,1549047758742
23,-0.014,0.079,0.056,-2.907,-9.129,-2.895,1549047758762
23,0.121,0.087,0.048,-2.825,-9.663,-3.026,1549047758782
23,0.056,0.072,0.056,-2.8,-9.934,-3.033,1549047758802
23,0.05,0.049,0.018,-3.122,-9.15,-2.826,1549047758822
23,0.046,0.036,0.023,-3.279,-9.25,-3.278,1549047758842
23,-0.054,0.021,0.006,-3.181,-8.852,-2.798,1549047758862
23,-0.114,0.051,0.007,-3.131,-9.138,-2.687,1549047758882
23,-0.052,0.052,-0.005,-3.053,-9.583,-2.467,1549047758903
23,0.038,0.047,-0.02,-3.183,-9.558,-2.87,1549047758922
23,-0.01,0.044,-0.049,-3.166,-8.989,-2.732,1549047758942
23,-0.003,0.053,-0.044,-3.137,-9.589,-2.904,1549047758962
23,0.023,0.067,-0.056,-3.003,-9.58,-2.739,1549047758982
24,-0.02,0.059,-0.061,-3.043,-9.386,-2.862,1549047759002
24,0.022,0.042,-0.068,-2.869,-9.504,-2.733,1549047759022
24,-0.005,0.041,-0.045,-2.927,-9.503,-2.863,1549047759043
24,-0.011,0.03,-0.046,-2.916,-8.987,-3.275,1549047759062
24,-0.039,0.03,-0.021,-2.934,-9.363,-3.088,1549047759083
24,0.067,0.028,-0.01,-2.999,-9.888,-2.501,1549047759103
24,0.056,0.025,0.0,-2.709,-9.958,-2.483,1549047759122
24,-0.049,0.021,-0.001,-2.852,-9.12,-2.875,1549047759142
24,-0.098,0.027,0.003,-3.088,-9.122,-3.261,1549047759162
24,0.009,0.03,0.001,-3.078,-9.594,-2.97,1549047759183
24,0.003,0.007,-0.013,-3.077,-9.694,-2.767,1549047759202
25,-0.046,0.0,-0.022,-2.926,-9.332,-2.752,1549047759223
25,-0.036,0.003,-0.014,-3.009,-9.386,-2.829,1549047759242
25,-0.04,-0.018,-0.01,-3.008,-9.454,-3.193,1549047759262
25,-0.03,-0.017,-0.011,-3.254,-9.257,-3.231,1549047759282
25,-0.096,-0.005,-0.003,-2.807,-9.617,-2.905,1549047759303
25,-0.066,0.014,0.006,-2.743,-9.457,-2.755,1549047759322
25,-0.108,-0.008,0.021,-3.099,-9.363,-3.245,1549047759342
25,-0.15,-0.003,0.04,-3.052,-9.031,-3.208,1549047759363
25,-0.163,0.017,0.048,-3.044,-8.937,-3.134,1549047759383
25,-0.082,0.012,0.037,-2.927,-9.727,-2.929,1549047759402
25,-0.014,0.031,0.043,-2.906,-10.046,-2.422,1549047759422
25,-0.049,0.022,0.071,-2.974,-9.97,-2.783,1549047759442
25,-0.301,-0.016,0.091,-3.027,-9.015,-3.073,1549047759462
25,-0.435,-0.018,0.11,-3.04,-8.973,-2.893,1549047759482
25,-0.143,-0.005,0.096,-3.254,-9.804,-2.989,1549047759503
25,-0.038,0.007,0.115,-3.151,-10.284,-3.232,1549047759522
26,-0.351,0.047,0.173,-2.809,-9.195,-3.062,1549047759543
26,-1.06,0.126,0.297,-2.828,-8.6,-3.981,1549047759562
26,-0.898,0.148,0.295,-3.066,-8.868,-3.916,1549047759583
26,-0.659,0.168,0.295,-3.669,-9.42,-3.908,1549047759603
26,-0.473,0.139,0.257,-3.76,-8.837,-4.328,1549047759623
26,-0.624,0.141,0.281,-3.971,-8.088,-3.877,1549047759643
26,-0.797,0.216,0.279,-3.516,-7.712,-3.384,1549047759662
26,-0.652,0.159,0.216,-3.754,-8.712,-3.681,1549047759682
26,-0.311,0.165,0.193,-3.466,-9.281,-4.199,1549047759703
26,-0.237,0.221,0.199,-2.475,-9.081,-4.257,1549047759723
26,-0.374,0.158,0.183,-2.843,-8.97,-4.303,1549047759742
26,-0.595,0.091,0.176,-3.175,-8.133,-4.681,1549047759762
26,-0.517,0.014,0.105,-3.506,-8.712,-5.383,1549047759782
26,-0.553,0.017,0.096,-3.328,-9.07,-5.086,1549047759802
26,-0.714,0.005,0.078,-3.49,-8.702,-4.675,1549047759823
26,-0.507,-0.023,0.045,-4.047,-9.123,-5.263,1549047759842
26,-0.479,-0.013,0.06,-3.658,-9.106,-4.14,1549047759863
27,-0.335,0.04,0.061,-3.542,-8.741,-4.765,1549047759882
27,-0.319,0.046,0.024,-3.471,-8.083,-4.915,1549047759902
27,-0.321,0.052,0.009,-3.597,-8.396,-5.057,1549047759923
27,-0.55,0.115,0.104,-3.604,-8.637,-5.27,1549047759943
27,-0.845,0.076,0.146,-3.833,-7.834,-5.368,1549047759963
27,-0.646,-0.036,0.08,-3.91,-7.546,-6.469,1549047759983
27,-0.794,-0.059,0.125,-3.836,-7.285,-6.043,1549047760003
27,-1.005,-0.073,0.19,-3.595,-5.497,-5.98,1549047760023
27,-0.873,-0.172,0.153,-3.858,-7.383,-7.355,1549047760043
27,-0.576,-0.088,0.071,-3.431,-10.411,-5.946,1549047760063
27,-0.215,0.029,0.09,-2.702,-10.499,-5.0,1549047760083
27,-0.064,-0.108,0.127,-3.811,-8.192,-6.368,1549047760103
27,-0.273,-0.188,0.158,-4.167,-7.515,-7.645,1549047760123
27,-0.426,-0.12,0.172,-3.498,-7.738,-6.842,1549047760143
27,-0.198,-0.216,0.188,-4.194,-9.058,-6.015,1549047760163
27,-0.198,-0.175,0.222,-4.174,-8.524,-6.484,1549047760183
27,-0.333,-0.153,0.246,-4.158,-7.514,-6.979,1549047760203
27,-0.282,-0.266,0.223,-4.518,-7.554,-6.893,1549047760223
27,-0.055,-0.259,0.19,-4.086,-8.435,-5.726,1549047760243
28,0.304,-0.381,0.207,-4.605,-9.353,-5.163,1549047760263
28,0.272,-0.342,0.265,-4.798,-8.117,-6.513,1549047760283
28,-0.079,-0.147,0.353,-4.309,-6.43,-7.063,1549047760303
28,-0.093,-0.371,0.338,-5.194,-6.498,-5.134,1549047760323
28,0.137,-0.342,0.336,-5.292,-8.57,-5.654,1549047760343
28,0.24,-0.336,0.34,-4.541,-8.91,-5.534,1549047760363
28,0.168,-0.314,0.389,-4.893,-6.566,-5.596,1549047760383
28,0.267,-0.326,0.425,-5.189,-7.542,-5.558,1549047760403
28,0.144,-0.28,0.427,-5.058,-7.677,-5.656,1549047760423
28,0.087,-0.206,0.449,-4.984,-7.018,-6.263,1549047760443
28,0.338,-0.271,0.476,-5.017,-7.964,-5.443,1549047760463
28,0.406,-0.326,0.483,-5.477,-7.269,-5.263,1549047760483
28,0.461,-0.243,0.531,-5.411,-7.182,-5.28,1549047760503
28,0.31,-0.107,0.567,-5.315,-7.313,-5.89,1549047760524
29,0.107,-0.165,0.515,-5.481,-6.487,-5.706,1549047760544
29,0.301,-0.226,0.546,-5.859,-7.261,-4.822,1549047760563
29,0.422,-0.211,0.547,-5.741,-7.062,-5.263,1549047760583
29,0.316,-0.139,0.559,-5.81,-6.221,-5.096,1549047760603
29,0.508,-0.119,0.619,-5.857,-7.435,-4.723,1549047760623
29,0.436,-0.172,0.55,-5.881,-6.897,-4.521,1549047760643
29,0.497,-0.141,0.529,-5.843,-6.542,-4.441,1549047760663
29,0.569,-0.08,0.545,-6.045,-6.892,-4.573,1549047760683
29,0.383,-0.012,0.497,-5.748,-6.38,-5.161,1549047760704
29,0.48,-0.109,0.524,-5.994,-7.064,-4.202,1549047760723
29,0.491,-0.166,0.483,-6.318,-6.353,-3.962,1549047760743
29,0.652,-0.071,0.554,-6.097,-6.516,-4.109,1549047760763
30,0.493,-0.005,0.535,-6.111,-6.148,-4.955,1549047760783
30,0.323,0.002,0.464,-6.036,-5.802,-4.304,1549047760804
30,0.423,-0.079,0.445,-6.268,-6.812,-3.657,1549047760823
30,0.59,-0.033,0.483,-6.43,-7.095,-3.712,1549047760844
30,0.448,0.001,0.445,-6.143,-6.091,-4.839,1549047760864
30,0.534,0.007,0.473,-6.31,-5.946,-4.095,1549047760884
30,0.595,-0.089,0.461,-6.532,-7.058,-3.668,1549047760904
30,0.571,-0.098,0.452,-6.581,-6.774,-3.718,1549047760924
30,0.489,0.009,0.485,-6.525,-5.903,-4.115,1549047760944
30,0.411,0.054,0.476,-6.485,-5.786,-4.403,1549047760963
30,0.526,0.028,0.48,-6.62,-6.561,-3.513,1549047760983
30,0.498,-0.05,0.413,-6.533,-6.582,-3.588,1549047761004
30,0.653,-0.033,0.445,-6.962,-6.736,-3.238,1549047761023
31,0.562,0.01,0.449,-6.442,-6.423,-4.115,1549047761043
31,0.396,-0.006,0.386,-6.567,-5.689,-4.153,1549047761063
31,0.521,-0.065,0.367,-6.873,-6.392,-3.452,1549047761083
31,0.62,-0.084,0.356,-6.815,-7.042,-3.343,1549047761103
31,0.469,-0.027,0.35,-6.702,-6.046,-3.725,1549047761124
31,0.495,0.029,0.391,-6.642,-5.458,-3.922,1549047761144
31,0.432,-0.017,0.334,-6.906,-6.154,-3.915,1549047761163
31,0.44,-0.041,0.318,-6.757,-6.805,-3.509,1549047761184
31,0.451,-0.022,0.312,-6.887,-6.078,-3.398,1549047761204
31,0.731,-0.291,0.402,-6.865,-5.777,-3.515,1549047761223
31,0.122,0.041,0.265,-6.744,-6.503,-7.026,1549047761244
31,-0.387,-0.054,0.143,-2.396,-4.284,-6.398,1549047761264
31,0.168,0.0,0.305,-9.765,-7.794,-1.691,1549047761283
31,0.108,0.007,0.3,-7.663,-5.048,-2.58,1549047761304
32,0.056,0.092,0.353,-6.608,-5.461,-3.968,1549047761324
32,-0.074,0.158,0.293,-6.65,-5.721,-3.955,1549047761344
32,0.002,0.099,0.245,-7.349,-5.5,-2.059,1549047761364
32,0.03,0.02,0.156,-6.989,-6.572,-2.247,1549047761384
32,0.181,0.068,0.19,-7.092,-6.053,-2.856,1549047761404
32,0.138,0.149,0.157,-7.367,-4.572,-3.401,1549047761424
32,0.186,0.162,0.173,-7.45,-5.83,-2.726,1549047761443
32,0.063,0.135,0.136,-7.251,-6.015,-2.8,1549047761464
32,-0.002,0.123,0.088,-7.22,-5.755,-2.99,1549047761483
32,0.184,0.154,0.119,-7.555,-5.887,-2.877,1549047761504
32,0.281,0.163,0.105,-7.591,-6.024,-2.823,1549047761524
32,0.343,0.251,0.138,-7.413,-6.199,-2.869,1549047761544
32,0.252,0.325,0.109,-7.376,-5.285,-3.071,1549047761564
32,0.299,0.381,0.119,-7.187,-5.271,-3.289,1549047761583
33,0.405,0.374,0.096,-7.568,-5.718,-2.729,1549047761604
33,0.415,0.428,0.057,-7.294,-5.778,-2.81,1549047761624
33,0.538,0.523,0.089,-6.883,-5.239,-2.931,1549047761644
33,0.55,0.5,0.056,-7.343,-5.649,-2.768,1549047761664
33,0.431,0.445,-0.022,-7.418,-5.42,-2.586,1549047761684
33,0.361,0.41,-0.115,-7.469,-5.554,-2.789,1549047761704
33,0.514,0.4,-0.14,-7.574,-5.758,-2.533,1549047761724
33,0.582,0.396,-0.167,-7.192,-6.3,-3.201,1549047761745
33,0.559,0.366,-0.178,-7.666,-5.292,-2.483,1549047761764
33,0.623,0.358,-0.186,-7.734,-6.236,-2.601,1549047761784
33,0.681,0.336,-0.179,-7.453,-5.604,-2.895,1549047761804
33,0.65,0.379,-0.139,-7.443,-6.368,-2.967,1549047761824
33,0.502,0.476,-0.11,-7.036,-5.741,-3.781,1549047761844
34,0.473,0.468,-0.133,-7.452,-6.269,-3.37,1549047761864
34,0.452,0.399,-0.176,-7.44,-6.853,-2.97,1549047761884
34,0.461,0.351,-0.204,-7.363,-6.748,-3.037,1549047761904
34,0.347,0.395,-0.154,-7.218,-6.775,-3.155,1549047761924
34,0.384,0.39,-0.133,-7.262,-6.278,-3.732,1549047761944
34,0.444,0.342,-0.123,-7.371,-6.148,-3.305,1549047761964
34,0.465,0.297,-0.134,-7.437,-6.93,-3.0,1549047761985
34,0.475,0.31,-0.113,-7.293,-6.92,-3.123,1549047762004
34,0.434,0.337,-0.087,-7.046,-6.563,-3.22,1549047762024
34,0.381,0.327,-0.091,-7.156,-6.73,-3.219,1549047762045
34,0.366,0.294,-0.059,-7.144,-6.749,-3.015,1549047762065
34,0.342,0.283,-0.073,-7.092,-6.763,-2.925,1549047762084
34,0.249,0.342,-0.059,-6.964,-7.077,-3.27,1549047762104
34,0.237,0.291,-0.091,-6.623,-6.736,-3.594,1549047762125
34,0.327,0.224,-0.102,-7.024,-7.46,-2.95,1549047762145
35,0.223,0.209,-0.135,-6.977,-7.269,-3.124,1549047762164
35,0.187,0.213,-0.11,-6.572,-7.186,-3.676,1549047762184
35,0.175,0.22,-0.069,-6.522,-7.058,-3.487,1549047762205
35,0.131,0.208,-0.074,-6.274,-7.028,-4.034,1549047762224
35,0.061,0.158,-0.103,-6.524,-7.079,-3.461,1549047762245
35,0.131,0.219,-0.08,-6.351,-7.405,-3.469,1549047762264
35,0.09,0.221,-0.06,-5.961,-6.7,-3.943,1549047762285
35,0.042,0.248,-0.077,-6.116,-7.03,-3.805,1549047762305
35,0.048,0.226,-0.114,-6.288,-7.143,-3.743,1549047762324
35,-0.021,0.25,-0.165,-6.319,-7.107,-3.349,1549047762345
35,-0.069,0.272,-0.192,-6.092,-6.814,-3.512,1549047762364
35,-0.071,0.283,-0.209,-6.186,-7.092,-3.505,1549047762385
35,-0.182,0.256,-0.24,-6.142,-6.462,-3.956,1549047762404
35,-0.233,0.174,-0.261,-6.422,-6.92,-3.715,1549047762424
35,-0.116,0.12,-0.287,-6.896,-7.485,-3.212,1549047762444
35,-0.102,0.15,-0.3,-6.487,-7.064,-3.344,1549047762465
35,-0.099,0.15,-0.323,-6.231,-6.897,-3.797,1549047762484
36,-0.122,0.062,-0.293,-6.5,-7.354,-3.657,1549047762505
36,-0.141,-0.011,-0.242,-6.717,-7.342,-3.592,1549047762525
36,0.084,-0.022,-0.21,-6.663,-7.494,-3.589,1549047762544
36,0.062,0.02,-0.208,-6.408,-7.521,-4.016,1549047762564
36,0.007,0.04,-0.247,-6.317,-7.54,-3.811,1549047762585
36,-0.071,0.069,-0.264,-6.231,-7.975,-4.118,1549047762604
36,-0.157,0.073,-0.243,-6.218,-7.513,-4.27,1549047762625
36,-0.117,0.001,-0.24,-6.228,-7.961,-4.169,1549047762644
36,0.006,-0.01,-0.202,-6.111,-7.513,-3.86,1549047762664
36,-0.05,0.014,-0.208,-6.163,-7.906,-4.321,1549047762685
36,-0.114,0.006,-0.226,-5.9,-7.739,-4.34,1549047762705
36,-0.164,0.0,-0.21,-5.771,-7.593,-4.442,1549047762725
36,-0.167,-0.047,-0.142,-5.956,-7.657,-4.34,1549047762745
37,-0.067,-0.077,-0.08,-6.281,-7.656,-3.914,1549047762765
37,0.018,-0.043,-0.048,-6.441,-7.554,-3.916,1549047762784
37,0.016,0.014,-0.036,-6.58,-7.473,-3.925,1549047762805
37,0.018,0.044,-0.035,-6.255,-7.524,-3.796,1549047762824
37,-0.095,0.085,-0.041,-6.11,-7.664,-3.821,1549047762844
37,-0.153,0.095,-0.042,-5.817,-7.138,-4.128,1549047762864
37,-0.108,0.061,-0.022,-6.05,-7.69,-3.483,1549047762884
37,-0.066,0.036,-0.012,-5.619,-7.621,-3.844,1549047762904
37,-0.064,0.048,-0.01,-5.473,-7.222,-4.159,1549047762925
37,-0.05,0.065,-0.024,-5.494,-7.607,-3.975,1549047762945
37,-0.06,0.055,-0.042,-5.249,-7.704,-4.244,1549047762965
37,0.028,0.005,-0.04,-5.48,-7.407,-3.928,1549047762985
37,-0.019,-0.002,-0.042,-5.635,-7.6,-3.668,1549047763005
37,-0.199,-0.001,-0.084,-5.432,-7.563,-4.233,1549047763025
37,-0.187,-0.029,-0.106,-5.353,-7.492,-4.207,1549047763045
37,-0.12,-0.013,-0.097,-5.392,-7.552,-4.041,1549047763065
37,-0.1,0.012,-0.1,-5.424,-7.586,-4.124,1549047763084
38,-0.059,0.017,-0.108,-5.412,-7.507,-4.039,1549047763105
38,-0.09,0.034,-0.102,-5.568,-7.375,-4.056,1549047763125
38,-0.161,0.032,-0.103,-5.549,-7.249,-4.291,1549047763144
38,-0.122,0.022,-0.115,-5.563,-7.335,-3.855,1549047763165
38,-0.138,0.048,-0.124,-5.637,-7.679,-3.9,1549047763185
38,-0.115,0.044,-0.128,-5.597,-7.51,-4.1,1549047763205
38,-0.154,0.006,-0.132,-5.552,-7.37,-3.95,1549047763225
38,-0.222,-0.026,-0.137,-5.625,-7.455,-4.19,1549047763245
38,-0.131,-0.042,-0.146,-5.557,-7.457,-4.231,1549047763265
38,0.013,-0.052,-0.158,-5.516,-7.525,-3.994,1549047763285
38,-0.016,-0.049,-0.174,-5.522,-7.583,-4.076,1549047763305
38,-0.045,-0.061,-0.186,-5.763,-7.755,-3.94,1549047763325
38,-0.044,-0.037,-0.173,-5.678,-7.713,-4.015,1549047763346
38,-0.035,-0.023,-0.145,-5.434,-7.568,-4.602,1549047763365
39,0.001,-0.038,-0.132,-5.328,-7.606,-4.329,1549047763385
39,0.026,-0.062,-0.132,-5.465,-8.156,-4.128,1549047763405
39,0.045,-0.087,-0.129,-5.446,-8.495,-4.277,1549047763425
39,0.068,-0.122,-0.14,-5.298,-8.061,-4.177,1549047763446
39,0.032,-0.167,-0.177,-5.342,-8.114,-4.228,1549047763465
39,0.036,-0.212,-0.184,-5.416,-8.04,-4.306,1549047763485
39,0.022,-0.208,-0.192,-5.418,-7.962,-4.028,1549047763505
39,0.021,-0.216,-0.216,-5.379,-7.504,-3.808,1549047763525
39,0.081,-0.314,-0.195,-5.567,-8.283,-4.041,1549047763545
39,0.141,-0.43,-0.203,-5.563,-8.353,-3.674,1549047763566
39,0.051,-0.494,-0.223,-5.196,-8.353,-3.405,1549047763585
39,0.021,-0.506,-0.254,-5.208,-8.297,-3.828,1549047763605
39,0.1,-0.589,-0.302,-4.983,-8.756,-3.881,1549047763625
39,0.118,-0.742,-0.344,-4.943,-8.464,-3.403,1549047763646
40,0.099,-0.822,-0.347,-5.211,-7.783,-3.159,1549047763665
40,0.255,-0.921,-0.29,-5.408,-8.216,-3.508,1549047763685
40,0.331,-1.074,-0.194,-5.893,-9.013,-2.861,1549047763706
40,0.501,-1.202,-0.248,-5.615,-8.832,-1.807,1549047763725
40,0.705,-1.235,-0.267,-5.44,-8.969,-3.351,1549047763746
40,1.177,-1.169,-0.355,-5.673,-8.276,-3.269,1549047763766
40,1.261,-1.096,-0.367,-5.648,-8.569,-2.676,1549047763786
40,1.046,-0.957,-0.342,-5.719,-8.062,-2.717,1549047763805
40,0.802,-0.76,-0.302,-5.834,-8.524,-3.352,1549047763825
40,0.649,-0.611,-0.271,-5.797,-8.781,-3.578,1549047763846
40,0.347,-0.414,-0.195,-5.721,-8.201,-2.744,1549047763865
40,0.156,-0.189,-0.129,-5.505,-7.771,-2.107,1549047763886
40,0.171,-0.036,-0.067,-5.018,-7.371,-2.292,1549047763905
40,0.179,0.089,-0.022,-5.313,-8.37,-2.189,1549047763926
41,0.171,0.153,-0.006,-5.305,-8.585,-1.737,1549047763945
41,0.253,0.18,0.0,-5.55,-8.408,-1.76,1549047763965
41,0.368,0.231,0.018,-5.143,-8.249,-1.79,1549047763985
41,0.347,0.163,0.076,-5.33,-8.684,-1.323,1549047764006
41,0.416,0.073,0.044,-5.175,-9.035,-1.179,1549047764025
41,0.428,0.078,0.039,-4.84,-9.283,-1.54,1549047764046
41,0.415,0.117,0.123,-5.192,-9.083,-1.011,1549047764066
41,0.464,0.041,0.114,-5.534,-8.606,-0.505,1549047764086
41,0.521,-0.056,0.053,-5.475,-8.395,-0.962,1549047764105
41,0.432,-0.036,0.059,-5.425,-9.077,-1.15,1549047764126
41,0.273,0.017,0.09,-5.196,-8.749,-1.003,1549047764146
41,0.142,0.032,0.067,-5.298,-8.274,-1.012,1549047764165
42,0.056,0.032,0.038,-5.231,-8.205,-1.352,1549047764186
42,0.103,0.032,0.044,-5.438,-8.902,-1.28,1549047764205
42,0.145,0.038,0.045,-5.199,-8.665,-0.851,1549047764225
42,0.09,0.031,0.039,-5.271,-8.177,-0.44,1549047764246
42,0.006,-0.018,0.018,-5.49,-8.604,-0.503,1549047764265
42,0.093,-0.025,0.018,-5.473,-8.787,-0.597,1549047764286
42,0.049,-0.012,0.016,-5.287,-8.556,-0.711,1549047764306
42,-0.113,-0.004,-0.008,-5.335,-8.226,-0.652,1549047764326
42,-0.033,-0.008,-0.01,-5.518,-8.583,-0.48,1549047764346
42,0.146,-0.018,-0.002,-5.58,-8.781,-0.229,1549047764365
42,0.105,-0.062,-0.006,-5.46,-8.447,-0.474,1549047764386
42,0.015,-0.06,0.01,-5.36,-8.594,-0.687,1549047764406
43,0.039,-0.052,0.015,-5.278,-8.776,-0.903,1549047764425
43,0.056,-0.083,-0.016,-5.1,-8.664,-0.88,1549047764445
43,-0.008,-0.059,-0.01,-5.291,-9.021,-0.714,1549047764466
43,-0.003,-0.012,0.01,-5.14,-8.563,-0.852,1549047764485
43,0.052,-0.002,0.01,-5.269,-8.287,-0.665,1549047764506
43,0.051,0.003,-0.008,-5.277,-8.769,-0.749,1549047764526
43,-0.033,0.011,-0.027,-5.383,-8.781,-0.491,1549047764545
43,-0.056,0.028,-0.019,-5.487,-8.528,-0.639,1549047764565
43,-0.049,0.012,-0.019,-5.437,-8.499,-0.709,1549047764585
43,-0.076,-0.017,-0.007,-5.312,-8.684,-0.964,1549047764606
43,-0.006,-0.03,-0.016,-5.294,-8.578,-0.56,1549047764626
43,0.052,-0.02,-0.009,-5.231,-8.844,-0.721,1549047764646
43,0.034,-0.01,-0.014,-5.343,-8.612,-0.542,1549047764665
43,0.009,-0.006,-0.015,-5.419,-8.62,-0.652,1549047764685
44,0.001,0.016,-0.012,-5.488,-8.578,-0.668,1549047764705
44,-0.012,0.02,-0.007,-5.385,-8.386,-0.891,1549047764726
44,-0.023,-0.008,0.003,-5.446,-8.738,-0.753,1549047764746
44,-0.012,-0.008,0.001,-5.293,-8.977,-0.38,1549047764766
44,-0.006,0.021,-0.002,-5.25,-8.702,-0.801,1549047764785
44,0.003,0.043,0.005,-5.193,-8.403,-1.017,1549047764805
44,-0.037,0.005,0.014,-5.4,-8.393,-0.764,1549047764826
44,-0.024,-0.003,0.0,-5.541,-8.674,-0.502,1549047764846
44,-0.01,0.01,0.002,-5.435,-9.033,-0.483,1549047764866
44,-0.004,0.001,-0.001,-5.329,-8.496,-0.839,1549047764885
44,0.103,-0.014,-0.008,-5.341,-8.307,-0.746,1549047764905
44,0.036,0.007,-0.016,-5.473,-8.896,-0.712,1549047764925
45,-0.094,0.029,-0.002,-5.281,-8.649,-0.918,1549047764946
45,-0.108,0.025,-0.008,-5.288,-8.434,-0.935,1549047764966
45,0.073,0.008,-0.005,-5.278,-8.608,-0.685,1549047764986
45,0.108,-0.02,0.001,-5.365,-8.862,-0.49,1549047765006
45,-0.033,-0.012,-0.004,-5.413,-8.61,-0.528,1549047765026
45,-0.088,0.009,-0.014,-5.279,-8.857,-0.961,1549047765046
45,-0.084,-0.026,-0.006,-5.229,-8.657,-0.778,1549047765067
45,0.028,-0.03,-0.001,-5.444,-8.533,-0.615,1549047765086
45,0.084,0.0,0.015,-5.343,-8.826,-0.676,1549047765106
45,0.019,0.009,0.017,-5.254,-8.563,-0.689,1549047765126
45,-0.026,0.006,0.001,-5.385,-8.496,-0.97,1549047765146
46,-0.071,0.0,0.0,-5.344,-8.704,-1.148,1549047765166
46,-0.124,0.001,0.001,-5.321,-8.701,-0.791,1549047765186
46,-0.098,0.0,0.013,-5.487,-8.774,-0.442,1549047765206
46,-0.051,-0.002,0.002,-5.392,-8.652,-0.46,1549047765226
46,-0.008,-0.004,-0.004,-5.322,-8.697,-0.718,1549047765247
46,-0.059,-0.015,-0.012,-5.402,-8.582,-0.876,1549047765266
46,-0.179,-0.031,-0.01,-5.455,-8.416,-0.86,1549047765286
46,-0.211,-0.04,-0.007,-5.43,-8.581,-0.756,1549047765307
46,-0.063,-0.045,-0.006,-5.441,-8.832,-0.716,1549047765327
46,-0.022,-0.049,-0.015,-5.308,-8.674,-0.745,1549047765347
46,-0.061,-0.052,-0.01,-5.372,-8.545,-0.864,1549047765367
46,-0.1,-0.032,0.0,-5.358,-8.669,-1.022,1549047765386
46,-0.105,-0.014,0.004,-5.304,-8.663,-1.071,1549047765406
47,-0.08,-0.016,0.002,-5.3,-8.659,-1.058,1549047765426
47,-0.06,-0.015,-0.019,-5.268,-8.628,-0.82,1549047765446
47,-0.037,0.02,-0.052,-5.244,-8.806,-0.896,1549047765466
47,-0.036,0.038,-0.058,-5.254,-8.86,-1.027,1549047765487
47,-0.026,0.073,-0.085,-5.221,-8.753,-0.911,1549047765507
47,-0.029,0.09,-0.116,-5.237,-8.785,-1.08,1549047765527
47,-0.149,0.098,-0.135,-5.29,-8.901,-1.252,1549047765547
47,-0.184,0.07,-0.151,-5.242,-8.722,-1.184,1549047765566
47,0.069,0.061,-0.177,-5.222,-8.774,-0.898,1549047765586
47,0.165,0.04,-0.199,-5.198,-8.959,-0.623,1549047765606
47,0.159,0.008,-0.238,-5.243,-8.478,-0.271,1549047765626
47,0.167,0.003,-0.273,-5.235,-8.584,-0.608,1549047765647
47,0.027,0.001,-0.293,-5.191,-8.629,-0.992,1549047765666
47,-0.067,0.0,-0.279,-5.172,-8.618,-1.105,1549047765686
47,0.092,0.01,-0.276,-5.091,-8.772,-1.143,1549047765706
48,0.129,0.017,-0.313,-4.948,-9.137,-0.898,1549047765726
48,0.054,0.054,-0.335,-4.85,-8.896,-0.858,1549047765746
48,-0.036,0.101,-0.371,-4.73,-9.091,-1.228,1549047765766
48,-0.126,0.106,-0.441,-4.662,-9.041,-1.312,1549047765787
48,-0.162,0.118,-0.506,-4.605,-9.263,-1.253,1549047765806
48,0.02,0.177,-0.508,-4.58,-9.358,-1.258,1549047765827
48,0.07,0.225,-0.498,-4.455,-9.773,-1.037,1549047765846
48,0.009,0.233,-0.485,-4.405,-9.413,-0.762,1549047765866
48,0.082,0.164,-0.502,-4.548,-9.26,-1.033,1549047765886
48,0.197,0.128,-0.43,-4.435,-9.267,-1.186,1549047765907
48,0.131,0.122,-0.439,-4.215,-9.117,-0.917,1549047765927
48,0.019,0.145,-0.496,-4.042,-8.922,-0.81,1549047765947
48,0.097,0.122,-0.475,-4.202,-9.053,-1.173,1549047765966
49,0.164,0.101,-0.444,-4.094,-9.357,-1.333,1549047765986
49,0.176,0.116,-0.438,-4.041,-9.591,-1.048,1549047766007
49,0.079,0.126,-0.438,-3.914,-9.388,-0.839,1549047766026
49,0.139,0.111,-0.425,-3.825,-9.07,-0.764,1549047766046
49,0.229,0.09,-0.44,-3.696,-9.563,-0.989,1549047766066
49,0.128,0.086,-0.44,-3.72,-9.488,-0.829,1549047766087
49,-0.018,0.121,-0.371,-3.583,-9.426,-0.872,1549047766107
49,0.062,0.127,-0.337,-3.523,-9.679,-0.874,1549047766127
49,0.197,0.115,-0.332,-3.508,-9.98,-1.098,1549047766147
49,0.163,0.083,-0.306,-3.515,-9.635,-0.836,1549047766167
49,0.148,0.072,-0.277,-3.351,-9.488,-0.645,1549047766186
49,0.198,0.094,-0.241,-3.108,-9.698,-0.887,1549047766206
49,0.153,0.11,-0.21,-2.938,-9.528,-0.792,1549047766227
50,0.166,0.069,-0.204,-3.157,-9.504,-0.597,1549047766247
50,0.24,0.088,-0.169,-3.106,-9.661,-0.826,1549047766267
50,0.213,0.116,-0.119,-2.909,-9.689,-1.04,1549047766287
50,0.177,0.115,-0.114,-2.94,-9.597,-0.855,1549047766307
50,0.127,0.085,-0.089,-2.975,-9.722,-0.758,1549047766326
50,0.114,0.088,-0.079,-3.071,-9.622,-0.536,1549047766347
50,0.116,0.112,-0.073,-3.122,-9.785,-0.59,1549047766367
50,0.123,0.128,-0.047,-3.058,-9.761,-0.766,1549047766387
50,0.097,0.139,-0.027,-3.04,-9.691,-0.739,1549047766407
50,0.034,0.127,-0.002,-3.009,-9.804,-0.566,1549047766427
50,-0.003,0.12,-0.004,-3.041,-9.634,-0.539,1549047766447
