pack,vx,vy,vz,ax,ay,az,time
1,-0.224,0.115,0.294,-1.037,-9.773,-3.7,1549046661158
1,-0.12,0.057,0.327,-1.356,-10.109,-3.187,1549046661179
1,0.017,0.066,0.33,-1.635,-10.631,-2.699,1549046661199
1,-0.238,0.03,0.26,-1.555,-10.386,-3.044,1549046661218
1,-0.402,-0.014,0.167,-1.374,-9.715,-3.656,1549046661238
1,-0.303,-0.038,0.115,-1.636,-9.123,-3.974,1549046661258
1,-0.059,-0.057,0.169,-2.037,-8.914,-3.816,1549046661278
1,-0.095,-0.034,0.195,-1.995,-9.882,-3.263,1549046661299
1,-0.315,-0.05,0.173,-1.775,-10.324,-3.303,1549046661318
1,-0.4,-0.021,0.2,-1.649,-9.641,-3.744,1549046661339
1,-0.387,-0.016,0.251,-1.874,-9.598,-3.538,1549046661359
1,-0.18,-0.038,0.281,-2.176,-9.494,-3.725,1549046661378
2,-0.073,-0.063,0.329,-2.11,-9.778,-3.701,1549046661399
2,-0.271,-0.11,0.338,-1.95,-10.292,-3.344,1549046661418
2,-0.376,-0.166,0.301,-1.875,-10.365,-3.427,1549046661438
2,-0.251,-0.166,0.285,-2.142,-9.713,-4.064,1549046661459
2,-0.067,-0.129,0.267,-2.268,-9.201,-3.674,1549046661478
2,-0.001,-0.09,0.255,-2.156,-9.767,-3.539,1549046661499
2,-0.145,-0.115,0.234,-2.474,-9.697,-3.183,1549046661519
2,-0.289,-0.139,0.232,-2.369,-9.552,-3.447,1549046661539
2,-0.317,-0.136,0.235,-2.361,-9.607,-3.419,1549046661559
2,-0.191,-0.158,0.241,-2.07,-9.926,-3.456,1549046661579
2,-0.145,-0.252,0.205,-2.386,-9.292,-3.586,1549046661600
2,-0.23,-0.282,0.181,-2.755,-9.229,-2.819,1549046661619
2,-0.371,-0.266,0.207,-2.799,-8.787,-3.647,1549046661639
2,-0.381,-0.27,0.24,-2.593,-8.97,-3.2,1549046661659
3,-0.273,-0.281,0.248,-2.732,-9.761,-3.106,1549046661679
3,-0.129,-0.338,0.235,-2.513,-8.728,-4.262,1549046661699
3,-0.09,-0.299,0.24,-2.959,-9.565,-3.584,1549046661720
3,-0.326,-0.235,0.209,-3.025,-10.005,-3.334,1549046661739
3,-0.321,-0.245,0.157,-2.886,-9.256,-3.8,1549046661759
3,-0.12,-0.276,0.118,-2.971,-8.729,-4.163,1549046661779
3,-0.158,-0.296,0.129,-3.359,-9.459,-3.736,1549046661799
3,-0.212,-0.306,0.141,-3.55,-9.69,-3.662,1549046661819
3,-0.147,-0.347,0.126,-3.378,-8.608,-4.046,1549046661839
3,-0.092,-0.382,0.111,-3.402,-8.808,-3.589,1549046661860
3,-0.13,-0.335,0.125,-3.54,-9.911,-4.027,1549046661879
3,-0.059,-0.255,0.161,-3.784,-9.529,-4.104,1549046661899
3,0.108,-0.317,0.128,-3.535,-9.823,-3.42,1549046661920
3,0.137,-0.471,0.043,-3.558,-8.728,-3.999,1549046661939
3,0.099,-0.481,0.019,-3.516,-8.153,-4.789,1549046661960
4,0.097,-0.364,0.067,-3.658,-9.335,-3.887,1549046661979
4,0.14,-0.333,0.116,-3.664,-9.815,-3.932,1549046662000
4,0.242,-0.353,0.127,-3.951,-9.365,-4.065,1549046662020
4,0.233,-0.348,0.125,-4.039,-8.693,-4.256,1549046662040
4,0.12,-0.349,0.117,-4.333,-8.026,-4.139,1549046662059
4,0.202,-0.306,0.185,-4.36,-9.146,-3.624,1549046662080
4,0.426,-0.306,0.2,-4.479,-8.904,-3.206,1549046662100
4,0.428,-0.276,0.191,-4.176,-8.902,-3.996,1549046662120
4,0.268,-0.199,0.17,-4.318,-8.057,-3.709,1549046662140
4,0.208,-0.055,0.215,-4.603,-8.86,-3.637,1549046662160
4,0.172,-0.037,0.225,-4.984,-9.298,-2.624,1549046662180
4,0.282,-0.047,0.208,-4.322,-8.66,-4.616,1549046662199
5,0.556,-0.068,0.181,-4.246,-7.874,-3.736,1549046662220
5,0.71,0.061,0.263,-4.62,-9.408,-3.284,1549046662240
5,0.635,0.075,0.281,-4.479,-9.663,-2.911,1549046662260
5,0.492,0.082,0.259,-4.468,-8.772,-3.412,1549046662280
5,0.372,0.098,0.256,-4.42,-8.446,-4.119,1549046662300
5,0.428,0.139,0.245,-4.511,-7.476,-3.456,1549046662320
5,0.765,0.227,0.332,-4.92,-8.914,-2.322,1549046662339
5,0.962,0.215,0.308,-4.501,-9.429,-2.332,1549046662360
5,0.929,0.268,0.259,-4.501,-8.037,-3.17,1549046662380
5,0.773,0.344,0.207,-4.63,-8.59,-2.658,1549046662400
5,0.726,0.436,0.159,-5.073,-8.083,-2.157,1549046662420
5,0.976,0.454,0.161,-4.949,-8.383,-1.618,1549046662440
5,1.134,0.43,0.123,-4.584,-8.672,-2.512,1549046662460
5,1.117,0.415,0.105,-4.551,-7.982,-2.677,1549046662480
5,1.073,0.467,0.128,-5.318,-8.901,-1.575,1549046662500
6,1.162,0.393,0.16,-5.271,-9.063,-0.841,1549046662520
6,1.468,0.278,0.138,-4.574,-8.51,-2.066,1549046662540
6,1.4,0.237,0.109,-4.467,-7.576,-2.132,1549046662560
6,1.28,0.286,0.175,-5.35,-8.753,-0.427,1549046662580
6,1.144,0.256,0.192,-5.547,-8.431,0.01,1549046662600
6,1.14,0.196,0.145,-4.652,-8.571,-1.137,1549046662620
6,0.882,0.202,0.08,-4.543,-8.752,-0.871,1549046662640
6,0.813,0.238,0.121,-4.953,-8.747,-0.573,1549046662661
6,0.887,0.15,0.156,-5.374,-8.519,0.572,1549046662680
6,0.904,0.045,0.141,-4.761,-8.816,-0.343,1549046662700
6,0.83,0.036,0.091,-4.004,-8.477,-0.745,1549046662720
7,0.565,0.066,0.117,-4.48,-8.847,-0.254,1549046662740
7,0.457,-0.016,0.2,-5.198,-8.29,0.529,1549046662760
7,0.707,-0.156,0.259,-5.148,-7.94,0.387,1549046662781
7,0.678,-0.249,0.189,-4.955,-8.211,0.367,1549046662801
7,0.579,-0.261,0.197,-4.379,-8.691,0.451,1549046662821
7,0.363,-0.26,0.194,-4.363,-8.975,-0.359,1549046662841
7,0.278,-0.268,0.204,-4.712,-7.789,-0.134,1549046662861
7,0.427,-0.234,0.249,-5.59,-7.756,1.142,1549046662881
7,0.286,-0.273,0.274,-5.428,-8.05,1.385,1549046662901
7,0.246,-0.371,0.261,-5.072,-8.689,1.35,1549046662920
7,0.227,-0.45,0.158,-4.477,-8.324,-0.034,1549046662941
7,0.213,-0.402,0.084,-4.261,-8.303,0.96,1549046662960
7,0.141,-0.314,0.07,-5.159,-8.99,2.5,1549046662980
7,0.186,-0.348,0.092,-4.404,-8.915,1.703,1549046663001
8,0.308,-0.393,0.072,-4.409,-9.095,1.516,1549046663020
8,0.242,-0.294,0.061,-4.447,-9.422,2.282,1549046663041
8,0.156,-0.254,0.01,-4.227,-8.327,0.558,1549046663060
8,0.123,-0.283,-0.039,-4.183,-7.006,0.13,1549046663081
8,0.286,-0.225,0.004,-4.207,-8.937,1.594,1549046663101
8,0.28,-0.196,-0.002,-4.276,-8.722,2.238,1549046663121
8,0.409,-0.153,-0.046,-3.959,-9.786,1.042,1549046663141
8,0.347,-0.077,-0.109,-4.107,-7.53,0.793,1549046663161
8,0.521,0.013,-0.13,-4.783,-8.629,2.26,1549046663181
8,0.192,0.014,-0.14,-4.711,-8.845,2.032,1549046663201
8,-0.003,-0.009,-0.185,-4.781,-8.843,1.253,1549046663221
8,-0.056,-0.037,-0.238,-4.933,-8.682,1.626,1549046663241
8,0.131,0.012,-0.291,-4.415,-8.788,1.503,1549046663260
9,0.235,0.012,-0.34,-4.539,-8.982,2.173,1549046663280
9,0.274,-0.092,-0.331,-3.877,-8.482,1.528,1549046663301
9,0.403,-0.172,-0.309,-3.721,-9.714,1.945,1549046663321
9,0.342,-0.169,-0.309,-3.704,-9.877,2.254,1549046663341
9,0.508,-0.077,-0.331,-4.452,-8.474,2.429,1549046663361
9,0.258,-0.121,-0.323,-4.055,-8.785,1.598,1549046663381
9,-0.047,-0.157,-0.25,-4.215,-9.142,1.403,1549046663401
9,-0.075,-0.137,-0.282,-4.144,-8.718,1.534,1549046663420
9,0.1,-0.135,-0.304,-4.459,-8.682,1.69,1549046663441
9,0.149,-0.192,-0.312,-4.285,-8.387,1.56,1549046663461
9,0.081,-0.268,-0.288,-4.476,-7.978,1.35,1549046663481
9,0.183,-0.338,-0.278,-4.758,-8.687,1.897,1549046663501
9,0.106,-0.319,-0.323,-5.049,-8.734,2.167,1549046663521
9,-0.066,-0.321,-0.342,-5.216,-7.846,1.459,1549046663541
9,-0.12,-0.325,-0.358,-4.759,-7.946,1.366,1549046663561
9,0.045,-0.363,-0.361,-4.61,-9.329,2.013,1549046663581
9,0.218,-0.333,-0.39,-3.491,-8.764,1.888,1549046663601
9,0.029,-0.276,-0.409,-2.526,-9.634,1.469,1549046663621
9,-0.143,-0.252,-0.395,-3.306,-9.47,1.719,1549046663641
9,-0.172,-0.309,-0.379,-3.076,-9.234,1.968,1549046663661
9,0.011,-0.321,-0.394,-3.407,-8.953,1.437,1549046663681
9,0.091,-0.242,-0.378,-4.946,-8.361,2.707,1549046663701
9,0.102,-0.154,-0.293,-3.339,-9.463,3.307,1549046663721
9,-0.085,-0.15,-0.298,-2.489,-8.677,1.234,1549046663741
9,-0.27,-0.158,-0.291,-2.605,-9.799,1.994,1549046663761
9,-0.278,-0.068,-0.187,-2.669,-10.809,3.347,1549046663782
9,-0.104,-0.09,-0.195,-2.683,-9.761,3.576,1549046663801
9,-0.151,-0.218,-0.228,-2.9,-10.221,3.496,1549046663822
9,-0.121,-0.272,-0.277,-2.724,-8.851,1.74,1549046663841
9,-0.076,-0.194,-0.284,-3.026,-8.92,2.354,1549046663862
9,-0.12,-0.075,-0.245,-2.964,-9.768,3.276,1549046663881
9,-0.129,-0.104,-0.215,-2.588,-10.785,3.381,1549046663901
9,-0.149,-0.202,-0.249,-2.371,-9.682,3.038,1549046663921
9,-0.267,-0.17,-0.231,-2.457,-9.291,2.141,1549046663941
9,-0.181,-0.092,-0.172,-2.668,-9.684,3.144,1549046663962
9,-0.105,-0.095,-0.11,-2.234,-9.602,2.601,1549046663982
9,-0.118,-0.11,-0.047,-1.954,-10.811,3.1,1549046664001
9,-0.257,-0.089,-0.077,-1.958,-11.028,3.057,1549046664021
9,-0.146,-0.082,-0.178,-2.319,-9.259,3.199,1549046664041
9,0.087,-0.084,-0.206,-2.715,-9.409,3.276,1549046664062
9,0.202,-0.131,-0.167,-2.677,-8.513,1.959,1549046664082
9,0.128,-0.073,-0.116,-2.542,-9.116,1.691,1549046664101
9,-0.134,0.119,-0.067,-2.557,-9.705,2.742,1549046664122
9,-0.208,0.212,-0.048,-2.483,-9.873,2.729,1549046664142
9,-0.111,0.177,-0.029,-2.706,-10.004,3.214,1549046664162
9,0.03,0.145,-0.008,-2.539,-10.024,3.202,1549046664182
9,0.206,0.07,-0.057,-2.051,-9.683,2.351,1549046664202
9,0.287,-0.065,-0.123,-1.954,-9.608,2.781,1549046664222
9,0.265,-0.104,-0.146,-1.86,-9.554,2.62,1549046664242
9,0.282,-0.161,-0.163,-1.963,-9.478,2.723,1549046664262
9,0.148,-0.181,-0.163,-1.51,-9.397,2.268,1549046664282
9,0.004,-0.153,-0.15,-1.506,-9.677,2.364,1549046664302
9,0.057,-0.112,-0.146,-1.647,-9.566,2.521,1549046664322
9,0.088,-0.11,-0.143,-2.378,-9.749,2.735,1549046664342
9,0.098,-0.123,-0.113,-2.175,-9.175,2.412,1549046664362
9,0.063,-0.087,-0.083,-1.61,-9.498,1.866,1549046664382
9,-0.021,-0.076,-0.051,-2.06,-10.074,3.162,1549046664402
9,-0.111,-0.102,-0.047,-2.046,-9.715,2.304,1549046664422
10,-0.125,-0.085,-0.069,-1.939,-9.327,2.062,1549046664442
10,-0.058,-0.136,-0.085,-1.084,-9.34,2.172,1549046664462
10,-0.072,-0.188,-0.101,-1.701,-9.654,2.529,1549046664482
10,-0.156,-0.238,-0.088,-2.268,-9.539,2.999,1549046664502
10,-0.157,-0.227,-0.144,-2.032,-9.125,2.514,1549046664522
10,-0.173,-0.175,-0.214,-2.149,-9.112,2.392,1549046664542
10,-0.181,-0.183,-0.241,-2.129,-9.407,2.061,1549046664562
10,-0.189,-0.238,-0.257,-2.024,-9.641,2.63,1549046664582
10,-0.238,-0.298,-0.285,-1.862,-10.03,3.0,1549046664602
10,-0.197,-0.328,-0.292,-1.833,-10.452,3.053,1549046664622
10,-0.222,-0.396,-0.277,-1.301,-10.073,2.236,1549046664642
10,-0.234,-0.407,-0.278,-0.932,-9.014,2.586,1549046664662
11,-0.262,-0.363,-0.245,-1.175,-9.741,2.418,1549046664682
11,-0.032,-0.348,-0.225,-0.96,-9.832,2.686,1549046664702
11,-0.038,-0.354,-0.252,-0.963,-10.504,3.39,1549046664722
11,-0.228,-0.384,-0.325,-1.043,-10.668,2.431,1549046664742
11,-0.405,-0.412,-0.349,-1.162,-10.289,2.029,1549046664762
11,-0.438,-0.32,-0.261,-1.824,-10.956,3.17,1549046664782
11,-0.375,-0.226,-0.122,-1.81,-11.528,3.575,1549046664802
11,-0.296,-0.181,-0.05,-0.585,-10.522,3.077,1549046664823
11,-0.291,-0.188,-0.075,-0.581,-10.039,2.016,1549046664843
11,-0.157,-0.324,-0.087,-0.788,-10.206,2.241,1549046664863
11,0.119,-0.448,-0.128,-0.763,-10.066,2.3,1549046664883
11,0.452,-0.402,-0.107,-0.585,-9.764,2.563,1549046664902
12,0.606,-0.376,-0.123,-0.499,-9.872,2.827,1549046664923
12,0.675,-0.421,-0.175,-0.48,-9.778,2.201,1549046664943
12,0.628,-0.433,-0.222,-0.53,-9.534,1.988,1549046664963
12,0.474,-0.404,-0.229,-0.747,-9.209,1.873,1549046664983
12,0.402,-0.372,-0.262,-0.821,-9.428,2.208,1549046665003
12,0.313,-0.347,-0.227,-0.522,-10.141,1.91,1549046665023
12,0.5,-0.335,-0.237,-0.38,-9.247,1.431,1549046665042
12,0.704,-0.299,-0.216,-0.555,-8.729,1.995,1549046665062
12,0.519,-0.241,-0.186,-0.767,-9.032,3.829,1549046665082
12,0.298,-0.199,-0.162,-0.518,-10.683,2.852,1549046665103
12,0.183,-0.118,-0.169,-0.174,-9.814,2.391,1549046665123
13,0.436,0.003,-0.124,-0.284,-9.114,2.327,1549046665143
13,0.31,0.08,-0.077,-0.078,-8.581,2.555,1549046665163
13,0.042,0.068,-0.044,0.057,-9.276,3.209,1549046665182
13,-0.129,0.076,0.002,0.238,-9.558,4.121,1549046665203
13,-0.051,0.038,-0.023,0.004,-9.954,3.401,1549046665222
13,-0.068,0.07,-0.021,-0.178,-9.57,2.625,1549046665243
13,-0.071,0.166,0.041,-0.547,-10.23,1.505,1549046665263
13,-0.049,0.242,0.066,-0.056,-9.286,1.867,1549046665283
13,0.209,0.244,0.019,0.21,-9.509,2.85,1549046665302
13,0.207,0.291,0.0,-0.25,-9.417,2.642,1549046665322
13,-0.112,0.256,-0.041,-0.901,-10.151,2.582,1549046665343
13,-0.38,0.302,-0.01,-0.751,-10.274,2.735,1549046665363
14,-0.025,0.464,-0.023,-0.796,-7.745,4.6,1549046665383
14,0.085,0.617,0.043,-0.734,-10.204,3.418,1549046665403
14,-0.375,0.614,0.063,-0.41,-10.14,3.705,1549046665423
14,-0.029,0.559,-0.007,-0.815,-8.866,5.12,1549046665443
14,0.099,0.373,0.044,-0.844,-9.398,5.122,1549046665463
14,-0.126,0.266,0.068,-1.037,-9.438,3.747,1549046665483
14,-0.157,0.257,0.11,-0.612,-10.342,2.771,1549046665503
14,-0.143,0.251,0.1,-0.656,-9.516,2.775,1549046665523
14,0.094,0.266,0.034,-0.542,-8.424,3.63,1549046665543
14,0.11,0.218,0.034,-0.742,-9.11,3.39,1549046665563
14,-0.022,0.147,0.009,-0.609,-9.957,3.708,1549046665583
15,0.175,0.133,0.012,-0.549,-10.552,3.653,1549046665603
15,0.327,0.176,0.028,-0.765,-9.131,3.616,1549046665623
15,0.35,0.124,0.023,-0.654,-9.242,3.082,1549046665643
15,0.147,0.023,-0.028,-0.487,-9.683,2.861,1549046665663
15,0.031,-0.029,-0.043,-0.702,-9.736,3.371,1549046665683
15,-0.009,-0.022,-0.044,-0.593,-9.601,3.277,1549046665703
15,-0.002,-0.022,-0.057,-0.721,-9.06,3.157,1549046665723
15,0.059,-0.026,-0.038,-0.314,-9.4,2.602,1549046665743
15,0.033,-0.045,-0.031,-0.662,-9.678,2.925,1549046665763
15,0.006,-0.045,-0.022,-0.605,-9.567,3.375,1549046665783
15,-0.043,-0.028,-0.019,-0.653,-9.294,3.458,1549046665803
15,-0.039,0.007,-0.007,-0.751,-9.448,3.389,1549046665824
16,0.028,-0.007,-0.007,-0.585,-9.584,3.284,1549046665844
16,0.002,-0.029,-0.003,-0.649,-9.695,2.999,1549046665863
16,-0.069,-0.009,0.004,-0.593,-9.58,3.003,1549046665884
16,-0.087,-0.006,0.007,-0.773,-9.294,3.639,1549046665904
16,-0.105,0.001,0.005,-0.812,-9.266,3.446,1549046665924
16,-0.024,0.005,-0.002,-0.712,-9.48,3.142,1549046665944
16,0.057,-0.012,-0.018,-0.692,-9.248,3.284,1549046665964
16,0.094,-0.03,-0.015,-0.415,-9.645,3.109,1549046665984
16,0.004,-0.042,-0.02,-0.408,-9.539,2.949,1549046666003
16,-0.082,-0.046,-0.004,-0.528,-9.375,3.296,1549046666024
16,-0.078,-0.053,-0.008,-0.609,-9.627,3.645,1549046666044
16,-0.118,-0.084,-0.023,-0.734,-9.254,3.281,1549046666064
16,-0.116,-0.08,0.014,-0.671,-9.081,3.08,1549046666083
16,-0.33,-0.111,0.009,-0.534,-9.331,3.043,1549046666103
17,-0.627,0.006,0.074,-0.667,-10.112,3.051,1549046666123
17,-1.057,0.158,0.147,-1.124,-10.291,2.831,1549046666144
17,-1.432,0.234,0.157,-1.557,-10.402,2.444,1549046666164
17,-1.219,0.186,0.128,-1.695,-9.567,2.781,1549046666184
17,-1.068,0.244,0.139,-1.588,-9.402,2.238,1549046666204
17,-1.263,0.273,0.148,-1.331,-9.816,1.569,1549046666223
17,-1.254,0.332,0.142,-1.328,-9.778,1.299,1549046666244
17,-1.093,0.31,0.098,-0.876,-9.752,1.078,1549046666264
17,-0.661,0.181,0.116,-0.456,-10.418,0.423,1549046666283
17,-0.112,0.066,0.182,-0.531,-9.302,0.397,1549046666303
18,0.139,0.0,0.211,-0.369,-9.376,0.495,1549046666323
18,-0.033,0.054,0.249,-0.652,-9.898,1.274,1549046666344
18,-0.361,0.192,0.245,-0.771,-10.733,1.065,1549046666363
18,-0.225,0.169,0.168,-1.084,-9.273,1.706,1549046666384
18,0.106,0.224,0.275,-1.373,-10.477,0.879,1549046666404
18,0.063,0.218,0.371,-1.512,-9.892,1.153,1549046666424
18,0.205,0.197,0.359,-1.231,-9.929,1.462,1549046666444
18,0.294,0.175,0.337,-1.342,-9.867,1.54,1549046666464
18,0.229,0.3,0.438,-1.174,-10.33,1.319,1549046666483
18,0.163,0.536,0.574,-2.512,-10.022,2.081,1549046666503
18,0.016,0.605,0.545,-2.793,-9.185,2.036,1549046666523
19,-0.415,0.491,0.537,-1.996,-11.025,0.368,1549046666543
19,-0.841,0.427,0.48,-1.702,-11.099,-0.025,1549046666563
19,-0.577,0.406,0.4,-2.031,-10.921,0.649,1549046666584
19,-0.48,0.24,0.283,-2.01,-10.731,1.442,1549046666604
19,-0.691,0.046,0.218,-1.726,-10.51,1.133,1549046666623
19,-0.487,-0.145,0.149,-2.026,-11.06,0.68,1549046666644
19,0.01,-0.139,0.18,-1.689,-10.973,0.642,1549046666663
19,0.311,-0.132,0.213,-2.212,-10.385,0.928,1549046666683
19,-0.136,-0.139,0.2,-2.238,-10.923,0.871,1549046666703
19,-0.255,-0.128,0.199,-2.032,-11.23,0.433,1549046666723
20,-0.057,-0.105,0.238,-2.656,-10.433,0.541,1549046666743
20,0.069,-0.064,0.261,-2.93,-10.04,0.666,1549046666764
20,-0.076,-0.054,0.295,-2.637,-11.151,0.861,1549046666784
20,-0.168,-0.092,0.262,-2.715,-10.408,0.779,1549046666804
20,0.112,-0.067,0.278,-3.271,-9.949,1.053,1549046666823
20,0.013,-0.046,0.277,-3.426,-10.001,1.122,1549046666843
20,-0.102,-0.046,0.269,-3.089,-9.58,0.836,1549046666863
20,-0.042,-0.001,0.306,-3.172,-9.911,0.809,1549046666883
20,0.096,0.047,0.333,-3.254,-10.404,0.898,1549046666904
20,0.201,0.079,0.349,-3.204,-10.728,1.13,1549046666923
20,0.005,0.09,0.338,-3.34,-9.704,0.315,1549046666944
20,-0.012,0.094,0.355,-3.42,-10.261,0.449,1549046666963
20,0.198,0.079,0.406,-3.733,-10.17,1.278,1549046666984
20,0.379,0.093,0.412,-3.597,-10.556,0.894,1549046667004
21,0.392,0.091,0.406,-3.419,-9.636,0.02,1549046667024
21,0.409,0.082,0.412,-3.385,-9.757,0.414,1549046667044
21,0.325,0.102,0.439,-3.514,-10.302,0.853,1549046667064
21,0.239,0.146,0.447,-3.464,-9.996,0.608,1549046667084
21,0.344,0.104,0.465,-3.364,-9.923,0.841,1549046667104
21,0.481,0.052,0.488,-3.736,-9.281,0.161,1549046667123
21,0.584,0.04,0.466,-3.771,-9.234,0.492,1549046667144
21,0.492,0.07,0.442,-4.095,-9.657,1.368,1549046667164
21,0.569,0.03,0.447,-3.62,-9.185,0.506,1549046667184
21,0.647,-0.049,0.416,-3.894,-8.7,0.481,1549046667204
21,0.553,-0.055,0.417,-4.123,-8.541,0.485,1549046667224
21,0.442,0.028,0.398,-4.201,-9.189,1.229,1549046667244
22,0.419,0.035,0.365,-4.407,-9.175,0.987,1549046667264
22,0.635,-0.092,0.313,-4.121,-8.032,1.629,1549046667285
22,0.663,-0.089,0.353,-4.238,-9.166,1.642,1549046667304
22,0.556,-0.009,0.353,-4.03,-8.545,1.496,1549046667324
22,0.586,0.006,0.308,-4.221,-9.078,1.562,1549046667344
22,0.531,-0.11,0.268,-4.295,-7.975,1.461,1549046667364
22,0.569,-0.121,0.248,-4.482,-8.251,1.46,1549046667385
22,0.511,-0.066,0.247,-4.632,-8.809,1.31,1549046667405
22,0.458,-0.041,0.204,-4.585,-8.195,1.441,1549046667425
22,0.442,-0.091,0.177,-4.435,-7.731,1.525,1549046667445
22,0.299,-0.112,0.182,-4.687,-8.831,1.754,1549046667464
22,0.247,-0.126,0.18,-4.568,-8.557,1.322,1549046667485
22,0.358,-0.14,0.103,-4.756,-8.528,2.738,1549046667505
22,0.415,-0.117,0.096,-4.318,-8.425,1.563,1549046667524
23,0.336,-0.118,0.024,-4.641,-8.602,1.819,1549046667544
23,0.202,-0.115,-0.022,-4.571,-8.403,2.055,1549046667564
23,0.329,-0.106,-0.012,-4.712,-8.241,2.568,1549046667584
23,0.335,-0.127,-0.028,-4.414,-8.344,2.229,1549046667604
23,0.258,-0.167,-0.092,-4.49,-7.614,2.01,1549046667625
23,0.346,-0.118,-0.072,-4.537,-8.346,2.175,1549046667645
23,0.169,-0.082,-0.017,-4.248,-8.431,2.864,1549046667665
23,0.247,-0.066,-0.028,-4.232,-8.996,3.052,1549046667684
23,0.106,-0.058,-0.068,-4.409,-7.204,2.412,1549046667705
23,0.082,-0.046,-0.051,-4.073,-8.07,2.135,1549046667724
23,-0.069,-0.056,0.0,-4.285,-9.435,3.618,1549046667745
23,0.147,0.023,0.019,-4.377,-8.872,3.869,1549046667765
24,0.209,0.071,-0.012,-4.215,-8.301,2.335,1549046667784
24,0.196,0.11,-0.068,-4.176,-7.393,2.721,1549046667805
24,0.263,0.153,-0.051,-4.198,-9.042,3.033,1549046667825
24,0.219,0.159,-0.048,-4.428,-8.299,3.59,1549046667845
24,0.257,0.197,-0.064,-4.354,-8.793,3.256,1549046667865
24,0.418,0.257,-0.105,-4.679,-7.987,1.935,1549046667885
24,0.529,0.216,-0.155,-4.53,-7.779,2.909,1549046667905
24,0.255,0.166,-0.178,-4.247,-8.163,3.828,1549046667925
24,0.182,0.211,-0.19,-4.566,-7.973,3.991,1549046667945
24,0.316,0.247,-0.187,-4.433,-7.433,3.215,1549046667965
24,0.482,0.267,-0.22,-4.605,-7.949,3.302,1549046667985
24,0.582,0.256,-0.193,-4.89,-7.463,3.856,1549046668005
24,0.358,0.156,-0.177,-4.94,-7.276,4.62,1549046668025
24,0.185,0.113,-0.183,-4.596,-7.535,2.719,1549046668045
25,0.172,0.145,-0.145,-4.417,-8.364,3.018,1549046668065
25,0.352,0.195,-0.086,-5.062,-7.634,4.878,1549046668085
25,0.419,0.117,-0.082,-4.904,-7.535,4.991,1549046668105
25,0.144,0.02,-0.113,-4.26,-8.053,3.589,1549046668125
25,-0.018,0.047,-0.1,-4.683,-7.431,4.228,1549046668145
25,-0.035,0.053,-0.033,-4.459,-6.975,3.514,1549046668165
25,-0.087,0.066,-0.018,-5.247,-6.177,4.953,1549046668185
25,-0.056,0.077,0.071,-4.541,-8.684,4.678,1549046668205
25,-0.161,0.033,0.1,-4.43,-8.22,4.916,1549046668225
25,-0.164,-0.015,0.056,-4.383,-7.502,4.372,1549046668245
25,-0.102,-0.053,0.005,-4.621,-6.86,3.466,1549046668266
26,-0.098,-0.078,0.033,-4.941,-6.976,4.328,1549046668285
26,-0.04,-0.122,0.093,-4.515,-7.887,4.515,1549046668305
26,-0.176,-0.219,0.096,-3.779,-8.526,3.712,1549046668325
26,-0.254,-0.169,0.014,-4.227,-8.05,3.453,1549046668345
26,-0.215,-0.124,0.023,-4.772,-6.994,3.6,1549046668365
26,-0.057,-0.164,0.094,-4.645,-7.098,3.949,1549046668385
26,-0.142,-0.289,0.149,-3.741,-9.119,3.55,1549046668405
26,-0.2,-0.219,0.099,-4.113,-7.958,4.528,1549046668425
26,-0.237,-0.062,0.076,-3.847,-8.186,3.362,1549046668445
26,-0.324,-0.002,0.042,-4.236,-7.656,3.382,1549046668465
26,-0.342,-0.052,0.054,-4.728,-6.739,3.436,1549046668486
27,-0.363,-0.18,0.125,-4.653,-8.003,3.35,1549046668505
27,-0.427,-0.126,0.131,-4.69,-7.645,5.545,1549046668525
27,-0.247,-0.01,0.087,-3.731,-8.314,3.935,1549046668546
27,-0.264,-0.069,0.058,-4.462,-6.786,3.737,1549046668565
27,-0.166,-0.114,0.113,-4.076,-8.875,3.585,1549046668585
27,-0.191,-0.094,0.057,-4.558,-8.395,5.04,1549046668605
27,-0.258,-0.101,0.026,-4.233,-8.045,4.182,1549046668626
27,-0.459,-0.179,0.014,-4.632,-7.433,3.195,1549046668646
27,-0.401,-0.196,0.073,-4.363,-7.902,1.885,1549046668665
27,-0.344,-0.168,0.075,-5.144,-8.915,4.41,1549046668686
27,-0.122,-0.212,0.066,-4.584,-8.553,3.239,1549046668705
28,-0.043,-0.324,0.025,-4.673,-7.481,2.539,1549046668726
28,-0.054,-0.332,0.022,-4.365,-8.087,1.634,1549046668745
28,-0.211,-0.229,-0.003,-4.428,-8.883,2.645,1549046668766
28,-0.265,-0.185,-0.02,-3.932,-9.298,2.877,1549046668786
28,-0.34,-0.208,-0.037,-3.95,-8.222,1.816,1549046668806
28,-0.468,-0.184,0.0,-4.402,-8.293,2.693,1549046668825
28,-0.477,-0.183,0.029,-4.345,-8.375,3.209,1549046668846
28,-0.417,-0.283,0.019,-4.14,-8.087,3.297,1549046668865
28,-0.551,-0.341,-0.006,-3.629,-8.746,1.944,1549046668885
28,-0.68,-0.3,-0.035,-3.809,-8.564,2.925,1549046668906
28,-0.498,-0.231,-0.035,-4.079,-8.088,3.358,1549046668926
28,-0.463,-0.219,-0.053,-4.013,-8.302,3.349,1549046668945
28,-0.461,-0.196,-0.08,-4.447,-7.645,3.627,1549046668966
28,-0.393,-0.157,-0.091,-3.782,-9.06,2.737,1549046668986
29,-0.513,-0.181,-0.131,-4.417,-8.247,2.677,1549046669005
29,-0.53,-0.287,-0.136,-3.562,-8.813,1.272,1549046669025
29,-0.572,-0.427,-0.213,-3.553,-9.4,3.038,1549046669045
29,-0.468,-0.362,-0.216,-3.616,-8.743,2.61,1549046669066
29,-0.353,-0.228,-0.165,-3.54,-9.216,3.202,1549046669085
29,-0.311,-0.173,-0.142,-3.827,-8.515,2.247,1549046669106
29,-0.312,-0.225,-0.146,-3.832,-8.681,1.822,1549046669125
29,-0.355,-0.212,-0.148,-3.996,-9.233,2.656,1549046669146
29,-0.277,-0.161,-0.128,-3.721,-9.67,3.181,1549046669166
29,-0.114,-0.165,-0.145,-3.883,-8.672,3.286,1549046669185
30,-0.171,-0.189,-0.148,-3.786,-8.933,2.169,1549046669205
30,-0.108,-0.138,-0.158,-3.539,-9.664,2.348,1549046669225
30,-0.056,-0.11,-0.168,-3.563,-9.195,2.896,1549046669245
30,0.116,-0.179,-0.148,-3.337,-9.659,3.436,1549046669265
30,0.202,-0.183,-0.123,-3.364,-8.985,2.771,1549046669285
30,0.222,-0.155,-0.146,-3.573,-9.516,2.307,1549046669306
30,0.218,-0.1,-0.183,-3.216,-9.109,1.805,1549046669326
30,0.115,-0.06,-0.222,-3.598,-9.254,3.283,1549046669345
30,0.009,-0.09,-0.208,-3.206,-9.369,3.069,1549046669365
30,0.119,-0.148,-0.185,-3.213,-9.182,2.767,1549046669385
30,0.211,-0.178,-0.148,-2.763,-9.993,1.703,1549046669406
30,0.326,-0.135,-0.137,-3.683,-8.941,3.356,1549046669426
30,0.335,-0.141,-0.105,-3.398,-9.859,2.776,1549046669446
30,0.133,-0.202,-0.136,-3.587,-8.534,2.254,1549046669466
31,0.031,-0.187,-0.144,-3.17,-9.448,2.092,1549046669485
31,0.022,-0.114,-0.131,-3.133,-9.586,2.785,1549046669505
31,0.068,-0.15,-0.145,-3.164,-9.878,2.607,1549046669525
31,0.082,-0.203,-0.163,-2.99,-9.128,2.175,1549046669545
31,-0.03,-0.198,-0.178,-3.368,-9.084,2.248,1549046669566
31,-0.088,-0.183,-0.145,-3.782,-9.382,4.146,1549046669585
31,-0.081,-0.206,-0.158,-2.871,-9.91,1.494,1549046669606
31,-0.097,-0.26,-0.173,-3.147,-8.618,1.775,1549046669625
31,-0.148,-0.2,-0.152,-3.134,-9.376,2.46,1549046669646
31,-0.059,-0.171,-0.103,-3.149,-10.023,3.048,1549046669666
31,-0.101,-0.266,-0.099,-2.112,-10.359,2.256,1549046669686
31,-0.239,-0.385,-0.139,-2.671,-9.225,2.476,1549046669706
32,-0.344,-0.3,-0.157,-2.895,-9.017,2.286,1549046669726
32,-0.268,-0.194,-0.152,-3.283,-9.022,3.174,1549046669746
32,-0.181,-0.208,-0.108,-3.024,-9.824,3.239,1549046669767
32,-0.102,-0.248,-0.084,-2.696,-9.171,2.786,1549046669787
32,-0.125,-0.23,-0.07,-2.687,-9.354,2.844,1549046669806
32,-0.128,-0.193,-0.064,-2.599,-9.574,3.608,1549046669827
32,-0.047,-0.198,-0.049,-2.39,-9.711,3.375,1549046669846
32,0.004,-0.222,-0.068,-2.23,-9.56,2.71,1549046669866
32,0.053,-0.19,-0.088,-2.696,-9.245,2.998,1549046669886
32,0.062,-0.164,-0.099,-2.295,-9.533,2.148,1549046669906
33,0.066,-0.232,-0.11,-2.438,-9.152,2.245,1549046669926
33,-0.035,-0.279,-0.053,-2.53,-9.595,2.723,1549046669946
33,0.063,-0.263,-0.011,-2.531,-9.717,3.653,1549046669967
33,0.175,-0.233,-0.039,-2.336,-9.745,2.854,1549046669987
33,0.153,-0.25,-0.069,-2.411,-9.379,2.824,1549046670006
33,0.098,-0.294,-0.081,-2.292,-8.938,1.611,1549046670027
33,0.051,-0.266,-0.073,-2.589,-9.552,3.301,1549046670047
33,0.153,-0.206,-0.053,-2.669,-9.419,3.732,1549046670066
33,0.222,-0.234,-0.043,-2.242,-9.402,2.976,1549046670087
33,0.125,-0.277,-0.012,-1.826,-9.77,2.193,1549046670107
33,0.076,-0.239,-0.005,-2.014,-9.722,2.699,1549046670126
34,0.101,-0.209,-0.023,-2.498,-9.283,2.977,1549046670147
34,0.118,-0.253,-0.025,-2.617,-8.928,2.892,1549046670166
34,0.135,-0.23,-0.019,-2.098,-9.604,2.723,1549046670187
34,0.09,-0.134,-0.011,-2.068,-9.601,2.683,1549046670207
34,0.099,-0.065,-0.015,-1.965,-9.63,2.831,1549046670227
34,0.078,-0.088,0.003,-2.098,-9.44,3.566,1549046670247
34,0.168,-0.127,0.05,-2.069,-8.957,3.033,1549046670267
34,0.241,-0.072,0.063,-2.286,-8.9,2.879,1549046670287
34,0.148,0.045,0.043,-3.141,-7.919,2.554,1549046670307
34,0.082,0.079,0.058,-2.939,-9.654,4.41,1549046670326
34,-0.059,0.06,0.033,-1.485,-10.841,3.073,1549046670347
34,-0.25,0.015,-0.085,-1.45,-9.903,2.592,1549046670366
35,-0.081,-0.071,-0.091,-1.755,-8.521,3.155,1549046670387
35,-0.063,-0.077,-0.09,-1.795,-9.021,3.324,1549046670407
35,0.022,-0.053,-0.059,-2.039,-8.715,3.008,1549046670427
35,-0.028,-0.067,-0.069,-1.713,-9.482,3.445,1549046670447
35,0.073,-0.062,-0.083,-1.993,-8.702,3.213,1549046670467
35,0.067,-0.052,-0.077,-1.591,-9.275,2.636,1549046670487
35,0.05,-0.089,-0.053,-1.946,-9.738,3.975,1549046670507
35,-0.031,-0.115,-0.013,-1.705,-9.949,3.388,1549046670527
35,-0.045,-0.142,-0.029,-1.617,-9.523,2.646,1549046670547
35,-0.024,-0.118,-0.041,-2.121,-9.159,3.274,1549046670566
35,0.023,-0.112,-0.003,-2.004,-9.588,2.806,1549046670586
35,0.03,-0.127,0.01,-1.963,-9.61,2.667,1549046670607
35,0.046,-0.118,0.013,-1.919,-9.928,3.309,1549046670627
35,0.059,-0.142,-0.006,-2.284,-8.826,3.071,1549046670647
36,-0.007,-0.16,0.026,-2.037,-9.222,3.37,1549046670667
36,-0.052,-0.155,0.081,-1.843,-9.021,3.651,1549046670687
36,0.081,-0.196,0.147,-1.77,-9.31,3.14,1549046670707
36,0.147,-0.238,0.145,-1.647,-9.101,3.383,1549046670726
36,0.144,-0.192,0.161,-1.902,-9.263,3.302,1549046670747
36,0.087,-0.259,0.178,-1.914,-9.841,3.018,1549046670766
36,0.014,-0.375,0.098,-2.339,-8.965,3.952,1549046670786
36,-0.018,-0.4,-0.008,-2.409,-8.384,4.027,1549046670807
36,-0.177,-0.294,-0.05,-2.35,-9.369,4.401,1549046670826
36,-0.246,-0.186,-0.047,-2.133,-9.089,4.738,1549046670846
36,-0.225,-0.182,0.055,-1.619,-9.309,4.163,1549046670866
37,-0.096,-0.248,0.111,-1.606,-10.091,2.386,1549046670886
37,0.062,-0.316,0.045,-1.693,-8.863,3.028,1549046670907
37,0.035,-0.43,0.032,-1.862,-8.356,3.182,1549046670928
37,0.041,-0.69,-0.027,-1.749,-8.535,2.663,1549046670946
37,0.133,-0.983,-0.132,-1.53,-8.777,2.717,1549046670966
37,0.442,-1.025,-0.205,-1.381,-10.255,2.27,1549046670986
37,0.476,-0.816,-0.291,-1.799,-9.724,3.176,1549046671007
37,0.413,-0.595,-0.313,-1.875,-11.348,3.3,1549046671026
37,0.271,-0.468,-0.306,-2.671,-9.41,5.48,1549046671046
37,0.622,-0.437,-0.24,-2.186,-9.032,5.55,1549046671067
37,0.439,-0.315,-0.296,-1.497,-9.723,4.729,1549046671087
37,0.107,0.123,-0.097,-1.586,-11.138,2.594,1549046671107
38,-0.087,0.247,0.011,-1.749,-7.557,3.263,1549046671127
38,0.413,0.171,0.095,-1.622,-7.644,3.149,1549046671147
38,0.224,-0.02,-0.003,-1.454,-8.64,3.156,1549046671166
38,-0.053,-0.159,-0.048,-0.947,-9.972,4.276,1549046671186
38,-0.255,-0.109,-0.011,-0.891,-10.356,4.741,1549046671207
38,-0.063,-0.084,-0.019,-1.43,-9.258,4.047,1549046671227
38,0.078,-0.094,-0.056,-1.66,-8.644,3.777,1549046671247
38,0.047,-0.139,-0.079,-1.378,-8.282,4.029,1549046671267
38,0.039,-0.144,-0.055,-1.251,-8.737,4.629,1549046671287
38,0.051,-0.135,-0.013,-0.913,-9.2,4.4,1549046671308
38,0.065,-0.159,-0.042,-0.866,-9.137,4.245,1549046671327
39,-0.002,-0.16,-0.037,-1.032,-9.278,3.5,1549046671348
39,-0.153,-0.136,-0.05,-0.917,-9.294,3.857,1549046671368
39,-0.138,-0.032,-0.03,-0.79,-8.934,4.292,1549046671388
39,0.036,0.049,-0.041,-0.978,-8.758,4.329,1549046671407
39,-0.087,0.132,-0.018,-1.303,-9.294,4.078,1549046671428
39,-0.172,0.152,-0.002,-1.068,-9.164,3.926,1549046671448
39,-0.078,0.146,-0.038,-1.023,-8.459,3.937,1549046671468
39,-0.051,0.166,-0.054,-0.853,-9.785,3.649,1549046671488
39,-0.151,0.092,-0.098,-1.0,-9.845,3.894,1549046671507
39,-0.085,0.094,-0.085,-0.791,-8.871,3.772,1549046671528
39,-0.158,0.106,-0.064,-0.99,-8.566,3.721,1549046671547
39,-0.08,0.126,-0.013,-0.94,-9.195,4.456,1549046671567
40,0.058,0.103,0.014,-0.838,-9.71,3.983,1549046671587
40,0.105,0.06,0.004,-0.896,-9.331,3.23,1549046671607
40,0.108,0.061,0.022,-1.061,-8.634,3.545,1549046671628
40,0.028,0.047,0.047,-1.363,-8.66,3.969,1549046671648
40,-0.013,0.043,0.058,-1.285,-9.469,4.108,1549046671667
40,-0.019,0.07,0.054,-1.376,-9.74,3.716,1549046671687
40,-0.056,0.048,0.027,-1.341,-9.188,3.73,1549046671708
40,-0.068,0.011,0.025,-1.22,-9.097,3.97,1549046671727
40,-0.034,-0.008,0.023,-1.311,-9.407,3.924,1549046671748
40,0.015,-0.029,0.011,-1.206,-9.472,3.956,1549046671768
40,-0.002,-0.055,0.017,-1.268,-8.979,3.85,1549046671788
40,-0.033,-0.048,0.029,-1.166,-9.026,3.441,1549046671808
40,-0.002,-0.03,0.021,-1.195,-9.081,3.696,1549046671828
40,-0.021,-0.009,0.015,-1.176,-9.302,4.263,1549046671848
40,-0.11,0.0,0.026,-1.235,-9.283,3.714,1549046671867
41,-0.12,-0.006,0.021,-1.093,-8.859,3.564,1549046671888
41,-0.024,0.003,0.005,-1.21,-8.84,3.951,1549046671907
41,-0.028,0.0,0.0,-1.173,-9.413,4.173,1549046671928
41,-0.071,-0.015,0.002,-1.067,-9.582,4.113,1549046671948
41,-0.044,0.009,0.001,-1.257,-9.027,3.666,1549046671967
41,-0.041,0.001,0.006,-1.031,-9.01,3.702,1549046671988
41,-0.011,-0.004,-0.001,-1.118,-9.156,4.131,1549046672008
41,0.018,0.012,0.006,-1.054,-9.389,3.658,1549046672028
41,0.061,0.011,-0.009,-1.069,-9.037,3.879,1549046672048
41,0.082,0.008,-0.027,-1.192,-9.059,4.012,1549046672068
41,0.036,-0.01,-0.037,-1.362,-8.965,3.566,1549046672088
41,0.043,-0.022,-0.038,-1.33,-9.379,3.743,1549046672108
41,0.02,-0.035,-0.042,-1.316,-9.541,3.968,1549046672128
41,0.015,-0.019,-0.05,-1.267,-9.421,3.852,1549046672148
42,-0.001,-0.04,-0.053,-1.358,-8.968,4.012,1549046672168
42,-0.015,-0.048,-0.035,-1.242,-9.048,3.9,1549046672188
42,-0.065,-0.054,-0.043,-1.025,-9.231,3.794,1549046672209
42,-0.048,-0.031,-0.041,-1.106,-9.162,3.676,1549046672228
42,-0.098,-0.018,-0.035,-1.023,-9.159,3.405,1549046672248
42,-0.141,0.001,-0.015,-1.157,-9.044,3.338,1549046672267
42,-0.071,0.014,0.011,-1.15,-9.126,3.497,1549046672288
42,0.031,0.02,-0.007,-1.042,-9.097,3.947,1549046672308
42,0.023,0.02,0.009,-1.088,-9.275,3.874,1549046672328
42,-0.036,0.009,0.017,-1.139,-9.363,3.887,1549046672347
42,-0.071,0.012,0.028,-1.241,-9.17,3.847,1549046672367
42,-0.089,0.006,0.05,-1.022,-9.269,3.583,1549046672389
43,-0.101,-0.011,0.018,-0.976,-9.289,3.63,1549046672408
43,-0.034,-0.028,0.013,-1.024,-9.351,3.92,1549046672427
43,-0.089,-0.032,0.042,-1.286,-9.484,3.897,1549046672447
43,-0.334,0.015,0.09,-1.144,-10.371,3.205,1549046672468
43,-0.48,0.011,0.096,-1.353,-8.913,3.326,1549046672487
43,-0.129,0.021,0.063,-1.314,-9.096,3.203,1549046672508
43,-0.152,0.02,0.035,-1.357,-8.915,3.541,1549046672527
43,-0.146,0.033,0.028,-1.222,-9.335,3.693,1549046672547
43,-0.18,0.034,0.052,-1.394,-9.567,3.343,1549046672568
43,-0.163,0.034,0.079,-1.16,-9.013,3.458,1549046672588
43,-0.059,0.05,0.092,-0.853,-9.232,3.526,1549046672608
43,-0.077,0.087,0.08,-1.018,-9.629,3.115,1549046672628
44,-0.104,0.131,0.039,-1.195,-9.817,2.976,1549046672647
44,-0.107,0.176,0.001,-1.387,-9.714,3.063,1549046672667
44,-0.101,0.192,-0.049,-1.336,-9.939,3.031,1549046672688
44,-0.108,0.192,-0.097,-1.577,-9.777,3.096,1549046672708
44,-0.137,0.202,-0.109,-1.704,-9.502,3.371,1549046672728
44,-0.163,0.21,-0.123,-1.437,-9.402,3.545,1549046672748
44,-0.163,0.236,-0.103,-1.238,-9.609,3.271,1549046672768
44,-0.19,0.274,-0.084,-1.27,-9.292,2.871,1549046672788
44,-0.06,0.293,-0.083,-0.997,-9.039,3.156,1549046672808
44,0.056,0.296,-0.097,-0.822,-9.541,2.95,1549046672828
45,0.006,0.337,-0.055,-1.17,-9.508,2.557,1549046672848
45,0.018,0.397,-0.052,-1.607,-9.25,2.715,1549046672868
45,0.002,0.429,-0.091,-1.775,-9.092,3.257,1549046672888
45,-0.155,0.4,-0.096,-1.504,-9.866,3.288,1549046672909
45,-0.347,0.373,-0.113,-1.095,-10.886,2.455,1549046672928
45,0.135,0.537,-0.202,-0.892,-9.818,2.169,1549046672948
45,0.524,0.634,-0.289,-1.699,-9.176,2.819,1549046672968
45,0.248,0.673,-0.318,-2.287,-8.941,3.236,1549046672988
45,-0.162,0.556,-0.272,-1.767,-8.833,3.265,1549046673009
45,-0.206,0.53,-0.228,-1.418,-9.232,3.133,1549046673028
45,-0.047,0.56,-0.192,-1.51,-9.16,3.256,1549046673049
45,0.057,0.56,-0.172,-1.407,-9.128,3.671,1549046673069
45,-0.204,0.498,-0.09,-1.254,-9.752,3.349,1549046673089
45,-0.526,0.469,-0.08,-1.426,-9.94,2.975,1549046673109
46,-0.404,0.453,-0.126,-1.517,-9.958,2.749,1549046673128
46,-0.16,0.413,-0.168,-1.707,-9.566,2.951,1549046673148
46,0.092,0.375,-0.17,-1.583,-9.585,2.882,1549046673169
46,0.102,0.332,-0.211,-1.385,-9.619,2.704,1549046673189
46,0.0,0.299,-0.187,-1.3,-9.782,2.66,1549046673209
46,-0.146,0.259,-0.163,-1.161,-9.913,2.517,1549046673228
46,-0.177,0.209,-0.147,-1.132,-9.666,2.768,1549046673249
46,-0.064,0.171,-0.129,-1.236,-9.417,3.013,1549046673269
46,0.016,0.14,-0.109,-1.286,-9.926,2.576,1549046673289
46,0.0,0.113,-0.114,-1.432,-10.253,2.317,1549046673309
46,0.073,0.11,-0.138,-1.313,-9.457,2.771,1549046673329
46,0.185,0.113,-0.127,-1.313,-9.162,3.169,1549046673349
46,0.184,0.089,-0.074,-1.237,-9.285,3.189,1549046673369
46,0.156,0.069,-0.073,-1.347,-9.885,2.546,1549046673388
47,0.086,0.066,-0.084,-1.26,-9.977,2.391,1549046673409
47,0.123,0.077,-0.1,-1.298,-9.864,2.511,1549046673429
47,0.104,0.076,-0.074,-1.292,-9.301,2.969,1549046673449
47,0.167,0.082,-0.042,-1.322,-9.598,2.65,1549046673469
47,0.147,0.07,-0.049,-1.228,-9.626,2.56,1549046673489
47,0.164,0.088,-0.054,-1.149,-9.338,2.764,1549046673509
47,0.1,0.094,-0.051,-1.274,-9.244,2.858,1549046673529
47,-0.076,0.078,-0.01,-1.342,-9.616,2.82,1549046673549
47,-0.176,0.075,-0.01,-1.243,-9.726,2.974,1549046673569
47,-0.081,0.066,-0.014,-1.159,-9.615,3.018,1549046673589
47,0.015,0.073,-0.012,-1.122,-9.665,2.94,1549046673609
