pack,vx,vy,vz,ax,ay,az,time
1,-0.378,-0.784,0.536,1.658,-8.796,5.311,1549046636658
1,-0.352,-0.806,0.569,1.473,-9.339,4.871,1549046636677
1,-0.328,-0.886,0.605,1.699,-8.95,4.675,1549046636697
1,-0.224,-0.97,0.623,1.827,-8.852,4.292,1549046636717
1,-0.224,-1.021,0.666,1.517,-8.895,4.228,1549046636737
1,-0.152,-1.02,0.727,1.417,-8.465,4.384,1549046636757
1,-0.118,-1.097,0.776,1.218,-8.651,3.825,1549046636778
1,-0.205,-1.205,0.876,1.124,-8.572,3.94,1549046636797
1,-0.325,-1.283,0.913,0.983,-8.281,3.927,1549046636817
1,-0.374,-1.354,0.909,1.49,-8.674,4.19,1549046636838
2,-0.465,-1.462,0.9,1.712,-8.863,3.982,1549046636858
2,-0.456,-1.512,0.926,1.204,-8.652,2.911,1549046636878
2,-0.374,-1.543,0.954,1.298,-8.415,0.89,1549046636898
2,-0.369,-1.685,0.974,1.376,-7.158,0.69,1549046636917
2,-0.232,-1.775,0.986,2.644,-10.752,3.34,1549046636938
2,-0.543,-1.993,1.4,3.241,-10.433,1.969,1549046636958
2,-0.601,-2.024,1.591,2.889,-8.478,-1.453,1549046636977
2,-0.143,-1.357,1.5,1.703,-9.095,0.814,1549046636997
2,-0.149,-0.365,1.664,0.863,-10.371,2.029,1549046637017
2,-0.147,-0.936,1.525,2.161,-10.146,4.257,1549046637037
2,-0.507,-1.231,1.28,1.277,-10.296,3.413,1549046637058
2,-1.188,-1.035,1.301,0.107,-11.428,-0.197,1549046637078
2,-1.312,-1.004,1.07,0.689,-12.274,2.293,1549046637098
2,-0.76,-0.837,0.843,1.041,-14.066,2.739,1549046637118
2,-0.626,-0.811,0.849,0.954,-11.198,1.399,1549046637138
3,0.088,-0.437,0.598,-0.994,-8.005,1.628,1549046637158
3,0.024,-0.226,0.528,-0.528,-9.209,1.86,1549046637177
3,-0.903,-0.417,0.427,0.122,-11.219,2.074,1549046637198
3,-1.145,-0.422,0.282,0.701,-10.727,1.686,1549046637218
3,-0.498,-0.307,0.183,-0.556,-8.241,1.425,1549046637238
3,0.133,-0.174,0.268,-1.006,-7.467,0.756,1549046637258
3,-0.489,-0.367,0.332,0.466,-12.531,0.564,1549046637278
3,-0.807,-0.404,0.29,0.401,-11.853,0.415,1549046637298
3,-0.242,-0.211,0.341,-0.279,-9.552,0.95,1549046637318
3,0.269,0.003,0.386,-0.572,-8.351,0.271,1549046637337
3,0.109,0.006,0.311,-0.134,-10.371,0.752,1549046637358
3,-0.193,0.102,0.351,-0.004,-11.331,2.251,1549046637378
4,-0.47,0.091,0.326,-0.502,-11.151,1.801,1549046637398
4,-0.466,-0.016,0.194,-0.878,-10.515,0.868,1549046637418
4,-0.137,-0.031,0.162,-0.269,-10.749,-0.044,1549046637437
4,0.191,0.066,0.128,-1.013,-9.427,2.013,1549046637458
4,0.352,0.076,0.12,-0.461,-10.58,2.357,1549046637478
4,-0.097,-0.042,0.04,-0.988,-9.68,1.546,1549046637498
4,-0.318,-0.072,0.031,-0.869,-9.763,0.677,1549046637518
4,-0.444,-0.095,-0.043,-0.942,-9.738,-0.164,1549046637538
4,-0.522,-0.085,-0.057,-1.132,-9.001,0.36,1549046637558
4,-0.457,-0.059,-0.023,-0.905,-9.114,0.09,1549046637578
4,-0.408,-0.024,0.036,-0.965,-9.929,0.93,1549046637598
5,-0.44,0.045,0.109,-1.314,-9.221,1.236,1549046637618
5,-0.558,0.082,0.163,-1.034,-9.35,-0.041,1549046637638
5,-0.893,0.047,0.21,-1.401,-9.907,-0.203,1549046637658
5,-0.913,0.026,0.264,-1.041,-10.041,0.608,1549046637679
5,-0.938,-0.01,0.237,-0.228,-13.418,-0.786,1549046637699
5,-0.824,0.083,0.15,-0.956,-9.977,-0.134,1549046637718
5,-0.383,0.232,0.183,-1.216,-8.205,0.157,1549046637738
5,-0.542,0.288,0.239,-1.25,-9.763,-0.608,1549046637758
5,-0.78,0.282,0.272,-0.737,-12.285,-1.219,1549046637779
5,-0.675,0.405,0.27,-0.519,-10.621,-0.421,1549046637799
5,-0.496,0.491,0.229,-1.181,-9.719,-1.244,1549046637819
6,-0.602,0.39,0.161,-1.536,-10.644,-1.497,1549046637839
6,-0.227,0.334,0.212,-0.749,-11.181,-1.48,1549046637859
6,0.224,0.368,0.233,-1.009,-10.085,-0.759,1549046637879
6,0.309,0.321,0.231,-1.191,-10.481,-0.843,1549046637898
6,-0.138,0.231,0.189,-1.458,-10.441,-1.271,1549046637918
6,-0.158,0.228,0.185,-1.886,-9.766,-0.848,1549046637938
6,-0.041,0.261,0.189,-2.0,-10.384,-0.733,1549046637958
6,-0.18,0.18,0.144,-1.674,-10.492,-0.643,1549046637978
6,-0.233,0.138,0.167,-1.552,-10.008,-1.557,1549046637998
6,-0.098,0.173,0.2,-2.101,-10.064,-0.868,1549046638019
6,-0.076,0.254,0.192,-1.996,-10.441,-1.244,1549046638039
7,-0.052,0.229,0.17,-2.204,-10.324,-0.895,1549046638058
7,0.041,0.175,0.141,-1.817,-10.437,-1.527,1549046638078
7,0.028,0.144,0.112,-2.159,-9.959,-1.478,1549046638098
7,0.082,0.204,0.112,-1.964,-10.454,-1.259,1549046638119
7,0.107,0.209,0.103,-1.864,-9.99,-1.293,1549046638139
7,0.148,0.143,0.141,-1.704,-10.167,-0.993,1549046638159
7,0.129,0.02,0.185,-1.608,-10.598,-1.541,1549046638178
7,-0.106,-0.105,0.143,-1.586,-9.803,-1.635,1549046638199
7,-0.144,-0.081,0.141,-1.516,-10.559,-1.904,1549046638218
7,-0.331,-0.071,0.175,-1.902,-10.379,-1.642,1549046638239
7,-0.379,-0.147,0.199,-1.699,-10.554,-1.308,1549046638259
8,-0.402,-0.333,0.194,-1.588,-10.227,-1.788,1549046638279
8,-0.603,-0.511,0.138,-1.591,-9.848,-3.334,1549046638299
8,-0.878,-0.509,0.143,-1.499,-11.171,-3.35,1549046638319
8,-0.968,-0.482,0.131,-1.514,-10.697,-2.172,1549046638339
8,-1.005,-0.537,0.116,-1.256,-10.685,-2.771,1549046638359
8,-1.015,-0.643,0.117,-1.469,-10.147,-3.326,1549046638378
8,-0.894,-0.64,0.189,-2.552,-8.784,-2.876,1549046638399
8,-1.064,-0.628,0.169,-1.566,-11.979,-2.236,1549046638419
8,-1.039,-0.677,0.158,-1.817,-9.186,-2.132,1549046638439
8,-1.003,-0.673,0.197,-1.885,-9.394,-3.286,1549046638459
8,-1.271,-0.662,0.223,-2.036,-9.924,-3.638,1549046638479
8,-1.384,-0.638,0.225,-2.527,-10.237,-2.732,1549046638498
9,-1.029,-0.6,0.248,-2.486,-9.141,-2.83,1549046638519
9,-0.771,-0.547,0.223,-2.255,-8.939,-3.4,1549046638539
9,-0.839,-0.469,0.228,-2.368,-9.496,-2.971,1549046638559
9,-0.87,-0.413,0.24,-2.42,-10.132,-2.8,1549046638579
9,-0.536,-0.394,0.226,-2.781,-8.868,-2.904,1549046638599
9,-0.2,-0.322,0.215,-2.814,-9.145,-2.892,1549046638619
9,-0.214,-0.263,0.196,-2.407,-8.382,-3.893,1549046638639
9,-0.253,-0.241,0.204,-2.558,-10.278,-3.57,1549046638659
9,-0.047,-0.227,0.227,-2.882,-9.768,-2.955,1549046638679
9,0.077,-0.255,0.226,-2.82,-9.065,-3.351,1549046638699
9,0.003,-0.274,0.212,-2.59,-8.909,-3.688,1549046638720
10,-0.033,-0.324,0.218,-2.508,-10.354,-4.98,1549046638739
10,-0.034,-0.398,0.259,-3.41,-8.784,-2.896,1549046638759
10,0.217,-0.352,0.272,-2.663,-9.73,-4.058,1549046638779
10,0.102,-0.386,0.224,-3.151,-9.222,-3.718,1549046638800
10,-0.059,-0.445,0.228,-3.47,-9.176,-3.521,1549046638819
10,-0.038,-0.452,0.229,-4.249,-7.867,-3.694,1549046638839
10,0.115,-0.404,0.197,-3.645,-10.323,-2.579,1549046638859
10,-0.057,-0.502,0.118,-3.613,-8.052,-3.5,1549046638880
10,0.157,-0.495,0.143,-3.019,-9.265,-3.87,1549046638899
10,0.171,-0.48,0.165,-3.72,-10.287,-2.908,1549046638919
10,0.342,-0.41,0.194,-3.513,-9.952,-2.492,1549046638940
11,0.465,-0.406,0.192,-3.291,-8.969,-2.758,1549046638959
11,0.689,-0.417,0.163,-3.492,-8.318,-2.915,1549046638980
11,0.743,-0.351,0.154,-3.904,-9.729,-2.104,1549046638999
11,0.611,-0.238,0.159,-4.052,-9.013,-1.824,1549046639019
11,0.623,-0.195,0.129,-3.87,-8.384,-2.338,1549046639039
11,0.763,-0.174,0.094,-3.826,-8.44,-2.026,1549046639059
11,0.831,-0.058,0.117,-3.846,-9.901,-1.653,1549046639080
11,0.828,0.034,0.122,-3.613,-9.663,-1.039,1549046639099
11,0.88,0.038,0.095,-3.771,-9.021,-0.967,1549046639120
11,0.816,0.01,0.075,-4.273,-8.313,-1.328,1549046639139
11,0.86,0.053,0.092,-3.973,-9.442,-1.603,1549046639159
11,0.819,0.005,0.065,-3.822,-9.209,-0.971,1549046639180
12,0.877,-0.022,0.052,-3.777,-9.206,-1.396,1549046639200
12,0.753,-0.073,0.057,-4.26,-8.794,-1.888,1549046639220
12,0.672,-0.101,0.082,-4.066,-9.317,-1.83,1549046639240
12,0.576,-0.149,0.075,-3.978,-9.089,-1.868,1549046639260
12,0.514,-0.181,0.073,-3.773,-9.089,-1.872,1549046639280
12,0.4,-0.202,0.089,-4.439,-9.0,-2.06,1549046639300
12,0.3,-0.168,0.138,-4.653,-9.379,-1.886,1549046639320
12,0.233,-0.192,0.127,-4.342,-8.978,-1.233,1549046639340
12,0.353,-0.263,0.117,-4.493,-9.818,-0.496,1549046639360
12,0.384,-0.355,0.094,-4.318,-8.6,-1.502,1549046639380
12,0.368,-0.32,0.082,-4.834,-9.595,-0.447,1549046639400
12,0.44,-0.191,0.117,-4.626,-9.917,0.02,1549046639420
12,0.498,-0.197,0.065,-4.595,-8.797,0.149,1549046639440
13,0.458,-0.234,0.017,-4.537,-8.322,-0.48,1549046639459
13,0.501,-0.216,0.061,-4.815,-9.498,0.013,1549046639479
13,0.505,-0.153,0.081,-4.714,-9.638,0.549,1549046639500
13,0.555,-0.121,0.075,-4.672,-9.359,0.57,1549046639520
13,0.546,-0.089,0.042,-4.607,-8.84,0.798,1549046639540
13,0.535,-0.135,0.044,-4.034,-9.751,-0.069,1549046639560
13,0.604,-0.157,0.05,-4.522,-9.604,1.599,1549046639580
13,0.708,-0.109,0.079,-4.285,-9.909,0.792,1549046639600
13,0.649,-0.107,0.072,-4.471,-9.441,1.113,1549046639620
13,0.615,-0.134,0.048,-4.114,-9.079,0.772,1549046639640
13,0.577,-0.16,0.058,-3.926,-9.132,0.792,1549046639660
13,0.618,-0.129,0.112,-4.094,-9.699,1.673,1549046639680
14,0.557,-0.099,0.166,-4.351,-9.259,1.861,1549046639700
14,0.322,-0.116,0.17,-4.229,-9.253,1.198,1549046639721
14,0.201,-0.1,0.161,-3.703,-9.453,0.875,1549046639740
14,0.208,-0.081,0.166,-4.09,-9.297,1.402,1549046639760
14,0.119,-0.131,0.199,-4.32,-8.851,1.415,1549046639780
14,0.171,-0.162,0.246,-4.0,-8.82,0.856,1549046639800
14,0.08,-0.144,0.247,-3.898,-9.071,0.735,1549046639820
14,-0.009,-0.13,0.236,-4.079,-9.388,1.316,1549046639840
14,-0.061,-0.205,0.213,-4.119,-8.469,1.094,1549046639860
14,-0.057,-0.27,0.213,-4.228,-8.195,1.052,1549046639881
14,-0.003,-0.251,0.247,-4.019,-7.993,0.641,1549046639900
14,-0.156,-0.174,0.25,-5.196,-8.4,1.474,1549046639921
14,-0.425,-0.128,0.249,-4.51,-9.089,1.757,1549046639940
15,-0.199,-0.241,0.236,-4.321,-7.989,1.55,1549046639960
15,-0.172,-0.286,0.22,-4.18,-7.799,0.909,1549046639981
15,-0.231,-0.255,0.221,-5.029,-8.438,2.094,1549046640000
15,-0.43,-0.179,0.233,-4.768,-8.707,1.515,1549046640020
15,-0.403,-0.164,0.208,-4.827,-8.256,0.681,1549046640040
15,-0.464,-0.137,0.224,-4.953,-8.006,0.311,1549046640060
15,-0.511,-0.132,0.269,-5.062,-8.914,0.559,1549046640081
15,-0.635,-0.111,0.269,-5.161,-8.66,1.611,1549046640101
15,-0.817,-0.079,0.258,-5.231,-8.982,1.377,1549046640120
15,-0.841,-0.097,0.256,-4.733,-8.415,0.684,1549046640140
15,-0.632,-0.11,0.256,-4.455,-8.007,0.282,1549046640161
16,-0.71,-0.067,0.279,-5.005,-8.333,-0.449,1549046640180
16,-1.124,-0.031,0.298,-5.653,-8.55,0.16,1549046640200
16,-1.228,0.032,0.317,-5.153,-8.3,0.441,1549046640220
16,-1.223,0.099,0.321,-4.846,-8.897,0.529,1549046640240
16,-1.289,0.161,0.385,-4.511,-8.362,-1.162,1549046640261
16,-1.24,0.213,0.419,-5.046,-8.265,-1.054,1549046640281
16,-1.247,0.236,0.424,-5.253,-8.546,-0.695,1549046640301
16,-1.081,0.159,0.418,-5.065,-8.806,-0.974,1549046640321
16,-1.011,0.09,0.408,-5.033,-8.885,-0.604,1549046640340
16,-0.999,0.07,0.365,-5.443,-8.502,-1.353,1549046640361
16,-0.937,0.125,0.366,-5.39,-8.067,-1.579,1549046640381
16,-0.84,0.123,0.363,-5.175,-8.701,-1.43,1549046640401
17,-0.895,0.092,0.363,-5.872,-7.665,-0.745,1549046640421
17,-0.965,0.186,0.374,-5.915,-7.596,-1.09,1549046640441
17,-0.894,0.283,0.386,-6.06,-7.915,-1.319,1549046640461
17,-0.753,0.358,0.389,-5.924,-8.785,-0.97,1549046640481
17,-0.691,0.329,0.396,-6.099,-7.587,-1.661,1549046640501
17,-0.59,0.274,0.377,-5.978,-8.315,-2.406,1549046640521
17,-0.711,0.303,0.397,-5.82,-8.405,-2.308,1549046640541
17,-0.596,0.264,0.375,-5.606,-8.341,-2.198,1549046640561
17,-0.525,0.274,0.325,-5.951,-7.913,-1.954,1549046640581
17,-0.567,0.262,0.272,-6.343,-7.081,-2.431,1549046640601
17,-0.489,0.275,0.254,-6.26,-8.208,-1.412,1549046640621
17,0.076,0.239,0.307,-6.131,-6.748,-2.189,1549046640641
18,0.415,0.158,0.284,-5.906,-6.955,-2.453,1549046640661
18,0.072,0.156,0.188,-5.698,-6.531,-3.336,1549046640681
18,-0.166,0.235,0.126,-6.393,-6.734,-2.247,1549046640701
18,-0.26,0.267,0.068,-6.648,-6.351,-2.048,1549046640722
18,-0.063,0.238,0.007,-6.074,-6.999,-3.067,1549046640741
18,-0.247,0.271,-0.048,-6.188,-6.449,-3.843,1549046640761
18,-0.494,0.358,-0.061,-6.683,-7.151,-3.947,1549046640781
18,-0.502,0.374,-0.073,-6.499,-7.291,-3.434,1549046640801
18,-0.402,0.38,-0.062,-6.539,-6.384,-4.172,1549046640821
18,-0.371,0.361,-0.01,-6.576,-7.017,-3.606,1549046640842
18,-0.479,0.321,0.021,-6.447,-7.055,-4.283,1549046640862
19,-0.47,0.23,0.011,-6.827,-7.138,-3.138,1549046640882
19,-0.399,0.259,0.039,-7.121,-6.628,-4.039,1549046640902
19,-0.377,0.241,0.065,-6.89,-5.715,-4.942,1549046640922
19,-0.386,0.234,0.09,-6.398,-6.311,-4.263,1549046640942
19,-0.425,0.308,0.133,-6.411,-7.319,-3.463,1549046640961
19,-0.422,0.402,0.2,-6.176,-6.459,-4.57,1549046640981
19,-0.343,0.412,0.245,-5.371,-6.143,-5.561,1549046641001
19,-0.421,0.442,0.268,-5.966,-6.624,-4.22,1549046641022
19,-0.544,0.526,0.301,-6.536,-6.306,-4.467,1549046641042
19,-0.525,0.521,0.329,-6.373,-6.022,-4.57,1549046641061
19,-0.466,0.479,0.333,-6.489,-5.855,-4.692,1549046641081
19,-0.339,0.458,0.318,-6.646,-5.883,-5.022,1549046641102
19,-0.214,0.489,0.306,-6.116,-5.608,-4.652,1549046641122
20,-0.133,0.53,0.307,-6.043,-5.577,-5.052,1549046641142
20,-0.225,0.555,0.278,-5.854,-5.617,-5.959,1549046641162
20,-0.29,0.547,0.253,-6.159,-5.585,-5.335,1549046641182
20,-0.326,0.544,0.259,-6.37,-5.785,-5.505,1549046641202
20,-0.356,0.463,0.189,-6.37,-5.475,-6.342,1549046641221
20,-0.288,0.379,0.105,-6.153,-5.478,-6.409,1549046641242
20,-0.191,0.409,0.051,-6.056,-5.75,-5.756,1549046641262
20,-0.151,0.464,0.018,-5.992,-5.742,-6.233,1549046641282
20,-0.054,0.453,-0.007,-6.395,-5.262,-6.133,1549046641302
20,0.007,0.458,-0.013,-6.388,-5.792,-5.54,1549046641321
20,-0.094,0.435,-0.038,-6.438,-5.799,-5.881,1549046641342
21,-0.175,0.345,-0.093,-6.206,-6.619,-5.998,1549046641362
21,-0.197,0.306,-0.1,-6.153,-6.136,-6.509,1549046641382
21,-0.132,0.315,-0.061,-6.136,-6.078,-7.155,1549046641402
21,-0.195,0.381,-0.014,-6.073,-6.889,-6.9,1549046641422
21,-0.307,0.326,-0.026,-5.82,-7.037,-6.728,1549046641442
21,-0.293,0.157,-0.147,-5.804,-6.88,-6.822,1549046641462
21,-0.099,0.092,-0.08,-5.934,-5.74,-7.206,1549046641481
21,-0.052,0.165,-0.034,-5.73,-6.515,-6.791,1549046641502
21,-0.387,0.322,-0.001,-5.722,-6.511,-6.275,1549046641521
21,-0.487,0.313,-0.012,-5.769,-6.317,-6.529,1549046641542
21,-0.532,0.261,-0.035,-5.738,-6.413,-5.915,1549046641562
21,-0.403,0.27,-0.048,-5.565,-6.004,-6.241,1549046641582
21,-0.342,0.236,-0.066,-5.471,-6.086,-6.361,1549046641602
22,-0.402,0.262,-0.067,-5.247,-5.564,-6.903,1549046641622
22,-0.336,0.304,-0.067,-5.688,-6.036,-6.432,1549046641642
22,-0.167,0.384,-0.05,-5.444,-5.811,-6.575,1549046641662
22,-0.068,0.383,-0.046,-5.305,-5.905,-6.531,1549046641682
22,-0.063,0.38,-0.042,-4.804,-6.192,-7.41,1549046641702
22,-0.038,0.336,-0.042,-4.948,-6.153,-7.497,1549046641722
22,0.0,0.341,-0.058,-5.077,-5.299,-7.725,1549046641742
22,-0.004,0.357,-0.07,-5.413,-5.54,-7.48,1549046641762
22,-0.105,0.361,-0.061,-5.278,-5.769,-7.787,1549046641782
22,0.022,0.321,-0.09,-5.204,-5.872,-7.276,1549046641802
22,0.188,0.275,-0.08,-5.052,-5.014,-7.297,1549046641823
22,0.205,0.274,-0.075,-5.064,-5.674,-6.997,1549046641843
22,0.096,0.259,-0.061,-4.877,-5.475,-7.963,1549046641863
22,0.05,0.225,-0.068,-4.887,-5.366,-7.879,1549046641883
23,0.046,0.286,-0.035,-4.966,-5.572,-7.087,1549046641903
23,0.018,0.287,-0.05,-4.987,-5.609,-7.661,1549046641923
23,0.014,0.235,-0.075,-4.661,-5.578,-7.349,1549046641943
23,0.163,0.133,-0.1,-4.429,-5.289,-8.338,1549046641963
23,0.105,0.064,-0.112,-4.099,-6.256,-8.203,1549046641983
23,-0.068,0.081,-0.127,-3.998,-6.343,-7.724,1549046642002
23,-0.06,0.004,-0.162,-3.936,-6.3,-7.569,1549046642022
23,-0.025,-0.08,-0.213,-4.063,-6.19,-7.73,1549046642042
23,-0.012,-0.093,-0.247,-4.113,-5.994,-7.533,1549046642062
23,-0.063,-0.097,-0.262,-4.128,-6.117,-7.531,1549046642083
24,-0.047,-0.112,-0.272,-4.31,-5.898,-7.53,1549046642102
24,0.005,-0.121,-0.284,-4.408,-5.558,-7.379,1549046642123
24,0.013,-0.122,-0.293,-4.558,-5.762,-7.454,1549046642143
24,-0.042,-0.101,-0.304,-4.802,-5.764,-7.494,1549046642162
24,-0.052,-0.133,-0.33,-4.612,-5.944,-7.314,1549046642183
24,0.007,-0.169,-0.344,-4.586,-5.758,-7.729,1549046642203
24,-0.003,-0.158,-0.337,-4.818,-6.124,-6.704,1549046642223
24,-0.103,-0.157,-0.326,-4.915,-6.347,-6.795,1549046642243
24,-0.054,-0.223,-0.331,-4.689,-5.967,-7.258,1549046642263
24,0.104,-0.27,-0.321,-4.816,-5.833,-7.444,1549046642283
24,0.042,-0.241,-0.272,-4.815,-6.707,-6.75,1549046642302
25,-0.046,-0.197,-0.229,-4.515,-6.945,-6.898,1549046642323
25,-0.035,-0.221,-0.238,-4.445,-6.843,-7.034,1549046642342
25,-0.067,-0.215,-0.245,-4.704,-6.63,-6.989,1549046642363
25,-0.12,-0.216,-0.208,-5.216,-6.162,-6.573,1549046642383
25,-0.212,-0.244,-0.18,-4.49,-7.242,-6.366,1549046642403
25,-0.205,-0.315,-0.155,-4.368,-6.57,-6.576,1549046642423
25,-0.162,-0.316,-0.144,-4.415,-6.672,-6.925,1549046642442
25,-0.164,-0.236,-0.105,-4.842,-6.487,-6.358,1549046642463
25,-0.133,-0.173,-0.065,-5.158,-6.125,-7.035,1549046642483
25,-0.06,-0.243,-0.092,-5.223,-6.41,-6.981,1549046642503
25,0.008,-0.386,-0.124,-4.472,-6.769,-7.312,1549046642523
26,-0.018,-0.456,-0.113,-4.536,-6.271,-7.216,1549046642543
26,0.084,-0.394,-0.093,-4.908,-5.966,-6.862,1549046642563
26,0.144,-0.309,-0.049,-4.689,-6.78,-6.391,1549046642583
26,0.08,-0.327,-0.06,-4.532,-6.898,-6.336,1549046642603
26,0.008,-0.429,-0.132,-4.141,-6.591,-7.491,1549046642623
26,0.104,-0.385,-0.142,-4.52,-6.424,-7.167,1549046642643
26,0.096,-0.301,-0.092,-4.43,-6.371,-6.935,1549046642663
26,0.219,-0.285,-0.075,-4.203,-6.257,-7.018,1549046642683
26,0.154,-0.244,-0.068,-4.448,-6.431,-6.482,1549046642703
26,0.114,-0.192,-0.056,-4.753,-6.228,-6.352,1549046642723
26,0.16,-0.156,-0.06,-4.743,-5.861,-6.626,1549046642744
26,0.231,-0.13,-0.061,-4.727,-6.953,-6.362,1549046642763
27,0.099,-0.127,-0.016,-5.228,-5.753,-6.396,1549046642783
27,0.206,-0.031,0.011,-5.127,-6.341,-5.357,1549046642804
27,0.152,-0.018,-0.002,-5.506,-5.518,-5.954,1549046642823
27,0.274,-0.067,-0.056,-4.01,-7.07,-6.263,1549046642843
27,0.113,-0.062,-0.045,-3.128,-6.822,-6.516,1549046642864
27,0.071,0.026,-0.036,-5.059,-6.763,-6.048,1549046642884
27,0.069,-0.014,-0.129,-4.941,-5.965,-5.927,1549046642904
27,0.047,-0.063,-0.16,-4.367,-6.538,-6.826,1549046642923
27,0.091,-0.047,-0.135,-5.109,-6.538,-6.617,1549046642943
27,0.157,-0.059,-0.145,-4.382,-6.872,-5.977,1549046642963
27,0.122,-0.111,-0.147,-4.607,-6.86,-6.139,1549046642984
27,0.092,-0.133,-0.152,-4.435,-6.443,-6.75,1549046643003
27,0.02,-0.101,-0.123,-4.395,-7.043,-6.448,1549046643024
27,-0.052,-0.072,-0.103,-4.466,-6.878,-6.976,1549046643043
27,0.023,-0.096,-0.086,-4.565,-7.094,-6.293,1549046643063
28,0.055,-0.113,-0.037,-3.659,-7.143,-6.928,1549046643084
28,0.06,-0.192,-0.052,-4.916,-6.881,-6.228,1549046643104
28,0.004,-0.217,-0.109,-5.285,-6.209,-6.333,1549046643123
28,-0.001,-0.253,-0.142,-5.488,-6.092,-6.619,1549046643143
28,-0.027,-0.237,-0.146,-5.241,-6.606,-6.215,1549046643164
28,0.033,-0.202,-0.124,-4.941,-7.227,-6.227,1549046643183
28,0.081,-0.235,-0.124,-4.762,-6.57,-6.135,1549046643204
28,0.097,-0.228,-0.111,-4.903,-6.751,-5.642,1549046643224
28,-0.013,-0.187,-0.093,-4.776,-7.097,-5.648,1549046643243
28,0.027,-0.195,-0.093,-4.382,-7.487,-5.977,1549046643263
28,0.295,-0.222,-0.08,-4.526,-7.307,-5.554,1549046643284
28,0.4,-0.18,-0.061,-4.602,-7.633,-5.68,1549046643304
28,0.436,-0.187,-0.068,-4.227,-7.739,-5.823,1549046643324
29,0.568,-0.204,-0.08,-4.341,-7.58,-4.875,1549046643344
29,0.914,-0.27,-0.104,-3.622,-7.377,-5.478,1549046643364
29,1.039,-0.27,-0.339,-4.571,-7.016,-5.321,1549046643384
29,0.644,-0.253,-0.229,-4.921,-8.915,-5.015,1549046643403
29,0.439,-0.253,-0.213,-4.047,-8.558,-5.044,1549046643423
29,0.823,-0.266,-0.282,-4.276,-8.343,-4.216,1549046643444
29,1.018,-0.215,-0.32,-4.966,-6.679,-4.264,1549046643464
29,0.625,-0.212,-0.35,-5.202,-7.457,-4.667,1549046643484
29,0.464,-0.223,-0.426,-5.235,-9.129,-4.8,1549046643504
29,1.003,-0.328,-0.499,-4.727,-7.789,-3.395,1549046643524
29,1.272,-0.302,-0.447,-5.286,-8.402,-3.851,1549046643544
29,0.735,-0.23,-0.401,-5.371,-8.192,-4.046,1549046643564
30,0.465,-0.208,-0.391,-5.281,-8.263,-4.452,1549046643584
30,0.396,-0.213,-0.32,-5.415,-8.509,-4.331,1549046643604
30,0.861,-0.183,-0.281,-4.942,-7.154,-3.306,1549046643624
30,0.76,-0.152,-0.215,-4.671,-8.676,-3.803,1549046643644
30,-0.023,-0.065,-0.106,-4.733,-8.682,-3.977,1549046643664
30,-0.244,-0.012,-0.082,-4.665,-7.567,-3.533,1549046643684
30,-0.052,-0.08,-0.11,-4.195,-7.276,-3.095,1549046643704
30,0.214,-0.055,-0.167,-4.359,-8.472,-3.251,1549046643724
30,0.041,0.028,-0.172,-4.41,-9.635,-3.96,1549046643744
30,-0.046,-0.02,-0.175,-4.284,-9.48,-4.283,1549046643764
30,0.148,-0.106,-0.18,-4.402,-8.232,-3.628,1549046643784
30,0.408,-0.062,-0.105,-4.514,-8.288,-3.337,1549046643804
30,0.171,-0.023,-0.083,-4.605,-8.781,-4.097,1549046643825
31,0.01,-0.053,-0.089,-4.522,-8.884,-4.433,1549046643844
31,0.091,-0.058,-0.084,-4.658,-8.114,-3.839,1549046643865
31,0.216,-0.005,-0.033,-4.61,-7.851,-3.527,1549046643884
31,0.151,0.04,-0.007,-4.409,-8.295,-3.52,1549046643904
31,0.043,0.021,-0.019,-4.364,-9.24,-3.599,1549046643923
31,0.102,0.026,-0.024,-4.348,-9.026,-3.599,1549046643944
31,0.271,0.028,0.01,-4.236,-8.237,-3.405,1549046643964
31,0.202,-0.007,0.033,-3.909,-8.226,-3.637,1549046643984
31,-0.013,-0.053,0.015,-4.151,-8.973,-3.284,1549046644004
31,-0.019,-0.047,0.019,-4.195,-9.376,-3.113,1549046644024
31,0.202,-0.063,0.001,-4.063,-8.308,-2.973,1549046644044
32,0.203,-0.014,0.017,-4.308,-8.489,-3.132,1549046644065
32,0.121,0.039,-0.008,-4.641,-8.7,-3.567,1549046644084
32,0.063,0.024,-0.004,-4.555,-8.286,-3.22,1549046644104
32,0.044,0.027,-0.012,-4.114,-9.177,-3.29,1549046644124
32,-0.085,-0.007,-0.023,-4.338,-9.426,-3.286,1549046644144
32,-0.032,-0.039,-0.026,-4.026,-9.07,-3.301,1549046644165
32,0.012,-0.031,-0.003,-4.215,-8.543,-3.389,1549046644185
32,0.013,-0.002,0.008,-4.053,-8.447,-3.077,1549046644204
32,-0.084,0.006,0.017,-4.123,-8.933,-3.464,1549046644225
32,-0.109,0.067,0.037,-4.204,-8.889,-3.636,1549046644244
32,-0.118,0.069,0.044,-4.837,-8.645,-3.446,1549046644264
32,-0.067,0.047,0.004,-4.806,-9.119,-3.432,1549046644284
33,-0.088,0.012,-0.005,-4.691,-9.054,-3.38,1549046644305
33,-0.044,-0.021,0.005,-4.474,-8.249,-3.031,1549046644324
33,-0.015,-0.042,-0.004,-4.366,-8.443,-3.057,1549046644344
33,-0.028,-0.009,-0.02,-3.686,-9.132,-3.513,1549046644364
33,-0.063,-0.003,-0.001,-3.769,-8.87,-3.225,1549046644385
33,0.029,0.012,-0.006,-3.975,-8.796,-3.229,1549046644404
33,-0.036,0.008,-0.008,-4.127,-9.016,-3.565,1549046644425
33,-0.059,0.019,-0.026,-4.449,-8.883,-3.521,1549046644444
33,0.062,0.026,-0.021,-4.36,-8.728,-3.262,1549046644465
33,0.078,0.002,-0.021,-4.247,-8.445,-2.899,1549046644485
33,0.099,0.023,-0.044,-4.273,-8.727,-2.701,1549046644504
33,0.113,0.035,-0.056,-4.229,-9.417,-3.115,1549046644525
34,0.066,0.009,-0.073,-4.38,-9.296,-2.825,1549046644544
34,0.003,-0.033,-0.082,-4.429,-9.006,-3.256,1549046644565
34,-0.138,-0.051,-0.061,-4.658,-8.241,-3.336,1549046644584
34,-0.144,-0.001,0.009,-4.502,-8.205,-3.211,1549046644604
34,-0.282,0.022,-0.001,-4.642,-8.572,-3.399,1549046644624
34,-0.461,0.044,-0.018,-4.386,-8.096,-2.17,1549046644644
34,-1.059,0.148,0.029,-4.677,-9.552,-3.949,1549046644665
34,-1.281,0.217,0.076,-4.722,-9.444,-4.678,1549046644684
34,-0.686,0.152,0.041,-4.658,-9.15,-4.445,1549046644705
34,0.005,0.07,0.011,-4.257,-7.011,-3.818,1549046644725
34,-0.008,-0.002,-0.02,-3.851,-7.108,-4.484,1549046644745
34,-1.06,0.097,0.032,-4.666,-8.65,-5.258,1549046644764
34,-1.355,0.263,0.095,-4.934,-8.812,-5.213,1549046644785
34,-0.715,0.131,-0.049,-4.482,-7.438,-5.028,1549046644805
35,-0.19,-0.056,-0.122,-4.01,-7.615,-5.73,1549046644824
35,-0.709,-0.095,-0.038,-3.973,-7.576,-6.035,1549046644845
35,-1.055,-0.101,0.049,-3.602,-8.274,-5.796,1549046644865
35,-0.939,-0.202,0.074,-3.234,-7.26,-4.404,1549046644885
35,-0.607,-0.148,0.048,-3.07,-8.25,-3.575,1549046644904
35,-0.684,0.051,0.103,-4.121,-7.834,-5.527,1549046644925
35,-0.53,0.154,0.111,-4.354,-7.696,-6.222,1549046644945
35,-0.413,0.145,0.149,-4.548,-6.91,-6.199,1549046644965
35,-0.274,0.099,0.155,-4.044,-6.709,-5.48,1549046644985
35,-0.576,0.052,0.187,-5.127,-7.371,-4.656,1549046645005
35,-0.748,0.221,0.244,-5.009,-6.411,-5.46,1549046645025
35,-1.093,0.111,0.346,-4.855,-5.525,-7.441,1549046645045
35,-1.504,0.022,0.447,-4.554,-5.229,-8.389,1549046645065
35,-1.915,-0.065,0.515,-3.656,-6.238,-6.98,1549046645085
35,-2.316,-0.204,0.448,-3.203,-11.132,-4.247,1549046645105
36,-2.133,-0.024,0.462,-5.037,-9.585,-5.974,1549046645125
36,-0.874,0.25,0.313,-5.33,-5.04,-6.916,1549046645145
36,-0.208,0.271,0.19,-4.681,-5.252,-8.301,1549046645165
36,-0.426,0.121,0.203,-4.311,-6.967,-6.672,1549046645185
36,-0.474,0.132,0.224,-4.486,-8.063,-6.325,1549046645205
36,-0.324,0.138,0.139,-4.804,-5.361,-7.824,1549046645225
36,-0.044,0.117,0.052,-5.123,-5.036,-6.876,1549046645245
36,-0.122,0.163,0.066,-4.992,-6.24,-7.437,1549046645265
36,-0.385,0.047,0.058,-4.534,-6.251,-7.836,1549046645285
36,-0.29,-0.028,0.037,-4.347,-5.755,-7.382,1549046645306
36,-0.238,-0.042,0.021,-4.805,-5.998,-7.633,1549046645326
37,-0.206,-0.057,0.035,-4.764,-5.216,-7.687,1549046645345
37,-0.201,-0.028,0.068,-4.388,-6.116,-7.657,1549046645365
37,-0.298,-0.038,0.097,-4.428,-6.022,-7.585,1549046645385
37,-0.126,-0.049,0.088,-4.946,-5.108,-8.132,1549046645405
37,-0.085,-0.051,0.07,-4.671,-5.104,-7.763,1549046645425
37,-0.275,-0.057,0.089,-4.842,-6.31,-7.756,1549046645445
37,-0.409,-0.095,0.067,-4.759,-5.866,-7.594,1549046645466
37,-0.225,-0.148,0.02,-5.303,-5.107,-8.013,1549046645486
37,-0.168,-0.141,0.02,-5.168,-4.847,-8.119,1549046645506
37,-0.274,-0.191,0.024,-5.26,-6.286,-7.387,1549046645525
37,-0.251,-0.254,0.028,-5.133,-6.255,-7.429,1549046645545
38,-0.086,-0.322,0.009,-5.103,-4.582,-8.388,1549046645566
38,0.027,-0.304,0.012,-5.615,-5.082,-8.193,1549046645586
38,-0.238,-0.277,0.075,-4.989,-6.309,-7.713,1549046645606
38,-0.162,-0.317,0.107,-5.411,-6.444,-7.767,1549046645625
38,0.059,-0.353,0.097,-4.908,-4.877,-7.824,1549046645646
38,0.258,-0.319,0.087,-5.434,-5.309,-7.641,1549046645665
38,0.215,-0.237,0.075,-5.631,-5.353,-7.225,1549046645685
38,0.166,-0.198,0.081,-5.165,-5.371,-7.689,1549046645705
38,0.229,-0.188,0.057,-5.398,-6.117,-7.059,1549046645726
38,0.397,-0.126,0.016,-5.891,-5.509,-7.042,1549046645746
38,0.551,-0.127,-0.006,-5.548,-5.218,-6.986,1549046645766
38,0.506,-0.145,-0.063,-5.408,-5.08,-7.497,1549046645785
39,0.452,-0.169,-0.056,-5.781,-4.844,-7.326,1549046645805
39,0.572,-0.139,-0.041,-5.412,-5.223,-6.826,1549046645826
39,0.567,-0.09,-0.012,-5.323,-5.331,-6.935,1549046645846
39,0.436,-0.025,0.048,-5.215,-5.641,-7.282,1549046645865
39,0.5,0.048,0.105,-5.273,-5.279,-7.101,1549046645886
39,0.541,0.114,0.17,-5.444,-6.013,-6.481,1549046645906
39,0.429,0.179,0.245,-4.949,-5.547,-7.1,1549046645926
39,0.439,0.19,0.27,-5.358,-5.681,-7.013,1549046645945
39,0.472,0.209,0.244,-5.275,-5.718,-6.624,1549046645965
39,0.461,0.287,0.249,-5.352,-5.846,-6.525,1549046645986
40,0.435,0.356,0.266,-5.534,-6.478,-5.702,1549046646005
40,0.495,0.34,0.239,-5.234,-5.865,-6.215,1549046646026
40,0.559,0.262,0.192,-5.491,-5.092,-6.385,1549046646046
40,0.442,0.228,0.224,-5.687,-5.345,-6.635,1549046646066
40,0.198,0.207,0.23,-5.155,-6.775,-6.38,1549046646086
40,0.186,0.174,0.212,-5.062,-7.03,-6.208,1549046646106
40,0.211,0.144,0.172,-5.228,-5.61,-6.622,1549046646126
40,0.308,0.105,0.147,-5.967,-6.196,-5.295,1549046646146
40,0.327,0.073,0.088,-5.111,-6.259,-6.417,1549046646166
40,0.18,-0.006,0.045,-5.471,-6.47,-5.705,1549046646186
40,0.177,-0.052,0.024,-5.267,-6.247,-6.374,1549046646206
40,0.355,-0.096,0.016,-5.278,-6.507,-5.909,1549046646226
41,0.442,-0.114,0.0,-5.669,-6.13,-5.52,1549046646246
41,0.304,-0.134,-0.019,-5.186,-6.488,-5.916,1549046646266
41,0.257,-0.165,-0.041,-5.313,-6.81,-5.59,1549046646286
41,0.439,-0.165,-0.074,-5.423,-6.626,-5.715,1549046646306
41,0.541,-0.205,-0.135,-5.593,-5.975,-5.678,1549046646326
41,0.564,-0.24,-0.19,-5.579,-7.106,-5.32,1549046646346
41,0.515,-0.277,-0.215,-5.265,-6.401,-5.656,1549046646366
41,0.721,-0.254,-0.269,-5.723,-6.086,-5.288,1549046646386
41,0.66,-0.25,-0.228,-5.44,-6.174,-5.883,1549046646407
41,0.505,-0.258,-0.239,-5.477,-5.972,-5.618,1549046646426
41,0.465,-0.269,-0.171,-5.189,-6.936,-5.019,1549046646446
41,0.551,-0.273,-0.136,-5.516,-6.497,-5.174,1549046646466
41,0.57,-0.228,-0.108,-5.8,-6.529,-4.684,1549046646487
41,0.337,-0.247,-0.083,-5.51,-6.593,-5.092,1549046646506
42,0.313,-0.317,-0.043,-5.709,-6.486,-4.933,1549046646526
42,0.423,-0.338,0.049,-5.862,-6.436,-4.629,1549046646546
42,0.443,-0.244,0.143,-5.425,-7.148,-5.117,1549046646566
42,0.215,-0.156,0.163,-5.717,-7.242,-4.328,1549046646586
42,0.085,-0.171,0.209,-5.721,-7.341,-5.224,1549046646606
42,0.094,-0.189,0.202,-5.942,-7.133,-4.52,1549046646626
42,0.192,-0.127,0.183,-6.035,-7.444,-4.188,1549046646647
42,0.147,-0.176,0.138,-6.11,-7.269,-4.221,1549046646666
42,0.114,-0.275,0.103,-5.805,-7.598,-4.661,1549046646687
42,0.255,-0.296,0.064,-6.072,-7.18,-4.008,1549046646707
42,0.445,-0.27,0.047,-6.258,-7.0,-3.521,1549046646726
42,0.443,-0.266,0.045,-5.851,-7.483,-4.905,1549046646747
43,0.343,-0.253,0.044,-5.963,-7.211,-4.551,1549046646766
43,0.346,-0.192,0.089,-6.013,-7.599,-4.008,1549046646786
43,0.417,-0.1,0.109,-5.931,-7.189,-3.488,1549046646807
43,0.488,-0.053,0.123,-5.624,-7.045,-4.867,1549046646826
43,0.567,0.028,0.153,-5.679,-7.087,-4.64,1549046646846
43,0.543,0.178,0.227,-5.591,-7.525,-3.793,1549046646867
43,0.698,0.335,0.274,-5.744,-7.355,-2.788,1549046646887
43,0.632,0.387,0.308,-5.682,-6.982,-2.8,1549046646907
43,0.658,0.387,0.288,-5.637,-6.962,-3.68,1549046646927
43,0.807,0.388,0.246,-5.734,-6.814,-2.802,1549046646947
43,0.922,0.428,0.227,-5.667,-7.695,-3.033,1549046646967
43,0.69,0.414,0.204,-5.4,-7.692,-3.768,1549046646987
43,0.848,0.395,0.154,-5.552,-6.66,-3.815,1549046647007
43,1.054,0.423,0.178,-5.986,-7.75,-2.156,1549046647027
44,1.093,0.51,0.266,-5.937,-7.061,-3.658,1549046647047
44,1.021,0.555,0.266,-6.039,-6.939,-3.752,1549046647067
44,0.736,0.582,0.233,-6.173,-7.267,-3.564,1549046647087
44,0.658,0.658,0.212,-6.755,-7.709,-1.806,1549046647107
44,0.648,0.675,0.166,-6.566,-6.939,-2.82,1549046647127
44,0.703,0.57,0.104,-6.432,-6.706,-3.478,1549046647147
44,0.755,0.532,0.073,-5.84,-6.736,-4.307,1549046647167
44,0.656,0.612,0.086,-5.9,-7.967,-2.652,1549046647187
44,0.352,0.634,0.074,-6.036,-7.889,-2.314,1549046647207
44,0.151,0.533,0.071,-5.816,-7.192,-3.114,1549046647227
44,0.202,0.459,0.115,-5.413,-7.082,-3.976,1549046647247
44,0.224,0.483,0.139,-6.435,-8.159,-2.996,1549046647267
45,0.094,0.547,0.167,-6.245,-8.015,-1.652,1549046647287
45,-0.049,0.411,0.119,-5.825,-8.183,-2.587,1549046647307
45,-0.056,0.176,0.023,-5.609,-7.261,-3.568,1549046647327
45,0.074,0.077,0.0,-5.724,-6.654,-3.89,1549046647347
45,0.143,0.069,0.025,-6.018,-9.159,-2.324,1549046647367
45,0.128,0.045,-0.041,-5.853,-7.755,-2.326,1549046647387
45,0.14,-0.025,-0.109,-5.938,-6.964,-2.929,1549046647407
45,0.097,-0.08,-0.169,-5.842,-6.512,-3.415,1549046647427
45,0.104,-0.097,-0.194,-6.159,-6.929,-2.297,1549046647447
45,0.142,-0.078,-0.151,-5.463,-8.3,-2.845,1549046647467
45,0.062,-0.032,-0.155,-5.786,-7.381,-2.887,1549046647487
45,0.209,0.044,-0.183,-5.713,-7.33,-2.567,1549046647507
46,0.048,0.071,-0.191,-5.834,-6.917,-2.607,1549046647528
46,0.033,0.13,-0.121,-5.694,-7.781,-2.328,1549046647548
46,-0.008,0.18,-0.082,-5.531,-8.43,-2.739,1549046647567
46,0.045,0.224,-0.099,-5.296,-8.445,-1.926,1549046647587
46,0.019,0.208,-0.176,-5.65,-8.288,-2.331,1549046647607
46,0.042,0.173,-0.202,-5.522,-7.899,-2.483,1549046647627
46,0.16,0.204,-0.137,-5.584,-8.295,-2.168,1549046647647
46,0.295,0.178,-0.14,-5.162,-8.5,-2.297,1549046647667
46,0.326,0.185,-0.175,-5.054,-8.553,-2.544,1549046647687
46,0.078,0.223,-0.224,-5.343,-8.143,-2.519,1549046647707
46,-0.013,0.146,-0.288,-5.337,-8.426,-2.339,1549046647727
46,-0.009,0.054,-0.323,-5.259,-7.288,-3.113,1549046647747
47,0.106,0.082,-0.281,-5.068,-8.003,-2.487,1549046647767
47,0.149,0.184,-0.2,-5.135,-8.833,-2.457,1549046647788
47,0.285,0.218,-0.147,-5.224,-8.444,-2.935,1549046647807
47,0.326,0.234,-0.176,-5.416,-8.087,-2.391,1549046647828
47,0.196,0.225,-0.202,-5.388,-7.252,-3.095,1549046647847
47,0.083,0.242,-0.132,-5.832,-8.362,-1.78,1549046647867
47,-0.097,0.196,-0.059,-5.562,-9.594,-2.532,1549046647887
47,-0.094,0.11,0.01,-5.312,-8.451,-2.938,1549046647907
47,0.126,0.099,0.053,-5.193,-8.355,-2.829,1549046647928
47,0.069,0.109,0.057,-5.436,-8.377,-2.35,1549046647947
47,-0.047,0.092,0.114,-5.238,-8.691,-2.954,1549046647967
48,-0.031,0.023,0.134,-4.796,-9.101,-3.19,1549046647988
48,0.02,0.079,0.136,-4.764,-8.197,-2.499,1549046648008
48,-0.002,0.129,0.141,-4.904,-8.559,-2.423,1549046648027
48,-0.103,0.099,0.177,-4.855,-8.853,-2.832,1549046648048
48,-0.004,0.072,0.194,-5.087,-8.765,-3.062,1549046648068
48,0.149,0.084,0.189,-5.21,-8.839,-2.185,1549046648088
48,0.146,0.101,0.17,-5.112,-8.832,-2.831,1549046648108
48,0.077,0.042,0.179,-5.111,-8.526,-3.029,1549046648128
48,0.045,0.075,0.177,-5.214,-8.278,-2.964,1549046648148
48,0.069,0.13,0.181,-5.124,-9.17,-2.583,1549046648168
48,0.095,0.082,0.166,-5.149,-9.012,-3.042,1549046648188
48,0.029,0.05,0.128,-4.666,-8.445,-3.542,1549046648208
48,0.024,0.066,0.105,-5.377,-8.421,-3.226,1549046648227
48,0.121,0.068,0.107,-5.603,-8.247,-3.687,1549046648248
49,0.129,0.059,0.096,-5.834,-8.209,-2.869,1549046648268
49,0.044,0.078,0.072,-5.646,-8.795,-2.676,1549046648287
49,-0.098,0.056,0.033,-5.174,-8.365,-3.314,1549046648308
49,-0.161,0.022,-0.01,-5.105,-7.718,-3.583,1549046648328
49,-0.141,0.024,-0.028,-5.452,-7.752,-2.781,1549046648348
49,-0.001,0.122,-0.01,-5.585,-7.389,-2.763,1549046648368
49,0.07,0.195,0.006,-5.754,-7.894,-2.777,1549046648388
49,0.041,0.225,0.01,-5.661,-7.739,-3.051,1549046648408
49,-0.001,0.189,0.021,-5.894,-7.951,-2.761,1549046648428
49,0.096,0.109,0.019,-5.529,-8.771,-3.312,1549046648448
49,0.025,0.068,-0.027,-5.02,-8.253,-3.666,1549046648468
49,0.022,0.089,-0.057,-4.783,-8.653,-4.07,1549046648488
50,-0.065,0.085,-0.109,-5.418,-7.724,-3.496,1549046648507
50,-0.096,0.133,-0.04,-5.588,-8.534,-3.656,1549046648528
50,-0.068,0.051,-0.002,-5.515,-8.197,-3.949,1549046648547
50,0.031,-0.101,-0.012,-5.133,-8.553,-3.993,1549046648568
50,0.059,-0.101,-0.042,-5.115,-8.641,-3.641,1549046648588
50,-0.089,-0.003,-0.077,-5.408,-8.111,-3.339,1549046648608
50,-0.279,0.046,-0.097,-5.431,-8.039,-3.59,1549046648628
50,-0.441,0.069,-0.094,-5.48,-7.413,-3.593,1549046648648
50,-0.496,0.092,-0.048,-5.646,-7.963,-3.22,1549046648668
50,-0.433,0.1,0.001,-5.432,-8.386,-3.038,1549046648688
50,-0.428,0.131,-0.001,-5.358,-7.993,-3.084,1549046648708
50,-0.5,0.183,-0.004,-4.856,-7.327,-4.808,1549046648728
50,-0.471,0.124,-0.062,-5.537,-7.518,-4.101,1549046648748
51,-0.478,0.106,-0.083,-5.961,-8.197,-2.827,1549046648768
51,-0.381,0.094,-0.053,-5.725,-8.09,-3.307,1549046648788
51,-0.36,0.095,-0.053,-5.363,-7.727,-3.947,1549046648808
51,-0.395,0.096,-0.079,-5.554,-7.518,-4.078,1549046648828
51,-0.357,0.12,-0.086,-5.247,-8.403,-4.063,1549046648848
51,-0.225,0.114,-0.074,-5.857,-7.939,-3.018,1549046648868
51,-0.063,0.029,-0.015,-5.755,-8.009,-3.309,1549046648888
51,-0.109,-0.136,-0.046,-5.402,-8.328,-4.872,1549046648908
51,-0.098,-0.16,-0.075,-5.177,-8.215,-4.321,1549046648928
51,-0.071,-0.079,-0.124,-5.258,-8.332,-4.218,1549046648948
51,-0.042,-0.064,-0.135,-5.121,-9.046,-3.709,1549046648968
51,-0.097,-0.094,-0.146,-4.965,-8.113,-3.963,1549046648989
52,-0.029,-0.205,-0.153,-4.718,-7.739,-4.788,1549046649008
52,0.072,-0.195,-0.132,-4.53,-8.747,-5.017,1549046649029
52,0.032,-0.092,-0.112,-4.999,-8.05,-3.97,1549046649048
52,0.131,-0.065,-0.066,-5.133,-8.647,-4.337,1549046649068
52,0.007,-0.149,-0.078,-4.845,-7.999,-4.476,1549046649088
52,-0.094,-0.135,-0.093,-4.227,-8.69,-4.889,1549046649109
52,0.067,-0.097,-0.078,-4.78,-8.326,-3.697,1549046649129
52,0.086,-0.053,-0.041,-4.56,-7.662,-3.674,1549046649148
52,0.049,-0.099,-0.047,-5.052,-8.519,-3.218,1549046649169
52,-0.031,-0.113,-0.06,-5.193,-8.163,-3.537,1549046649189
52,-0.004,-0.118,-0.059,-5.031,-8.183,-4.329,1549046649209
53,0.037,-0.066,-0.056,-5.092,-8.449,-3.684,1549046649228
53,0.172,-0.027,-0.04,-5.125,-7.715,-3.617,1549046649248
53,0.42,-0.104,-0.032,-5.215,-7.901,-4.018,1549046649268
53,0.349,-0.18,-0.072,-4.931,-7.825,-4.446,1549046649289
53,0.192,-0.191,-0.088,-4.716,-8.052,-5.396,1549046649308
53,0.132,-0.134,-0.09,-4.89,-8.346,-3.559,1549046649329
53,0.122,-0.113,-0.102,-4.947,-7.964,-3.43,1549046649348
53,0.211,-0.174,-0.146,-5.02,-7.93,-3.62,1549046649369
53,0.196,-0.19,-0.159,-5.105,-7.767,-4.006,1549046649389
53,0.208,-0.197,-0.161,-5.05,-7.667,-4.556,1549046649409
53,0.096,-0.183,-0.16,-4.928,-8.068,-3.469,1549046649428
53,0.051,-0.176,-0.099,-4.573,-8.615,-3.888,1549046649449
54,0.077,-0.193,-0.108,-4.574,-8.603,-3.945,1549046649468
54,0.081,-0.168,-0.121,-4.885,-7.826,-3.865,1549046649489
54,0.155,-0.113,-0.127,-5.124,-7.996,-3.294,1549046649508
54,0.176,-0.102,-0.125,-5.044,-8.859,-3.349,1549046649529
54,0.09,-0.114,-0.131,-4.949,-7.933,-3.736,1549046649549
54,0.099,-0.085,-0.142,-4.973,-7.94,-3.707,1549046649569
54,0.013,-0.041,-0.135,-4.742,-8.562,-3.755,1549046649589
54,-0.047,-0.007,-0.144,-4.983,-8.896,-2.979,1549046649609
54,-0.013,-0.043,-0.181,-4.779,-8.465,-3.407,1549046649629
54,0.108,-0.088,-0.187,-4.797,-8.707,-3.588,1549046649648
54,0.17,-0.098,-0.156,-4.47,-8.59,-3.696,1549046649669
55,0.235,-0.101,-0.142,-4.958,-8.555,-3.278,1549046649689
55,0.248,-0.144,-0.123,-4.726,-8.645,-2.982,1549046649709
55,0.246,-0.174,-0.161,-4.792,-8.331,-3.701,1549046649729
55,0.28,-0.139,-0.117,-5.208,-8.782,-2.837,1549046649749
55,0.097,-0.113,-0.053,-4.977,-8.839,-2.801,1549046649769
55,0.035,-0.151,-0.05,-4.683,-9.064,-2.921,1549046649789
55,0.184,-0.207,-0.081,-4.646,-8.376,-2.882,1549046649809
55,0.351,-0.284,-0.097,-5.039,-8.557,-3.155,1549046649829
55,0.437,-0.353,-0.127,-4.737,-8.779,-1.773,1549046649849
55,0.506,-0.414,-0.179,-4.528,-9.348,-2.013,1549046649869
55,0.441,-0.439,-0.222,-4.691,-9.483,-2.911,1549046649890
55,0.565,-0.434,-0.295,-4.367,-8.794,-2.213,1549046649909
55,0.742,-0.455,-0.355,-4.491,-8.903,-1.641,1549046649929
56,0.734,-0.407,-0.348,-4.762,-9.544,-1.912,1549046649949
56,0.702,-0.416,-0.35,-4.549,-8.944,-1.663,1549046649969
56,0.881,-0.394,-0.367,-4.596,-8.965,-2.245,1549046649989
56,0.602,-0.344,-0.307,-4.962,-9.276,-3.298,1549046650009
56,0.46,-0.251,-0.22,-4.911,-8.428,-2.222,1549046650029
56,0.482,-0.118,-0.094,-4.574,-8.077,-1.394,1549046650050
56,0.231,-0.133,-0.048,-4.46,-9.084,-1.402,1549046650069
56,0.075,-0.065,-0.059,-4.368,-9.972,-1.305,1549046650089
56,0.091,-0.027,-0.061,-4.171,-9.335,-1.161,1549046650110
56,0.341,0.015,-0.046,-4.379,-8.65,-0.94,1549046650130
56,0.365,0.028,-0.044,-4.451,-9.162,-1.177,1549046650150
57,0.243,-0.024,-0.101,-4.364,-9.278,-1.665,1549046650169
57,0.332,-0.033,-0.097,-4.524,-8.535,-1.347,1549046650189
57,0.43,0.022,-0.011,-4.58,-9.314,-1.191,1549046650209
57,0.167,-0.004,-0.01,-4.285,-9.861,-1.185,1549046650229
57,0.156,0.001,-0.005,-4.308,-8.688,-0.785,1549046650249
57,0.518,0.127,0.077,-4.384,-9.171,-1.083,1549046650269
57,0.373,0.137,0.073,-4.079,-9.423,-1.1,1549046650290
57,0.236,0.149,0.039,-3.995,-8.845,-1.058,1549046650310
57,0.177,0.185,0.031,-4.245,-8.913,0.096,1549046650329
57,0.186,0.181,0.024,-4.489,-9.71,-0.533,1549046650350
57,-0.004,0.134,0.045,-4.583,-9.25,-0.909,1549046650370
57,0.027,0.144,0.044,-4.541,-9.414,-1.04,1549046650390
58,0.005,0.106,0.042,-4.542,-9.204,-0.753,1549046650409
58,-0.005,0.033,0.036,-4.336,-9.219,-0.929,1549046650430
58,0.008,-0.018,0.013,-4.273,-9.228,-1.169,1549046650450
58,0.072,-0.043,-0.013,-4.152,-9.038,-0.815,1549046650470
58,0.114,-0.047,-0.02,-4.962,-9.521,-0.537,1549046650489
58,-0.016,-0.049,-0.015,-4.367,-9.375,-0.751,1549046650510
58,-0.024,-0.05,-0.031,-4.314,-8.997,-1.233,1549046650529
58,-0.076,-0.045,-0.007,-4.447,-9.194,-0.877,1549046650550
58,-0.049,0.009,0.004,-4.011,-9.252,-0.906,1549046650570
58,-0.046,0.0,0.0,-4.088,-9.204,-1.155,1549046650589
58,-0.084,-0.029,-0.018,-4.305,-9.045,-0.902,1549046650609
59,-0.058,-0.011,-0.031,-4.253,-9.247,-0.71,1549046650630
59,-0.058,0.001,-0.033,-4.566,-9.448,-0.441,1549046650650
59,-0.095,0.0,-0.024,-4.562,-9.296,-0.493,1549046650669
59,-0.061,0.017,-0.012,-4.457,-8.881,-1.012,1549046650690
59,0.019,0.037,0.0,-4.517,-9.228,-0.814,1549046650709
59,0.005,0.009,0.004,-4.457,-9.617,-0.522,1549046650730
59,-0.015,-0.019,0.0,-4.439,-9.084,-0.843,1549046650750
59,-0.011,-0.025,-0.006,-4.284,-8.946,-1.042,1549046650770
59,-0.012,-0.004,-0.008,-4.194,-9.039,-0.826,1549046650789
59,0.052,0.0,-0.011,-4.297,-9.502,-0.697,1549046650810
59,0.027,-0.011,-0.02,-4.371,-9.438,-1.053,1549046650830
60,-0.025,-0.014,-0.018,-4.251,-9.083,-1.35,1549046650849
60,-0.032,-0.001,-0.017,-4.226,-9.152,-1.064,1549046650869
60,-0.033,0.006,-0.001,-4.298,-9.38,-0.781,1549046650890
60,-0.032,-0.003,-0.004,-4.341,-9.211,-0.791,1549046650909
60,0.012,0.0,-0.017,-4.389,-9.078,-0.796,1549046650930
60,0.03,0.015,-0.031,-4.358,-8.883,-0.975,1549046650950
60,0.047,0.039,-0.031,-4.523,-9.407,-1.133,1549046650970
60,0.057,0.038,-0.042,-4.448,-9.555,-0.721,1549046650990
60,-0.028,0.016,-0.036,-4.257,-9.45,-0.77,1549046651010
60,-0.097,-0.009,-0.034,-4.264,-9.365,-0.881,1549046651030
60,-0.186,-0.033,-0.053,-4.199,-9.279,-1.297,1549046651050
60,-0.259,-0.046,-0.066,-4.185,-8.764,-1.266,1549046651070
60,-0.166,-0.022,-0.052,-4.26,-9.047,-1.522,1549046651089
60,-0.256,-0.007,-0.07,-4.117,-9.159,-1.486,1549046651110
61,-0.472,0.072,-0.059,-4.379,-9.169,-1.697,1549046651129
61,-0.891,0.169,-0.027,-4.554,-9.853,-1.987,1549046651150
61,-0.956,0.202,-0.037,-4.508,-8.996,-1.011,1549046651169
61,-0.779,0.256,-0.019,-4.311,-9.748,-2.089,1549046651190
61,-1.294,0.276,-0.002,-4.471,-8.497,-2.893,1549046651210
61,-1.191,0.398,-0.026,-4.267,-9.646,-3.696,1549046651230
61,-0.905,0.384,-0.059,-4.409,-7.994,-2.845,1549046651250
61,-0.509,0.462,-0.065,-4.448,-8.282,-3.005,1549046651270
61,-0.847,0.553,-0.037,-4.839,-8.427,-3.211,1549046651290
61,-1.24,0.704,0.062,-4.614,-9.933,-3.148,1549046651310
61,-0.927,0.571,0.1,-4.492,-8.057,-2.522,1549046651330
61,-0.257,0.544,0.096,-4.279,-8.478,-2.487,1549046651350
62,-0.275,0.511,0.037,-4.064,-8.468,-2.856,1549046651370
62,-0.577,0.523,-0.017,-3.403,-9.958,-3.24,1549046651390
62,-0.857,0.443,-0.029,-2.667,-10.35,-3.137,1549046651410
62,-0.396,0.295,-0.025,-3.243,-9.816,-2.518,1549046651431
62,0.029,0.278,0.033,-3.716,-8.947,-2.749,1549046651450
62,0.046,0.211,0.013,-3.852,-8.514,-3.501,1549046651470
62,-0.042,0.133,-0.028,-3.954,-8.882,-4.127,1549046651490
62,-0.037,0.098,-0.053,-4.01,-9.009,-3.995,1549046651510
62,0.042,0.105,-0.066,-3.946,-9.031,-4.128,1549046651530
62,-0.147,0.038,-0.098,-3.857,-9.088,-3.684,1549046651550
62,-0.299,-0.016,-0.122,-3.726,-8.825,-3.211,1549046651570
62,-0.103,-0.009,-0.12,-3.801,-8.606,-3.315,1549046651590
62,0.068,0.013,-0.137,-3.861,-8.525,-3.784,1549046651610
63,0.003,0.016,-0.163,-3.704,-8.995,-4.109,1549046651631
63,-0.107,0.014,-0.198,-3.833,-8.962,-4.008,1549046651651
63,-0.078,-0.013,-0.224,-3.845,-8.904,-3.878,1549046651671
63,0.047,-0.006,-0.201,-3.777,-8.597,-3.771,1549046651691
63,0.107,-0.007,-0.192,-3.472,-8.877,-4.026,1549046651710
63,0.108,-0.018,-0.215,-3.464,-9.097,-3.952,1549046651731
63,0.021,-0.025,-0.238,-3.59,-9.154,-3.553,1549046651750
63,-0.078,-0.052,-0.251,-3.507,-9.211,-3.666,1549046651770
63,0.012,-0.049,-0.234,-3.227,-9.062,-4.094,1549046651790
63,0.226,-0.033,-0.233,-3.5,-8.746,-3.588,1549046651811
63,0.265,-0.008,-0.236,-3.477,-9.226,-3.119,1549046651830
63,0.216,-0.052,-0.264,-3.257,-9.359,-3.74,1549046651851
63,0.214,-0.058,-0.248,-3.102,-8.86,-4.381,1549046651871
64,0.182,-0.03,-0.244,-3.454,-8.67,-3.318,1549046651890
64,0.106,-0.033,-0.222,-3.471,-9.073,-3.114,1549046651910
64,0.093,-0.051,-0.173,-3.313,-9.042,-3.7,1549046651931
64,0.134,-0.049,-0.121,-3.113,-8.902,-4.346,1549046651951
64,0.179,-0.037,-0.096,-3.172,-9.102,-3.783,1549046651970
64,0.051,-0.032,-0.067,-3.47,-9.144,-2.725,1549046651991
64,-0.038,-0.082,0.004,-3.235,-9.006,-2.854,1549046652011
64,0.175,-0.108,0.032,-3.383,-9.211,-3.806,1549046652031
64,0.193,-0.08,0.023,-3.415,-9.623,-3.669,1549046652051
64,0.147,-0.053,-0.026,-3.451,-9.015,-3.202,1549046652071
64,0.201,-0.002,-0.034,-3.6,-9.214,-3.497,1549046652091
65,0.127,-0.015,-0.019,-3.527,-9.095,-4.128,1549046652111
65,-0.018,0.0,-0.046,-3.432,-8.708,-3.719,1549046652130
65,-0.214,0.021,-0.027,-3.089,-9.176,-3.437,1549046652151
65,-0.236,0.017,-0.001,-2.889,-9.116,-3.363,1549046652171
65,-0.085,0.041,0.026,-2.956,-8.864,-3.453,1549046652191
65,-0.031,0.037,0.068,-2.976,-9.182,-3.475,1549046652211
65,-0.145,-0.004,0.082,-3.08,-9.466,-3.609,1549046652231
65,-0.158,-0.011,0.086,-3.19,-9.327,-3.497,1549046652251
65,0.019,0.001,0.103,-3.398,-9.281,-3.426,1549046652271
65,0.043,0.017,0.087,-3.508,-9.251,-3.382,1549046652291
65,0.116,0.046,0.048,-3.384,-9.084,-3.208,1549046652311
65,0.172,0.053,0.048,-3.127,-9.206,-3.788,1549046652331
65,0.188,0.043,0.012,-3.331,-9.183,-3.922,1549046652351
65,0.229,0.094,-0.024,-3.476,-9.121,-3.173,1549046652371
