pack,vx,vy,vz,ax,ay,az,time
1,-0.01,-0.032,-0.019,-4.427,-8.604,-3.188,1549047710553
1,-0.103,-0.081,-0.022,-4.213,-8.862,-3.334,1549047710574
1,-0.093,-0.103,-0.034,-4.32,-8.591,-3.463,1549047710594
1,-0.048,-0.068,-0.034,-4.245,-8.665,-3.381,1549047710614
1,-0.072,-0.073,-0.031,-4.144,-8.988,-3.258,1549047710634
1,-0.094,-0.062,-0.021,-4.244,-8.994,-3.412,1549047710654
1,-0.024,-0.015,-0.012,-4.328,-8.622,-3.337,1549047710674
1,0.06,0.0,-0.001,-4.349,-8.3,-3.456,1549047710694
1,-0.012,-0.002,0.012,-4.309,-8.602,-3.399,1549047710714
1,-0.087,-0.028,0.01,-4.26,-9.05,-3.194,1549047710734
1,-0.067,-0.024,-0.007,-4.502,-8.714,-3.64,1549047710754
2,-0.025,0.005,0.015,-4.44,-8.39,-3.668,1549047710775
2,-0.013,0.006,0.045,-4.258,-8.388,-3.484,1549047710794
2,-0.024,-0.025,0.02,-4.188,-8.865,-3.45,1549047710814
2,-0.045,-0.057,-0.026,-4.532,-9.114,-3.332,1549047710834
2,0.032,-0.091,-0.042,-4.49,-8.766,-3.134,1549047710854
2,0.136,-0.109,-0.018,-4.199,-8.643,-3.007,1549047710874
2,0.083,-0.157,0.061,-4.53,-8.401,-3.198,1549047710894
2,-0.027,-0.13,0.119,-5.021,-8.124,-3.539,1549047710914
2,-0.081,-0.094,0.174,-4.961,-8.409,-3.021,1549047710934
2,-0.231,-0.209,0.228,-4.683,-9.028,-3.231,1549047710954
2,-0.494,-0.279,0.295,-4.848,-9.47,-3.952,1549047710974
2,-0.445,-0.235,0.303,-4.837,-9.251,-4.228,1549047710995
2,-0.199,-0.215,0.275,-4.991,-8.833,-3.693,1549047711015
3,0.072,-0.178,0.266,-5.099,-8.138,-2.649,1549047711034
3,0.132,-0.282,0.274,-4.351,-8.05,-3.143,1549047711054
3,-0.109,-0.587,0.242,-4.607,-8.46,-4.103,1549047711075
3,-0.22,-0.593,0.235,-5.087,-8.699,-2.776,1549047711095
3,-0.163,-0.644,0.245,-5.116,-8.477,-3.029,1549047711114
3,-0.297,-0.741,0.273,-5.234,-8.338,-3.659,1549047711135
3,-0.405,-0.711,0.327,-4.635,-8.587,-3.251,1549047711155
3,-0.552,-0.807,0.331,-4.566,-9.535,-2.813,1549047711174
3,-0.552,-0.749,0.265,-5.388,-9.266,-2.942,1549047711195
3,-0.393,-0.463,0.268,-5.528,-7.268,-2.583,1549047711215
3,-0.291,-0.551,0.184,-5.625,-7.682,-3.394,1549047711235
3,-0.392,-0.493,0.128,-4.87,-9.635,-2.514,1549047711255
4,-0.505,-0.492,0.167,-5.354,-8.608,-3.248,1549047711275
4,-0.416,-0.487,0.114,-5.067,-6.526,-3.688,1549047711295
4,-0.193,-0.463,0.088,-5.092,-6.495,-3.562,1549047711315
4,-0.395,-0.403,0.056,-5.591,-7.789,-3.238,1549047711335
4,-0.619,-0.297,0.037,-5.636,-10.084,-1.353,1549047711355
4,-0.583,-0.413,-0.107,-5.82,-9.345,-1.775,1549047711375
4,-0.196,-0.452,-0.131,-5.383,-7.901,-2.864,1549047711395
4,0.239,-0.383,-0.185,-6.112,-6.175,-4.097,1549047711415
4,0.341,-0.193,-0.247,-5.915,-7.2,-3.837,1549047711435
4,-0.239,-0.269,-0.267,-5.699,-9.315,-2.685,1549047711455
5,-0.484,-0.36,-0.311,-5.421,-8.421,-2.926,1549047711475
5,-0.135,-0.279,-0.235,-5.528,-7.492,-3.684,1549047711495
5,-0.038,-0.175,-0.158,-5.496,-7.249,-3.734,1549047711515
5,-0.152,-0.078,-0.012,-5.515,-6.826,-4.038,1549047711535
5,-0.408,-0.115,0.042,-5.945,-6.773,-4.219,1549047711555
5,-0.483,-0.061,0.158,-5.438,-6.123,-5.045,1549047711575
5,-0.524,-0.06,0.271,-4.908,-6.376,-3.289,1549047711595
5,-0.589,0.073,0.357,-5.383,-8.174,-3.104,1549047711615
5,-0.735,0.153,0.453,-5.634,-7.331,-3.899,1549047711635
5,-0.5,0.193,0.526,-5.474,-6.537,-3.411,1549047711655
5,-0.491,0.279,0.536,-5.657,-7.787,-3.47,1549047711676
6,-0.633,0.354,0.621,-5.966,-8.124,-3.3,1549047711695
6,-0.558,0.369,0.596,-6.182,-8.086,-3.597,1549047711715
6,-0.418,0.313,0.59,-5.929,-7.401,-4.045,1549047711735
6,-0.3,0.298,0.578,-5.909,-6.807,-4.345,1549047711756
6,-0.324,0.285,0.532,-5.861,-7.535,-3.725,1549047711776
6,-0.423,0.238,0.473,-6.03,-7.809,-4.376,1549047711795
6,-0.343,0.211,0.371,-6.087,-6.718,-4.633,1549047711816
6,-0.254,0.209,0.292,-6.207,-6.86,-4.528,1549047711836
6,-0.305,0.172,0.251,-6.338,-6.888,-4.944,1549047711856
6,-0.222,0.133,0.238,-6.009,-6.631,-4.721,1549047711876
6,-0.067,0.088,0.187,-6.031,-6.34,-4.711,1549047711896
6,-0.029,0.047,0.131,-6.324,-6.04,-5.345,1549047711916
6,-0.056,0.11,0.142,-6.319,-5.63,-4.789,1549047711935
6,-0.089,0.143,0.145,-6.461,-6.58,-4.967,1549047711956
6,-0.23,0.06,0.114,-6.109,-5.754,-4.815,1549047711976
7,-0.141,0.015,0.036,-6.237,-5.998,-4.847,1549047711995
7,-0.147,0.068,0.038,-6.426,-5.828,-5.497,1549047712015
7,-0.068,0.086,0.017,-6.477,-5.52,-5.429,1549047712036
7,-0.067,0.111,-0.018,-6.355,-6.128,-5.226,1549047712056
7,-0.089,0.135,-0.038,-6.186,-5.95,-4.896,1549047712076
7,-0.043,0.154,-0.049,-6.129,-6.213,-4.895,1549047712096
7,-0.063,0.156,-0.027,-6.004,-6.469,-4.822,1549047712116
7,0.05,0.159,-0.035,-6.211,-6.098,-5.346,1549047712136
7,0.033,0.222,-0.045,-6.266,-6.103,-5.59,1549047712156
7,-0.079,0.23,-0.037,-6.305,-6.493,-5.236,1549047712175
7,-0.034,0.213,-0.001,-6.338,-6.62,-4.982,1549047712195
7,0.01,0.185,-0.017,-5.97,-6.748,-4.863,1549047712216
8,0.064,0.138,-0.051,-6.231,-6.286,-5.309,1549047712236
8,0.041,0.178,-0.091,-6.68,-6.173,-5.528,1549047712256
8,-0.042,0.18,-0.098,-6.533,-6.542,-5.048,1549047712276
8,-0.066,0.104,-0.076,-6.275,-6.941,-5.154,1549047712296
8,-0.054,0.075,-0.11,-6.248,-6.218,-5.224,1549047712316
8,0.01,0.088,-0.076,-6.123,-6.835,-5.301,1549047712336
8,-0.104,0.079,-0.076,-6.462,-6.172,-5.797,1549047712356
8,-0.09,0.084,-0.037,-6.034,-6.509,-5.234,1549047712376
8,-0.108,-0.015,-0.037,-6.023,-6.574,-5.026,1549047712396
8,-0.145,0.012,-0.046,-6.067,-6.292,-5.107,1549047712416
9,-0.171,-0.003,-0.021,-5.49,-6.444,-5.539,1549047712436
9,-0.135,-0.026,-0.193,-6.527,-5.685,-5.847,1549047712456
9,-0.185,0.135,-0.155,-6.37,-6.018,-5.388,1549047712476
9,-0.235,0.045,-0.002,-5.481,-6.534,-4.846,1549047712496
9,-0.224,-0.015,0.026,-5.686,-6.25,-5.049,1549047712517
9,-0.123,0.076,0.026,-5.697,-5.742,-5.667,1549047712536
9,-0.062,0.065,0.047,-5.352,-6.027,-5.404,1549047712556
9,-0.177,0.056,0.058,-5.431,-6.216,-5.324,1549047712576
9,-0.207,0.123,0.045,-5.358,-6.435,-5.553,1549047712597
9,-0.131,0.082,-0.111,-5.755,-6.065,-5.815,1549047712616
9,-0.1,0.159,-0.036,-5.327,-6.091,-5.964,1549047712637
10,-0.19,0.097,-0.075,-5.613,-6.111,-5.936,1549047712656
10,-0.266,0.153,-0.023,-5.838,-5.648,-6.215,1549047712677
10,-0.241,0.132,-0.079,-5.898,-5.785,-5.973,1549047712696
10,-0.358,0.123,-0.1,-5.781,-6.397,-5.746,1549047712717
10,-0.337,0.107,-0.107,-5.762,-5.841,-5.537,1549047712737
10,-0.327,0.115,-0.076,-5.96,-5.706,-5.837,1549047712757
10,-0.385,0.134,-0.027,-6.064,-5.586,-5.887,1549047712777
10,-0.372,0.153,0.023,-6.105,-5.75,-5.666,1549047712796
10,-0.396,0.167,0.055,-5.94,-5.884,-5.99,1549047712817
10,-0.382,0.135,0.014,-5.887,-5.618,-6.296,1549047712837
11,-0.366,0.172,0.082,-5.873,-5.535,-6.184,1549047712857
11,-0.403,0.193,0.121,-5.922,-5.717,-6.468,1549047712878
11,-0.388,0.201,0.111,-6.018,-5.397,-6.806,1549047712897
11,-0.382,0.192,0.133,-5.706,-5.821,-6.428,1549047712917
11,-0.392,0.161,0.177,-5.621,-5.606,-6.654,1549047712937
11,-0.355,0.172,0.158,-5.729,-5.739,-6.603,1549047712957
11,-0.342,0.194,0.154,-5.68,-5.412,-6.571,1549047712977
11,-0.338,0.176,0.15,-5.598,-5.354,-6.841,1549047712997
11,-0.317,0.175,0.146,-5.352,-5.446,-6.54,1549047713017
11,-0.312,0.229,0.126,-5.48,-5.448,-6.747,1549047713037
11,-0.316,0.268,0.137,-5.584,-4.938,-7.098,1549047713057
11,-0.366,0.259,0.145,-5.429,-5.204,-6.841,1549047713077
12,-0.393,0.229,0.143,-5.661,-5.157,-7.103,1549047713097
12,-0.365,0.256,0.134,-5.573,-4.859,-6.93,1549047713117
12,-0.348,0.234,0.133,-5.719,-4.822,-7.136,1549047713137
12,-0.343,0.238,0.125,-5.744,-4.508,-7.018,1549047713157
12,-0.292,0.228,0.12,-5.8,-4.319,-7.18,1549047713177
12,-0.301,0.217,0.166,-5.738,-4.339,-7.104,1549047713197
12,-0.345,0.192,0.198,-5.649,-4.183,-7.373,1549047713217
12,-0.331,0.201,0.219,-5.399,-4.112,-7.473,1549047713237
12,-0.367,0.216,0.228,-5.31,-4.413,-7.55,1549047713257
12,-0.4,0.248,0.243,-5.467,-4.082,-8.005,1549047713277
12,-0.404,0.289,0.221,-5.411,-4.27,-7.669,1549047713297
13,-0.337,0.288,0.181,-5.492,-4.363,-7.951,1549047713317
13,-0.29,0.304,0.12,-5.561,-3.768,-7.962,1549047713337
13,-0.269,0.315,0.07,-5.343,-4.198,-7.876,1549047713358
13,-0.211,0.276,0.019,-5.38,-3.923,-8.084,1549047713377
13,-0.216,0.294,0.009,-5.409,-3.962,-7.679,1549047713398
13,-0.249,0.282,0.028,-5.181,-4.651,-7.886,1549047713418
13,-0.272,0.258,0.041,-5.072,-4.177,-8.021,1549047713438
13,-0.193,0.263,0.049,-5.305,-4.303,-8.101,1549047713457
13,-0.201,0.303,0.033,-5.435,-4.36,-7.954,1549047713478
13,-0.203,0.27,0.036,-5.297,-4.262,-8.4,1549047713498
14,-0.168,0.211,0.003,-5.147,-4.463,-8.248,1549047713518
14,-0.13,0.205,-0.036,-5.185,-4.425,-8.356,1549047713538
14,-0.115,0.237,-0.128,-5.456,-4.101,-8.33,1549047713558
14,-0.158,0.218,-0.088,-5.122,-4.151,-8.213,1549047713578
14,-0.172,0.103,-0.064,-5.506,-4.117,-8.331,1549047713598
14,-0.209,0.133,-0.049,-5.334,-4.185,-8.625,1549047713618
14,-0.188,0.048,-0.043,-5.033,-3.928,-8.782,1549047713638
14,-0.145,-0.006,-0.074,-4.956,-3.877,-8.446,1549047713658
14,-0.207,0.014,-0.079,-4.817,-4.532,-8.395,1549047713678
14,-0.27,-0.003,-0.064,-4.931,-4.357,-8.762,1549047713698
14,-0.17,0.003,-0.064,-5.228,-3.067,-8.78,1549047713718
15,-0.193,-0.006,-0.068,-5.1,-4.053,-8.211,1549047713738
15,-0.209,-0.038,-0.045,-5.302,-3.87,-8.347,1549047713758
15,-0.225,0.0,-0.052,-5.235,-3.915,-8.23,1549047713778
15,-0.144,-0.021,-0.05,-5.127,-3.589,-8.463,1549047713798
15,-0.129,-0.044,-0.041,-4.777,-3.791,-8.269,1549047713818
15,-0.171,-0.048,-0.051,-4.821,-3.92,-8.356,1549047713838
15,-0.127,0.025,-0.063,-4.967,-3.765,-8.422,1549047713858
15,-0.138,0.062,-0.079,-5.049,-3.737,-8.67,1549047713878
15,-0.163,0.031,-0.099,-4.881,-4.329,-8.201,1549047713898
15,-0.125,-0.004,-0.093,-4.9,-4.151,-8.114,1549047713918
15,-0.053,-0.013,-0.13,-5.224,-3.846,-8.434,1549047713938
15,-0.066,-0.014,-0.143,-5.075,-3.597,-8.45,1549047713958
15,-0.12,-0.053,-0.136,-5.048,-4.266,-8.618,1549047713978
15,-0.092,-0.06,-0.122,-4.821,-3.883,-8.267,1549047713998
15,-0.056,-0.081,-0.131,-4.768,-4.07,-8.501,1549047714018
15,-0.096,-0.087,-0.063,-5.164,-4.09,-8.442,1549047714038
15,-0.138,-0.05,-0.084,-4.924,-3.958,-8.359,1549047714058
15,-0.09,-0.136,-0.112,-5.049,-3.809,-8.408,1549047714078
16,-0.157,-0.12,-0.116,-5.285,-3.931,-8.023,1549047714098
16,-0.185,-0.117,-0.109,-5.217,-3.757,-8.4,1549047714119
16,-0.143,-0.159,-0.111,-4.978,-3.609,-8.488,1549047714138
16,-0.172,-0.174,-0.113,-5.047,-3.489,-8.483,1549047714159
16,-0.243,-0.163,-0.105,-4.962,-3.808,-8.353,1549047714178
16,-0.224,-0.201,-0.108,-4.972,-3.778,-8.312,1549047714198
16,-0.194,-0.181,-0.129,-5.223,-3.464,-8.218,1549047714218
16,-0.236,-0.148,-0.114,-5.117,-3.724,-8.177,1549047714238
16,-0.251,-0.181,-0.109,-5.141,-3.357,-8.538,1549047714259
16,-0.237,-0.188,-0.115,-5.093,-3.495,-8.288,1549047714279
16,-0.221,-0.178,-0.126,-4.966,-3.602,-8.458,1549047714298
16,-0.245,-0.182,-0.113,-4.774,-3.699,-8.409,1549047714318
16,-0.252,-0.179,-0.11,-4.949,-3.624,-8.427,1549047714338
16,-0.235,-0.132,-0.127,-4.774,-3.858,-8.133,1549047714358
16,-0.196,-0.149,-0.137,-4.752,-4.037,-8.212,1549047714379
16,-0.205,-0.133,-0.143,-4.906,-3.443,-8.361,1549047714399
16,-0.175,-0.098,-0.142,-4.778,-3.7,-8.307,1549047714419
16,-0.167,-0.11,-0.135,-4.892,-3.602,-8.325,1549047714439
16,-0.119,-0.065,-0.141,-5.036,-3.615,-8.02,1549047714459
17,-0.105,-0.027,-0.122,-5.297,-3.738,-8.134,1549047714479
17,-0.184,-0.013,-0.123,-5.139,-3.574,-8.3,1549047714498
17,-0.157,-0.052,-0.122,-5.211,-3.57,-8.165,1549047714519
17,-0.144,-0.024,-0.117,-5.244,-3.451,-8.211,1549047714539
17,-0.164,-0.041,-0.121,-4.871,-3.849,-8.012,1549047714558
17,-0.206,-0.064,-0.124,-4.929,-3.388,-8.925,1549047714579
17,-0.21,-0.084,-0.138,-4.724,-3.79,-8.467,1549047714599
17,-0.135,-0.085,-0.149,-5.318,-3.362,-7.746,1549047714619
17,-0.22,-0.055,-0.156,-4.607,-3.563,-8.299,1549047714639
17,-0.207,-0.157,-0.181,-5.03,-3.601,-8.199,1549047714658
17,-0.248,-0.092,-0.18,-5.027,-3.478,-7.948,1549047714679
17,-0.262,-0.104,-0.193,-5.312,-3.078,-8.338,1549047714699
18,-0.222,-0.076,-0.185,-5.527,-3.303,-8.096,1549047714719
18,-0.167,-0.088,-0.212,-5.722,-2.817,-8.378,1549047714739
18,-0.221,-0.124,-0.22,-5.298,-3.299,-8.305,1549047714759
18,-0.212,-0.182,-0.204,-5.254,-2.868,-8.189,1549047714779
18,-0.107,-0.125,-0.178,-5.649,-2.776,-8.534,1549047714799
18,-0.13,-0.067,-0.146,-5.423,-3.195,-8.227,1549047714819
18,-0.141,-0.085,-0.142,-5.4,-3.213,-8.256,1549047714839
18,-0.088,-0.088,-0.152,-5.203,-2.825,-8.658,1549047714859
18,-0.107,-0.104,-0.139,-5.041,-2.896,-8.602,1549047714879
18,-0.154,-0.085,-0.125,-5.503,-2.838,-8.608,1549047714899
18,-0.185,-0.041,-0.126,-5.277,-3.062,-8.315,1549047714919
19,-0.161,-0.097,-0.116,-4.873,-3.217,-8.225,1549047714939
19,-0.143,-0.084,-0.088,-5.066,-3.127,-8.419,1549047714959
19,-0.117,-0.045,-0.057,-5.144,-3.006,-8.405,1549047714979
19,-0.165,-0.057,-0.058,-4.996,-3.083,-8.427,1549047714999
19,-0.207,-0.087,-0.079,-5.056,-3.101,-8.268,1549047715019
19,-0.183,-0.079,-0.104,-5.074,-3.322,-8.052,1549047715039
19,-0.179,-0.077,-0.126,-5.287,-3.486,-7.887,1549047715060
19,-0.168,-0.055,-0.163,-5.029,-3.292,-8.044,1549047715079
19,-0.103,-0.101,-0.203,-5.097,-3.077,-8.264,1549047715100
19,-0.115,-0.084,-0.194,-5.024,-3.465,-8.089,1549047715119
19,-0.142,-0.068,-0.169,-5.009,-3.1,-8.38,1549047715139
19,-0.114,-0.064,-0.159,-5.443,-2.64,-8.562,1549047715159
19,-0.135,-0.054,-0.147,-5.329,-3.112,-8.277,1549047715180
20,-0.18,-0.095,-0.15,-5.249,-3.346,-8.133,1549047715199
20,-0.152,-0.089,-0.168,-5.493,-3.099,-8.23,1549047715219
20,-0.071,-0.035,-0.171,-5.519,-3.068,-8.075,1549047715240
20,-0.021,-0.028,-0.179,-5.566,-2.946,-8.338,1549047715259
20,-0.006,-0.032,-0.188,-5.229,-2.986,-8.071,1549047715280
20,0.003,-0.068,-0.197,-5.165,-3.12,-7.996,1549047715300
20,-0.044,-0.026,-0.188,-5.435,-3.058,-8.497,1549047715320
20,0.022,0.032,-0.183,-4.835,-2.911,-8.399,1549047715340
20,0.085,-0.052,-0.16,-4.891,-3.649,-8.059,1549047715360
20,0.063,-0.001,-0.155,-4.899,-3.778,-8.021,1549047715379
20,0.121,-0.016,-0.165,-4.946,-3.484,-8.207,1549047715400
21,0.128,0.007,-0.202,-4.702,-3.497,-8.48,1549047715419
21,0.129,0.008,-0.232,-4.964,-3.146,-8.425,1549047715440
21,0.226,0.067,-0.233,-4.842,-3.779,-8.256,1549047715460
21,0.349,0.002,-0.276,-4.972,-4.485,-7.35,1549047715480
21,0.481,0.035,-0.365,-4.992,-5.03,-7.369,1549047715499
21,0.68,0.051,-0.44,-4.964,-4.633,-7.963,1549047715520
21,0.875,0.025,-0.504,-5.593,-3.143,-7.868,1549047715540
21,0.853,0.126,-0.502,-5.776,-5.121,-8.143,1549047715560
21,0.673,-0.034,-0.521,-5.119,-5.004,-8.033,1549047715580
21,1.086,-0.172,-0.523,-4.909,-4.315,-7.7,1549047715600
21,1.167,-0.119,-0.512,-5.011,-4.045,-7.994,1549047715620
21,0.791,-0.208,-0.534,-4.985,-4.769,-7.882,1549047715640
21,0.53,-0.29,-0.575,-5.484,-5.827,-8.145,1549047715660
22,0.623,-0.252,-0.519,-4.467,-5.395,-8.051,1549047715679
22,1.138,-0.254,-0.468,-4.684,-4.73,-7.268,1549047715700
22,1.071,-0.064,-0.453,-5.189,-4.991,-7.237,1549047715720
22,0.798,-0.101,-0.434,-4.679,-5.623,-7.726,1549047715740
22,0.754,-0.256,-0.479,-4.286,-5.502,-8.036,1549047715760
22,1.133,-0.15,-0.473,-3.947,-4.501,-7.308,1549047715780
22,1.022,-0.085,-0.381,-4.277,-5.31,-6.86,1549047715800
22,0.575,-0.076,-0.309,-4.547,-6.689,-6.571,1549047715820
22,0.504,-0.12,-0.324,-4.149,-7.123,-6.94,1549047715840
23,1.143,-0.031,-0.472,-5.385,-5.478,-6.217,1549047715860
23,0.418,0.055,-0.228,-6.067,-8.053,-7.186,1549047715881
23,0.149,-0.051,-0.161,-5.671,-8.058,-6.029,1549047715901
23,0.548,-0.128,-0.151,-4.9,-6.904,-5.474,1549047715921
23,0.787,-0.094,-0.151,-4.995,-6.272,-5.862,1549047715940
23,0.624,0.027,-0.074,-5.075,-6.799,-6.238,1549047715960
23,0.424,0.013,-0.045,-4.748,-7.023,-6.249,1549047715981
23,0.366,-0.021,-0.057,-4.395,-6.306,-5.821,1549047716001
23,0.361,-0.014,-0.05,-4.159,-6.606,-5.834,1549047716020
23,0.292,-0.029,-0.069,-4.22,-7.06,-6.036,1549047716041
23,0.333,-0.013,-0.112,-4.321,-6.711,-5.829,1549047716060
23,0.322,-0.02,-0.139,-4.38,-7.206,-6.022,1549047716081
23,0.199,-0.061,-0.177,-4.602,-7.011,-6.471,1549047716101
24,0.214,-0.008,-0.19,-4.985,-6.918,-6.297,1549047716120
24,0.217,0.022,-0.142,-4.777,-6.826,-6.165,1549047716141
24,0.129,-0.008,-0.102,-4.774,-6.933,-6.272,1549047716161
24,0.043,-0.026,-0.085,-4.831,-6.766,-6.298,1549047716180
24,0.117,0.008,-0.081,-4.784,-6.493,-6.541,1549047716200
24,0.079,0.014,-0.045,-4.67,-6.689,-6.066,1549047716221
24,0.04,0.006,-0.027,-4.424,-7.102,-5.99,1549047716241
24,-0.013,-0.014,-0.058,-4.433,-7.27,-6.255,1549047716261
24,0.053,0.039,-0.032,-4.621,-6.989,-6.058,1549047716280
24,0.068,0.081,0.03,-4.447,-7.07,-5.615,1549047716301
24,0.029,0.048,0.041,-4.273,-7.323,-5.59,1549047716321
25,-0.036,0.042,0.013,-4.534,-7.636,-5.797,1549047716341
25,0.01,0.075,0.019,-4.596,-7.473,-5.98,1549047716361
25,0.155,0.111,0.043,-4.585,-6.876,-5.945,1549047716381
25,0.132,0.094,0.073,-4.51,-7.064,-5.742,1549047716401
25,0.073,0.036,0.066,-4.303,-7.494,-5.636,1549047716421
25,-0.019,-0.018,0.021,-4.317,-7.796,-5.485,1549047716441
25,-0.049,-0.008,0.01,-4.372,-7.56,-5.643,1549047716461
25,-0.041,0.02,0.028,-4.502,-7.306,-6.131,1549047716481
25,0.029,0.048,0.024,-4.233,-7.144,-5.515,1549047716501
25,0.059,0.026,0.005,-4.311,-7.358,-5.827,1549047716521
25,0.018,0.037,-0.005,-4.491,-7.307,-6.042,1549047716541
25,0.016,0.045,0.003,-4.264,-7.231,-5.915,1549047716561
25,0.004,0.013,0.003,-4.274,-7.549,-6.056,1549047716581
26,-0.021,-0.011,-0.019,-4.317,-7.709,-5.676,1549047716601
26,-0.055,-0.038,-0.01,-4.453,-7.585,-5.626,1549047716621
26,-0.01,0.008,0.011,-4.457,-7.463,-5.783,1549047716641
26,0.044,0.026,0.024,-4.349,-7.318,-6.023,1549047716661
26,0.027,0.03,0.021,-4.816,-6.706,-5.806,1549047716681
26,0.069,0.053,-0.003,-4.27,-7.236,-5.79,1549047716701
26,-0.016,-0.009,-0.018,-4.338,-7.473,-5.73,1549047716722
26,-0.018,0.0,-0.021,-4.415,-7.282,-5.772,1549047716741
26,0.024,0.024,-0.019,-4.144,-7.156,-5.697,1549047716762
26,0.058,0.038,-0.032,-4.989,-7.438,-6.099,1549047716781
26,-0.005,0.039,-0.014,-4.16,-7.488,-5.978,1549047716801
26,-0.093,-0.039,0.003,-4.16,-7.531,-5.981,1549047716822
26,-0.04,0.012,0.017,-4.084,-7.374,-5.656,1549047716841
27,0.059,0.022,0.016,-4.429,-7.16,-5.765,1549047716861
27,0.021,0.036,0.016,-4.427,-7.421,-5.874,1549047716881
27,-0.043,0.003,0.022,-4.404,-7.229,-5.784,1549047716901
27,-0.003,0.002,0.02,-4.19,-6.76,-6.002,1549047716922
27,0.105,0.032,0.0,-4.305,-6.898,-6.144,1549047716942
27,0.012,0.018,0.0,-4.487,-7.563,-5.945,1549047716961
27,-0.114,-0.045,-0.011,-4.565,-7.401,-6.09,1549047716982
27,-0.218,-0.063,0.021,-4.643,-6.981,-6.18,1549047717002
27,-0.235,-0.022,0.091,-4.557,-6.939,-5.817,1549047717022
27,-0.314,-0.018,0.113,-4.482,-7.031,-5.841,1549047717042
27,-0.387,-0.023,0.098,-4.415,-7.281,-6.036,1549047717061
27,-0.389,-0.003,0.076,-4.587,-6.907,-6.128,1549047717082
28,-0.382,0.051,0.112,-4.756,-6.71,-5.831,1549047717101
28,-0.643,0.043,0.193,-4.774,-7.152,-6.385,1549047717122
28,-0.732,0.033,0.208,-5.081,-7.31,-6.468,1549047717142
28,-0.515,0.11,0.194,-5.034,-7.369,-6.229,1549047717162
28,-0.169,0.095,0.132,-4.956,-6.809,-6.247,1549047717182
28,-0.182,0.047,0.142,-4.889,-6.762,-6.183,1549047717202
28,-0.285,-0.012,0.135,-5.054,-6.29,-6.878,1549047717222
28,-0.267,0.022,0.124,-4.861,-7.0,-6.968,1549047717242
28,-0.234,-0.043,0.107,-4.585,-6.438,-6.755,1549047717261
28,-0.144,-0.094,0.076,-4.24,-5.799,-6.669,1549047717282
29,-0.256,-0.17,0.056,-3.466,-6.023,-6.285,1549047717301
29,-0.475,-0.194,0.074,-3.534,-6.222,-6.688,1549047717322
29,-0.375,-0.03,0.058,-4.415,-6.312,-7.655,1549047717342
29,-0.17,0.141,0.027,-4.871,-6.029,-7.625,1549047717362
29,-0.123,0.173,0.072,-4.953,-5.808,-7.802,1549047717382
29,-0.473,0.207,0.197,-5.715,-5.368,-7.942,1549047717402
29,-0.787,0.209,0.266,-5.753,-5.516,-7.267,1549047717422
29,-0.64,0.064,0.13,-4.798,-6.03,-6.565,1549047717442
29,-0.651,0.009,0.137,-4.542,-6.562,-6.842,1549047717462
29,-0.712,0.049,0.174,-4.861,-5.78,-8.07,1549047717483
29,-0.661,0.18,0.154,-5.004,-6.104,-8.259,1549047717502
29,-0.63,0.142,0.129,-4.468,-6.257,-7.925,1549047717522
29,-0.778,-0.02,0.133,-3.942,-7.006,-8.203,1549047717542
30,-0.781,-0.111,0.097,-4.549,-8.147,-7.965,1549047717562
30,-0.299,0.0,0.05,-5.052,-6.021,-8.005,1549047717582
30,0.043,0.037,0.064,-5.472,-4.81,-7.943,1549047717602
30,-0.032,-0.031,0.04,-5.924,-5.837,-8.15,1549047717622
30,-0.201,-0.122,0.046,-5.271,-6.454,-7.87,1549047717642
30,-0.153,-0.288,0.079,-5.068,-6.482,-7.585,1549047717663
30,-0.06,-0.311,0.059,-5.252,-5.334,-7.942,1549047717682
30,-0.001,-0.281,0.105,-5.615,-4.613,-7.855,1549047717703
30,0.051,-0.199,0.125,-5.778,-5.372,-7.533,1549047717723
30,0.024,-0.271,0.088,-5.553,-6.362,-6.886,1549047717742
30,0.134,-0.333,0.132,-5.459,-5.631,-6.882,1549047717763
31,0.199,-0.347,0.145,-5.543,-5.052,-7.331,1549047717782
31,0.23,-0.319,0.118,-5.248,-5.386,-7.229,1549047717803
31,0.239,-0.327,0.117,-5.334,-4.908,-7.529,1549047717823
31,0.236,-0.239,0.22,-5.384,-5.085,-6.935,1549047717843
31,0.15,-0.269,0.235,-5.534,-6.047,-6.897,1549047717863
31,0.124,-0.265,0.271,-5.181,-6.213,-6.338,1549047717883
31,0.185,-0.322,0.32,-5.175,-6.223,-6.461,1549047717903
31,0.193,-0.261,0.316,-5.45,-5.597,-6.835,1549047717923
31,0.327,-0.166,0.35,-5.742,-4.44,-6.712,1549047717943
31,0.536,-0.115,0.402,-5.643,-5.077,-6.372,1549047717963
31,0.31,-0.227,0.343,-5.411,-6.516,-6.44,1549047717983
31,0.273,-0.249,0.345,-5.104,-5.884,-6.617,1549047718002
31,0.47,-0.203,0.327,-5.653,-4.504,-6.1,1549047718023
31,0.45,-0.098,0.36,-5.552,-5.89,-6.017,1549047718043
32,0.216,-0.185,0.26,-5.504,-5.812,-6.568,1549047718062
32,0.357,-0.134,0.281,-5.806,-4.757,-5.987,1549047718083
32,0.365,-0.074,0.265,-5.61,-5.778,-5.942,1549047718103
32,0.176,-0.135,0.19,-5.772,-5.317,-6.92,1549047718123
32,0.342,-0.08,0.191,-5.613,-4.73,-6.798,1549047718143
32,0.466,-0.096,0.184,-5.841,-5.464,-5.233,1549047718163
32,0.214,-0.1,0.127,-6.323,-6.435,-5.839,1549047718183
32,0.142,-0.022,0.132,-5.546,-5.83,-6.275,1549047718203
32,0.419,-0.1,0.137,-5.737,-4.771,-6.286,1549047718223
32,0.482,-0.033,0.137,-5.928,-4.946,-5.98,1549047718243
32,0.263,-0.039,0.091,-5.934,-5.744,-6.288,1549047718263
32,0.059,-0.034,0.05,-5.955,-5.909,-5.937,1549047718283
33,0.143,-0.028,0.051,-6.178,-5.281,-5.879,1549047718303
33,0.358,-0.001,0.088,-6.405,-5.114,-6.035,1549047718323
33,0.528,0.007,0.085,-6.21,-5.387,-5.848,1549047718343
33,0.308,-0.046,0.071,-5.955,-5.124,-6.24,1549047718364
33,0.167,-0.065,0.063,-5.88,-4.963,-6.112,1549047718384
33,0.128,-0.038,0.04,-6.11,-5.602,-5.673,1549047718403
33,0.072,-0.016,0.053,-5.928,-5.529,-5.977,1549047718424
33,-0.037,-0.029,0.079,-6.225,-5.433,-5.816,1549047718443
33,-0.066,0.017,0.098,-6.166,-5.351,-6.315,1549047718464
33,-0.075,-0.012,0.089,-6.138,-5.193,-6.343,1549047718483
33,0.072,-0.001,0.101,-6.355,-5.073,-6.075,1549047718504
33,-0.024,0.006,0.096,-6.564,-5.611,-5.246,1549047718524
34,-0.075,0.022,0.096,-6.595,-5.511,-6.161,1549047718544
34,-0.032,0.025,0.149,-6.278,-5.151,-5.93,1549047718564
34,-0.009,-0.049,0.16,-6.332,-4.847,-5.95,1549047718583
34,-0.111,-0.046,0.139,-6.77,-4.92,-5.879,1549047718604
34,-0.071,0.049,0.186,-6.645,-4.901,-5.291,1549047718624
34,0.001,0.021,0.219,-6.555,-5.625,-5.138,1549047718644
34,-0.091,-0.007,0.219,-6.756,-5.899,-5.254,1549047718664
34,0.174,0.02,0.216,-6.93,-4.402,-5.536,1549047718684
34,0.432,0.074,0.275,-6.624,-4.589,-4.965,1549047718704
34,0.268,0.04,0.272,-6.41,-5.506,-4.938,1549047718724
35,0.078,0.068,0.236,-6.681,-5.749,-5.082,1549047718744
35,0.25,0.148,0.232,-6.544,-4.602,-6.147,1549047718764
35,0.532,0.188,0.307,-6.082,-4.002,-6.003,1549047718784
35,0.302,0.126,0.28,-6.393,-5.531,-4.969,1549047718804
35,0.019,0.179,0.252,-6.372,-6.651,-4.777,1549047718824
35,0.138,0.172,0.262,-6.168,-5.212,-5.579,1549047718844
35,0.506,0.193,0.319,-6.375,-4.247,-6.191,1549047718864
35,0.513,0.221,0.329,-6.564,-5.257,-5.89,1549047718884
35,0.501,0.224,0.342,-6.141,-6.379,-5.74,1549047718904
35,0.498,0.189,0.328,-6.26,-5.81,-5.533,1549047718924
35,0.565,0.213,0.275,-6.35,-5.49,-5.608,1549047718944
36,0.619,0.189,0.199,-6.989,-4.874,-6.162,1549047718964
36,0.64,0.264,0.267,-6.297,-4.936,-5.797,1549047718984
36,0.575,0.108,0.217,-6.432,-6.124,-5.522,1549047719004
36,0.537,0.169,0.185,-6.895,-5.371,-5.253,1549047719024
36,0.671,0.17,0.162,-6.677,-5.11,-5.243,1549047719044
36,0.707,0.077,0.13,-7.033,-5.44,-4.87,1549047719064
36,0.67,0.091,0.105,-7.268,-5.692,-5.139,1549047719085
36,0.71,0.073,0.103,-6.686,-5.185,-5.307,1549047719104
36,0.748,-0.004,0.098,-7.274,-5.24,-4.816,1549047719125
36,0.55,0.04,0.119,-6.952,-6.275,-4.927,1549047719144
36,0.485,-0.061,0.122,-7.025,-5.351,-5.571,1549047719164
36,0.593,-0.088,0.162,-6.945,-5.553,-5.217,1549047719184
36,0.449,-0.11,0.177,-6.967,-6.224,-4.852,1549047719205
36,0.342,-0.107,0.176,-6.951,-5.841,-4.713,1549047719224
36,0.435,-0.145,0.195,-6.893,-5.729,-4.465,1549047719245
37,0.434,-0.172,0.189,-6.612,-6.211,-4.353,1549047719265
37,0.43,-0.195,0.159,-6.887,-5.906,-4.583,1549047719284
37,0.518,-0.116,0.175,-6.741,-5.491,-4.638,1549047719305
37,0.552,-0.086,0.184,-6.696,-5.553,-4.588,1549047719324
37,0.409,-0.094,0.163,-6.694,-5.918,-4.132,1549047719345
37,0.346,-0.068,0.166,-6.472,-6.179,-4.007,1549047719365
37,0.382,-0.061,0.164,-6.645,-6.008,-4.602,1549047719384
37,0.572,-0.031,0.17,-6.838,-5.896,-4.602,1549047719404
37,0.633,-0.016,0.171,-6.668,-6.166,-4.644,1549047719425
37,0.374,-0.081,0.131,-6.832,-5.886,-4.454,1549047719445
37,0.406,-0.094,0.146,-6.387,-6.847,-3.824,1549047719465
37,0.408,-0.086,0.125,-6.745,-6.693,-4.206,1549047719485
37,0.638,0.009,0.182,-6.937,-5.74,-4.278,1549047719505
37,0.655,0.076,0.197,-7.306,-5.946,-3.608,1549047719525
37,0.512,0.14,0.172,-7.176,-5.917,-4.215,1549047719545
37,0.527,0.106,0.185,-1.88,-5.427,-8.813,1549047719565
37,1.23,-0.548,0.278,-7.149,-6.531,-2.572,1549047719585
37,0.159,0.195,-0.093,-7.909,-6.248,-2.564,1549047719605
37,-0.224,0.014,0.008,-8.371,-3.991,-2.931,1549047719625
37,0.55,0.032,0.088,-7.2,-6.087,-4.72,1549047719645
37,0.456,-0.156,0.004,-6.718,-5.442,-4.669,1549047719665
37,0.328,-0.141,-0.013,-7.261,-5.487,-3.208,1549047719685
38,-0.185,-0.109,-0.182,-6.712,-6.451,-3.446,1549047719705
38,-0.188,-0.12,-0.24,-6.73,-5.862,-3.952,1549047719725
38,-0.173,-0.053,-0.221,-7.539,-6.292,-3.763,1549047719745
38,-0.168,0.076,-0.177,-7.913,-6.179,-3.582,1549047719765
38,-0.134,0.109,-0.111,-6.906,-6.676,-3.965,1549047719785
38,-0.017,0.006,-0.109,-6.925,-7.092,-3.819,1549047719805
38,0.022,-0.024,-0.152,-6.85,-6.38,-4.169,1549047719825
38,0.098,0.016,-0.138,-6.82,-5.917,-4.395,1549047719845
38,0.116,0.112,-0.086,-7.144,-6.91,-3.89,1549047719865
38,-0.005,0.178,-0.059,-7.183,-6.472,-3.646,1549047719886
38,0.037,0.214,0.003,-6.974,-6.084,-3.713,1549047719905
38,0.108,0.279,0.052,-7.004,-6.311,-4.177,1549047719926
38,0.156,0.385,0.115,-6.724,-6.059,-4.062,1549047719945
38,0.14,0.441,0.142,-6.549,-6.465,-4.139,1549047719965
39,0.089,0.446,0.127,-6.683,-6.249,-3.796,1549047719985
39,0.082,0.457,0.082,-7.099,-6.556,-3.683,1549047720006
39,0.05,0.464,0.052,-7.198,-6.486,-3.599,1549047720026
39,0.077,0.434,0.049,-7.048,-5.929,-3.55,1549047720046
39,0.092,0.398,0.053,-7.106,-6.033,-3.683,1549047720066
39,0.068,0.352,0.06,-6.976,-6.386,-4.11,1549047720086
39,0.135,0.308,0.072,-6.804,-5.931,-4.082,1549047720106
39,0.195,0.321,0.074,-6.705,-6.398,-3.859,1549047720126
39,0.19,0.316,0.044,-6.62,-6.319,-4.289,1549047720146
39,0.279,0.266,0.044,-6.136,-6.066,-4.601,1549047720166
39,0.204,0.233,0.011,-6.085,-5.872,-5.017,1549047720186
39,0.049,0.225,-0.028,-6.843,-6.775,-3.914,1549047720206
40,0.103,0.318,0.009,-6.299,-5.921,-4.636,1549047720225
40,0.278,0.239,0.04,-6.626,-6.087,-4.229,1549047720245
40,0.156,0.222,0.013,-6.261,-6.111,-4.739,1549047720266
40,0.01,0.222,0.015,-6.087,-6.081,-4.754,1549047720286
40,0.002,0.279,0.026,-6.167,-6.206,-4.439,1549047720306
40,-0.04,0.288,0.008,-6.451,-6.599,-4.02,1549047720326
40,-0.173,0.296,-0.013,-6.669,-5.986,-3.969,1549047720346
40,-0.093,0.281,0.0,-6.547,-6.09,-4.402,1549047720366
40,-0.113,0.259,0.01,-6.61,-5.984,-4.519,1549047720386
40,-0.082,0.259,0.03,-6.552,-6.215,-4.422,1549047720406
41,-0.171,0.213,0.021,-6.624,-6.618,-4.101,1549047720426
41,-0.202,0.149,0.001,-6.627,-6.949,-4.627,1549047720446
41,-0.017,0.154,-0.034,-6.712,-6.386,-4.439,1549047720466
41,0.018,0.193,-0.046,-6.654,-6.587,-4.965,1549047720486
41,-0.013,0.135,-0.082,-6.695,-6.298,-5.182,1549047720506
41,0.001,0.092,-0.108,-6.693,-7.003,-4.51,1549047720526
41,-0.174,0.065,-0.123,-6.633,-7.105,-5.113,1549047720546
41,-0.047,-0.022,-0.114,-6.658,-6.178,-5.267,1549047720566
41,0.009,-0.006,-0.085,-7.046,-6.906,-5.196,1549047720586
41,-0.107,0.004,-0.071,-6.783,-6.707,-5.119,1549047720606
41,-0.063,-0.035,-0.042,-6.383,-6.699,-5.746,1549047720626
42,-0.1,-0.017,-0.027,-6.535,-6.62,-5.421,1549047720646
42,-0.125,0.097,0.016,-6.543,-6.644,-5.291,1549047720668
42,-0.117,0.095,0.034,-6.886,-6.863,-5.593,1549047720686
42,-0.077,0.046,0.045,-6.804,-6.423,-5.274,1549047720707
42,-0.122,0.044,0.071,-6.447,-7.001,-5.335,1549047720727
42,-0.175,0.023,0.055,-6.43,-6.657,-5.734,1549047720746
42,-0.183,0.024,0.042,-6.908,-6.25,-5.053,1549047720767
42,-0.271,0.051,0.086,-7.038,-7.058,-4.526,1549047720787
42,-0.256,0.018,0.119,-6.743,-6.326,-5.841,1549047720807
42,-0.088,-0.007,0.151,-6.592,-6.786,-5.067,1549047720827
42,-0.244,0.071,0.14,-6.398,-6.403,-5.284,1549047720847
42,-0.171,0.058,0.171,-6.225,-6.248,-5.203,1549047720867
42,-0.141,0.097,0.204,-6.388,-6.432,-5.06,1549047720887
43,-0.261,0.112,0.21,-6.172,-6.241,-5.226,1549047720907
43,-0.262,0.114,0.216,-6.286,-6.343,-5.072,1549047720928
43,-0.312,0.139,0.211,-6.01,-6.196,-5.315,1549047720947
43,-0.25,0.109,0.215,-6.112,-6.241,-5.07,1549047720967
43,-0.23,0.122,0.196,-6.134,-5.823,-5.227,1549047720987
43,-0.191,0.135,0.211,-5.976,-6.074,-5.015,1549047721007
43,-0.306,0.107,0.182,-6.153,-5.324,-5.289,1549047721027
43,-0.163,0.091,0.168,-5.987,-5.85,-5.107,1549047721047
43,-0.096,0.119,0.133,-5.859,-5.616,-5.614,1549047721066
43,-0.122,0.142,0.092,-5.951,-5.358,-5.478,1549047721087
43,-0.207,0.224,0.069,-6.318,-5.076,-5.804,1549047721108
44,-0.175,0.205,0.05,-6.378,-5.395,-5.589,1549047721126
44,-0.078,0.195,0.033,-6.136,-6.069,-5.286,1549047721147
44,-0.121,0.166,-0.042,-6.281,-5.308,-5.552,1549047721167
44,-0.121,0.155,-0.102,-6.444,-5.43,-5.88,1549047721187
44,-0.158,0.19,-0.119,-6.746,-4.94,-6.419,1549047721207
44,-0.129,0.263,-0.076,-6.724,-5.262,-5.795,1549047721227
44,-0.155,0.299,-0.044,-6.573,-5.936,-5.942,1549047721247
44,-0.161,0.261,-0.044,-6.408,-6.002,-5.939,1549047721267
44,-0.166,0.259,-0.057,-6.493,-5.456,-6.824,1549047721287
44,-0.102,0.234,-0.082,-6.322,-5.372,-6.509,1549047721307
45,-0.234,0.262,-0.07,-6.619,-5.721,-5.635,1549047721327
45,-0.254,0.239,-0.031,-6.535,-5.48,-5.839,1549047721347
45,-0.148,0.133,-0.013,-6.217,-5.636,-6.266,1549047721367
45,-0.183,0.11,-0.021,-6.258,-5.753,-6.459,1549047721387
45,-0.207,0.187,-0.008,-6.179,-5.817,-6.521,1549047721407
45,-0.243,0.203,0.01,-6.154,-6.018,-6.241,1549047721427
45,-0.242,0.126,-0.001,-6.154,-5.803,-6.436,1549047721447
45,-0.226,0.046,-0.001,-6.199,-5.983,-5.821,1549047721468
45,-0.193,0.04,0.005,-6.057,-5.89,-6.346,1549047721487
45,-0.134,0.022,0.001,-6.075,-5.362,-6.312,1549047721507
45,-0.149,0.058,-0.016,-6.232,-6.142,-5.945,1549047721528
46,0.074,0.072,-0.013,-6.048,-6.131,-5.686,1549047721548
46,0.317,0.004,-0.014,-6.106,-6.21,-5.473,1549047721568
46,0.355,-0.068,-0.065,-5.96,-5.929,-5.81,1549047721588
46,0.301,-0.092,-0.122,-6.125,-6.098,-5.421,1549047721607
46,0.362,-0.121,-0.187,-6.286,-5.828,-7.505,1549047721628
46,0.521,-0.155,-0.214,-6.141,-4.442,-6.782,1549047721648
46,0.273,-0.075,-0.16,-6.155,-6.495,-6.093,1549047721667
46,0.005,-0.063,-0.179,-5.521,-5.621,-6.108,1549047721687
46,0.258,-0.094,-0.147,-5.96,-5.912,-6.172,1549047721707
46,0.158,-0.055,-0.16,-6.178,-5.047,-6.011,1549047721728
46,0.124,0.006,-0.121,-5.81,-5.823,-6.2,1549047721748
46,0.124,0.041,-0.114,-5.609,-5.565,-6.513,1549047721768
46,0.144,0.068,-0.073,-5.631,-5.966,-5.879,1549047721787
47,-0.042,0.056,-0.104,-5.619,-6.386,-5.852,1549047721808
47,0.015,0.038,-0.114,-5.546,-5.204,-6.236,1549047721827
47,0.163,0.059,-0.087,-5.856,-5.395,-5.824,1549047721848
47,0.12,0.053,-0.136,-5.935,-6.143,-5.805,1549047721868
47,0.091,0.022,-0.179,-5.973,-6.241,-5.935,1549047721888
47,0.21,0.035,-0.167,-5.818,-5.486,-5.992,1549047721908
47,0.158,0.0,-0.194,-5.799,-6.104,-6.115,1549047721928
47,0.03,-0.006,-0.264,-5.782,-5.992,-6.36,1549047721948
47,0.129,0.02,-0.253,-5.806,-5.668,-6.084,1549047721968
47,0.177,-0.011,-0.249,-5.747,-6.719,-5.795,1549047721988
48,0.022,-0.029,-0.306,-5.241,-6.084,-5.574,1549047722008
48,0.149,-0.068,-0.273,-5.231,-6.385,-5.885,1549047722028
48,0.193,-0.042,-0.325,-5.653,-6.322,-6.224,1549047722048
48,0.271,-0.015,-0.336,-5.728,-6.157,-5.548,1549047722068
48,0.351,-0.078,-0.364,-5.568,-6.284,-5.522,1549047722088
48,0.245,-0.193,-0.458,-5.355,-6.461,-5.761,1549047722108
48,0.231,-0.255,-0.499,-5.141,-7.137,-5.496,1549047722128
48,0.504,-0.218,-0.423,-5.903,-7.226,-4.92,1549047722148
48,0.486,-0.137,-0.408,-6.238,-7.416,-4.758,1549047722168
48,0.348,-0.193,-0.435,-5.68,-7.698,-5.701,1549047722188
48,0.355,-0.299,-0.486,-6.02,-7.085,-6.417,1549047722208
49,0.537,-0.245,-0.41,-5.934,-6.874,-5.503,1549047722228
49,0.642,-0.4,-0.44,-5.56,-7.43,-5.145,1549047722248
49,0.482,-0.603,-0.49,-5.365,-8.258,-5.103,1549047722269
49,0.685,-0.561,-0.552,-5.634,-7.333,-5.004,1549047722289
49,0.905,-0.468,-0.457,-5.665,-7.043,-4.509,1549047722309
49,0.787,-0.5,-0.412,-5.459,-7.646,-5.113,1549047722329
49,0.558,-0.51,-0.439,-5.437,-7.318,-6.055,1549047722349
49,0.617,-0.351,-0.416,-5.591,-6.422,-5.396,1549047722369
49,0.63,-0.273,-0.364,-5.668,-6.125,-4.775,1549047722388
49,0.195,-0.241,-0.245,-5.368,-7.615,-4.946,1549047722408
49,-0.097,-0.248,-0.228,-4.877,-7.544,-4.352,1549047722428
49,0.107,-0.169,-0.198,-5.006,-7.582,-3.941,1549047722449
49,0.034,-0.084,-0.124,-4.911,-8.282,-3.885,1549047722469
50,-0.008,-0.047,-0.1,-4.693,-8.189,-4.012,1549047722488
50,0.069,0.01,-0.059,-5.061,-8.153,-4.358,1549047722508
50,0.218,0.093,-0.024,-5.296,-7.799,-4.077,1549047722528
50,0.186,0.101,0.002,-4.818,-8.234,-3.637,1549047722549
50,0.01,-0.003,-0.011,-4.824,-8.407,-3.91,1549047722568
50,0.123,0.036,-0.035,-5.277,-8.138,-4.188,1549047722589
50,0.314,0.111,0.004,-5.331,-7.895,-4.168,1549047722609
50,0.218,0.066,0.047,-4.768,-8.071,-3.769,1549047722628
50,0.015,-0.059,0.006,-4.954,-8.735,-3.664,1549047722648
50,0.078,-0.02,-0.021,-5.066,-8.416,-4.052,1549047722669
51,0.28,0.028,-0.006,-4.984,-7.729,-3.732,1549047722689
51,0.392,0.038,0.001,-5.016,-7.767,-4.125,1549047722708
51,0.121,0.0,-0.037,-5.034,-8.169,-4.306,1549047722729
51,0.028,-0.014,-0.056,-5.286,-7.873,-3.821,1549047722749
51,0.127,0.023,-0.016,-5.014,-8.177,-3.206,1549047722769
51,0.05,-0.053,-0.029,-4.451,-8.575,-3.332,1549047722789
51,0.019,-0.049,-0.056,-4.737,-7.994,-4.158,1549047722809
51,0.075,0.02,-0.055,-4.936,-7.993,-3.941,1549047722829
51,0.185,0.004,-0.067,-4.695,-8.074,-3.43,1549047722849
51,0.097,-0.034,-0.07,-4.592,-8.566,-3.772,1549047722869
51,-0.022,-0.028,-0.079,-4.704,-8.15,-4.152,1549047722889
52,0.026,0.008,-0.069,-4.651,-8.168,-3.833,1549047722908
52,0.14,-0.004,-0.076,-4.797,-8.452,-3.663,1549047722929
52,0.077,-0.01,-0.071,-5.303,-8.804,-3.853,1549047722949
52,0.012,-0.004,-0.052,-6.5,-8.203,-3.625,1549047722969
52,0.034,0.038,-0.028,-4.499,-7.878,-3.632,1549047722989
52,0.146,-0.142,-0.042,-5.865,-7.963,-3.298,1549047723009
52,-0.001,0.023,-0.001,-4.653,-8.632,-3.325,1549047723029
52,-0.042,-0.046,-0.006,-5.14,-8.277,-3.976,1549047723049
52,-0.016,-0.016,0.001,-4.748,-8.289,-3.8,1549047723069
52,0.08,-0.028,-0.024,-4.802,-8.064,-3.764,1549047723089
52,0.06,-0.022,-0.011,-4.96,-7.956,-3.78,1549047723110
52,0.024,-0.003,-0.009,-4.67,-8.639,-3.229,1549047723129
53,-0.012,-0.057,-0.027,-4.906,-8.502,-3.387,1549047723149
53,0.025,-0.013,-0.028,-5.172,-7.523,-4.081,1549047723169
53,0.032,0.017,-0.029,-5.194,-8.031,-3.83,1549047723189
53,-0.042,-0.03,-0.033,-4.735,-9.045,-3.35,1549047723209
53,-0.058,-0.048,-0.032,-4.845,-8.715,-3.444,1549047723229
53,0.017,0.0,-0.024,-4.774,-8.067,-3.72,1549047723249
53,0.035,0.023,-0.022,-5.064,-8.095,-3.787,1549047723270
53,0.022,0.029,-0.026,-4.799,-8.528,-3.706,1549047723290
53,0.034,-0.008,-0.036,-5.261,-8.505,-3.596,1549047723309
53,0.037,0.021,-0.02,-4.558,-8.04,-3.741,1549047723329
53,0.03,-0.018,-0.012,-5.227,-8.343,-3.519,1549047723349
53,0.016,0.01,-0.007,-4.805,-8.559,-3.561,1549047723369
54,0.029,-0.018,-0.019,-5.114,-8.183,-3.831,1549047723389
54,0.002,0.0,-0.012,-4.826,-7.69,-3.65,1549047723410
54,-0.03,-0.037,-0.008,-4.516,-8.657,-3.596,1549047723430
54,-0.074,-0.05,-0.024,-4.74,-8.801,-3.328,1549047723450
54,0.037,0.009,-0.018,-5.149,-7.996,-3.902,1549047723470
54,0.063,0.036,0.007,-4.845,-8.24,-3.8,1549047723490
54,0.01,-0.025,0.01,-4.908,-8.455,-3.383,1549047723510
54,0.003,-0.012,0.002,-4.921,-8.231,-3.399,1549047723530
54,-0.003,0.008,0.006,-5.133,-8.416,-3.409,1549047723550
54,-0.002,0.031,0.012,-4.922,-8.082,-3.649,1549047723570
54,-0.009,0.038,0.025,-4.798,-8.277,-3.858,1549047723589
54,0.006,0.033,0.042,-4.865,-8.291,-3.927,1549047723610
54,-0.053,0.005,0.056,-4.602,-8.128,-3.432,1549047723629
54,-0.129,-0.023,0.049,-4.808,-8.465,-3.519,1549047723649
54,-0.077,0.025,0.038,-4.96,-8.207,-3.563,1549047723669
55,0.056,0.035,0.042,-4.945,-8.214,-3.293,1549047723689
55,0.03,0.03,0.056,-4.797,-8.121,-3.534,1549047723710
55,-0.128,0.01,0.059,-5.02,-8.264,-3.912,1549047723730
55,-0.192,0.017,0.059,-5.066,-8.381,-3.856,1549047723750
55,-0.024,0.0,0.053,-4.993,-8.17,-3.715,1549047723770
55,-0.026,-0.003,0.091,-4.953,-8.359,-3.641,1549047723790
55,-0.11,0.0,0.084,-4.941,-8.239,-3.82,1549047723810
55,-0.131,0.013,0.076,-5.009,-8.257,-3.446,1549047723830
55,-0.104,0.018,0.064,-4.984,-8.345,-3.665,1549047723850
55,-0.059,0.015,0.031,-5.098,-7.94,-3.856,1549047723870
55,-0.021,0.046,0.055,-5.13,-8.057,-4.194,1549047723891
55,-0.026,0.032,0.04,-4.966,-8.302,-3.825,1549047723910
55,-0.027,0.009,0.004,-5.008,-8.211,-3.67,1549047723930
55,-0.076,0.006,0.001,-5.075,-8.025,-3.743,1549047723950
55,-0.151,0.005,0.019,-5.084,-8.233,-3.941,1549047723971
56,-0.249,0.017,0.049,-4.94,-8.4,-3.89,1549047723990
56,-0.209,-0.008,0.013,-5.187,-7.964,-3.712,1549047724010
56,0.034,0.02,-0.019,-5.05,-8.001,-4.087,1549047724031
56,0.035,0.006,-0.012,-4.967,-7.955,-4.145,1549047724050
56,-0.002,-0.001,-0.011,-4.998,-8.056,-3.925,1549047724070
56,-0.089,0.004,0.008,-4.897,-8.365,-3.738,1549047724091
56,-0.085,-0.004,-0.008,-4.865,-8.213,-3.82,1549047724111
56,0.067,0.028,-0.025,-5.117,-7.999,-4.027,1549047724131
56,0.052,0.057,-0.004,-5.05,-7.87,-4.076,1549047724150
56,-0.019,0.044,0.0,-5.003,-8.074,-4.108,1549047724170
56,-0.108,0.022,-0.009,-4.877,-8.293,-3.788,1549047724190
56,-0.016,0.009,-0.02,-5.258,-8.207,-3.971,1549047724211
56,0.054,0.049,-0.014,-4.934,-8.027,-3.906,1549047724230
56,0.063,0.033,-0.014,-5.092,-8.015,-4.065,1549047724251
56,0.034,0.05,-0.017,-5.04,-8.137,-3.918,1549047724271
56,0.024,0.023,-0.026,-4.921,-7.851,-4.0,1549047724290
57,-0.032,0.025,-0.024,-5.041,-8.209,-4.114,1549047724310
57,-0.136,0.059,-0.009,-5.029,-8.458,-3.84,1549047724331
57,-0.277,0.015,-0.012,-4.579,-8.295,-3.564,1549047724351
57,-0.017,0.025,-0.059,-5.119,-8.126,-4.022,1549047724371
57,0.029,0.092,-0.069,-4.925,-8.031,-4.304,1549047724391
57,0.022,0.056,-0.077,-4.85,-7.93,-4.216,1549047724411
57,-0.083,0.054,-0.06,-4.756,-8.207,-4.015,1549047724431
57,-0.164,0.014,-0.087,-4.764,-8.571,-3.915,1549047724450
57,0.01,0.008,-0.116,-4.783,-8.344,-3.714,1549047724471
57,0.207,0.06,-0.112,-4.809,-8.032,-4.179,1549047724491
57,0.154,0.104,-0.099,-4.942,-8.038,-4.348,1549047724511
57,0.04,0.106,-0.088,-4.898,-8.038,-4.188,1549047724531
57,-0.006,0.083,-0.09,-4.774,-8.142,-3.959,1549047724551
57,-0.027,0.068,-0.089,-4.836,-8.18,-4.066,1549047724571
57,-0.029,0.094,-0.074,-4.861,-8.144,-4.158,1549047724591
57,-0.02,0.099,-0.059,-4.765,-8.061,-3.903,1549047724611
57,-0.081,0.085,-0.036,-4.839,-8.132,-4.128,1549047724631
58,-0.201,0.075,-0.029,-4.792,-8.541,-4.265,1549047724651
58,-0.111,0.053,-0.035,-4.518,-8.153,-4.146,1549047724671
58,0.131,0.1,-0.018,-4.647,-7.93,-4.268,1549047724691
58,0.104,0.137,-0.001,-4.785,-8.131,-4.325,1549047724711
58,-0.061,0.118,0.001,-4.793,-8.186,-4.113,1549047724731
58,-0.114,0.094,-0.01,-4.554,-8.49,-4.218,1549047724751
58,-0.056,0.078,0.005,-4.623,-8.126,-3.951,1549047724771
58,-0.127,0.069,0.017,-4.479,-7.987,-4.194,1549047724792
58,0.067,0.099,0.014,-4.772,-8.071,-4.534,1549047724812
58,0.079,0.126,0.022,-4.589,-7.974,-4.172,1549047724832
58,-0.013,0.072,0.031,-4.76,-8.225,-4.329,1549047724851
58,-0.063,0.098,0.041,-4.655,-8.476,-4.69,1549047724871
58,0.112,0.105,0.033,-4.904,-7.634,-4.221,1549047724891
58,-0.089,0.115,0.069,-4.508,-8.306,-4.159,1549047724911
58,0.0,0.07,0.026,-4.885,-8.197,-4.277,1549047724931
58,0.093,0.114,0.037,-4.507,-7.896,-4.137,1549047724952
58,0.123,0.079,0.02,-4.565,-8.402,-4.3,1549047724971
59,0.082,0.112,0.025,-4.566,-8.309,-4.397,1549047724992
59,0.064,0.087,0.019,-4.61,-8.0,-4.184,1549047725011
59,0.065,0.06,0.008,-4.687,-8.146,-4.14,1549047725032
59,0.033,0.041,0.003,-4.629,-8.205,-4.063,1549047725052
59,0.004,0.02,0.01,-4.785,-8.43,-4.222,1549047725071
59,0.023,0.048,-0.008,-4.828,-8.288,-4.169,1549047725092
59,0.123,0.047,-0.004,-4.662,-8.075,-4.343,1549047725112
59,0.132,0.061,-0.006,-4.673,-8.055,-4.431,1549047725132
59,0.057,0.07,0.002,-4.596,-8.125,-4.316,1549047725152
59,-0.013,0.06,-0.002,-4.507,-8.193,-4.27,1549047725172
59,-0.013,0.062,0.008,-4.499,-8.25,-4.225,1549047725192
59,0.015,0.071,0.017,-4.63,-8.053,-4.332,1549047725212
59,0.032,0.063,0.028,-4.579,-8.34,-4.339,1549047725232
59,0.053,0.049,0.0,-4.721,-8.3,-4.226,1549047725252
60,0.079,0.056,-0.001,-4.758,-8.345,-4.079,1549047725272
60,0.096,0.047,-0.011,-4.624,-8.257,-3.96,1549047725292
60,0.05,0.037,-0.006,-4.615,-8.142,-4.089,1549047725312
60,-0.027,0.043,-0.007,-4.617,-8.269,-4.288,1549047725332
60,0.013,0.044,-0.023,-4.57,-8.256,-4.194,1549047725352
60,0.099,0.033,-0.021,-4.487,-8.211,-4.246,1549047725372
60,0.124,0.017,-0.02,-4.578,-8.128,-4.233,1549047725392
60,0.051,0.008,-0.006,-4.505,-8.262,-4.265,1549047725411
60,0.034,0.009,-0.01,-4.562,-8.245,-4.304,1549047725432
60,0.049,0.029,-0.013,-4.593,-8.215,-4.37,1549047725452
60,0.038,0.029,-0.012,-4.582,-8.209,-4.306,1549047725472
60,-0.011,0.024,-0.003,-4.565,-8.366,-4.195,1549047725492
60,-0.047,0.015,-0.003,-4.521,-8.284,-4.109,1549047725512
61,-0.043,0.003,-0.002,-4.532,-8.244,-4.071,1549047725532
61,-0.014,-0.003,-0.011,-4.59,-8.366,-4.14,1549047725552
61,-0.008,-0.007,-0.02,-4.553,-8.32,-4.003,1549047725573
61,0.0,-0.025,-0.019,-4.565,-8.356,-4.11,1549047725593
61,0.014,-0.027,-0.029,-4.52,-8.125,-4.182,1549047725613
61,0.019,-0.036,-0.029,-4.536,-8.165,-4.256,1549047725633
61,-0.005,-0.037,-0.04,-4.516,-8.291,-4.159,1549047725652
61,-0.011,-0.036,-0.04,-4.474,-8.359,-4.223,1549047725673
61,0.03,-0.029,-0.027,-4.503,-8.161,-4.298,1549047725693
61,0.041,-0.014,-0.02,-4.557,-8.226,-4.3,1549047725713
62,-0.002,-0.02,-0.019,-4.555,-8.293,-4.226,1549047725733
62,-0.018,-0.028,-0.01,-4.54,-8.35,-4.049,1549047725752
62,0.017,-0.02,-0.004,-4.587,-8.149,-4.296,1549047725772
62,0.012,0.001,0.005,-4.543,-8.195,-4.343,1549047725793
62,-0.004,-0.003,-0.002,-4.621,-8.324,-4.291,1549047725813
62,-0.036,-0.008,0.003,-4.522,-8.384,-4.118,1549047725833
62,-0.026,-0.016,0.003,-4.499,-8.222,-4.022,1549047725853
62,-0.002,-0.008,0.005,-4.507,-8.119,-4.212,1549047725873
62,0.008,-0.008,0.005,-4.485,-8.303,-4.215,1549047725893
62,0.001,-0.007,0.001,-4.584,-8.336,-4.294,1549047725913
62,-0.002,0.006,0.002,-4.624,-8.286,-4.229,1549047725933
62,-0.013,-0.002,-0.006,-4.517,-8.362,-4.084,1549047725952
62,-0.002,-0.003,-0.028,-4.541,-8.328,-4.174,1549047725973
62,0.011,0.012,-0.021,-4.564,-8.24,-4.122,1549047725993
62,0.024,0.0,-0.016,-4.546,-8.262,-4.203,1549047726012
