pack,vx,vy,vz,ax,ay,az,time
1,0.354,-0.064,-0.007,-2.196,-5.853,-7.48,1548691908570
1,0.363,-0.087,-0.035,-2.546,-6.094,-8.04,1548691908591
1,0.066,-0.094,-0.065,-2.642,-6.573,-8.019,1548691908610
1,-0.04,-0.055,-0.018,-2.578,-6.918,-7.882,1548691908630
1,-0.145,-0.02,0.013,-2.634,-6.947,-7.621,1548691908650
1,-0.195,0.02,0.055,-2.759,-7.045,-7.761,1548691908670
1,-0.198,0.05,0.082,-2.766,-6.866,-7.846,1548691908690
1,-0.167,0.058,0.079,-2.653,-6.799,-7.902,1548691908710
1,-0.155,0.049,0.069,-2.741,-6.753,-7.786,1548691908730
1,-0.075,0.029,0.078,-2.532,-6.507,-7.965,1548691908750
1,0.018,-0.046,0.107,-2.157,-6.406,-8.052,1548691908770
1,0.036,-0.113,0.098,-2.238,-5.877,-8.403,1548691908790
1,0.12,-0.14,0.067,-2.256,-5.361,-7.9,1548691908810
2,0.185,-0.124,0.032,-2.281,-4.67,-7.564,1548691908830
2,0.168,-0.177,0.012,-2.802,-4.208,-7.954,1548691908850
2,-0.15,-0.134,-0.029,-2.711,-5.137,-8.293,1548691908870
2,-0.578,-0.083,-0.019,-2.8,-5.944,-8.537,1548691908889
2,-0.748,-0.099,0.002,-2.937,-5.334,-8.446,1548691908910
2,-0.628,-0.055,0.052,-2.762,-5.723,-8.576,1548691908930
2,-0.542,-0.059,0.067,-2.744,-5.778,-8.512,1548691908950
2,-0.42,-0.056,0.06,-2.692,-5.819,-8.54,1548691908969
2,-0.329,-0.087,0.035,-2.886,-5.436,-8.625,1548691908990
2,-0.273,-0.089,0.003,-2.98,-5.214,-8.42,1548691909010
3,-0.153,-0.114,-0.068,-3.022,-5.566,-8.375,1548691909030
3,-0.06,-0.151,-0.148,-2.621,-5.58,-8.127,1548691909049
3,-0.073,-0.167,-0.221,-2.63,-5.585,-8.305,1548691909070
3,-0.032,-0.127,-0.264,-2.716,-4.909,-8.024,1548691909090
3,-0.036,-0.166,-0.256,-2.82,-5.872,-8.77,1548691909110
3,-0.122,-0.148,-0.281,-2.627,-5.237,-8.184,1548691909129
3,-0.057,-0.284,-0.229,-2.844,-5.047,-8.447,1548691909149
3,-0.041,-0.286,-0.17,-3.095,-5.071,-8.45,1548691909170
3,-0.143,-0.286,-0.095,-2.841,-5.593,-8.703,1548691909190
3,-0.275,-0.217,-0.052,-2.006,-5.222,-8.627,1548691909209
3,-0.215,-0.362,0.053,-2.789,-5.886,-8.415,1548691909229
4,-0.3,-0.297,0.069,-3.229,-6.006,-8.104,1548691909250
4,-0.434,-0.214,0.093,-2.976,-6.002,-7.599,1548691909270
4,-0.388,-0.249,0.074,-3.071,-5.742,-8.381,1548691909290
4,-0.279,-0.281,-0.002,-3.548,-6.685,-8.815,1548691909310
4,-0.206,-0.27,-0.084,-3.226,-5.606,-8.099,1548691909330
4,0.102,-0.233,-0.086,-3.093,-4.436,-7.089,1548691909350
4,0.302,-0.281,-0.066,-3.757,-5.441,-7.802,1548691909369
4,0.079,-0.097,-0.094,-3.328,-6.055,-8.641,1548691909389
4,-0.254,-0.107,-0.031,-2.572,-5.639,-8.174,1548691909410
4,-0.094,-0.135,0.006,-2.492,-5.132,-8.6,1548691909429
4,-0.005,-0.15,-0.009,-2.67,-4.645,-8.274,1548691909450
4,-0.036,-0.058,-0.034,-2.492,-5.154,-8.347,1548691909470
4,-0.158,-0.058,-0.008,-3.132,-5.308,-8.587,1548691909489
4,-0.232,-0.011,-0.013,-3.892,-5.016,-8.07,1548691909509
5,-0.1,0.016,-0.072,-3.945,-5.08,-7.827,1548691909530
5,-0.021,0.045,-0.111,-3.434,-4.852,-8.29,1548691909550
5,-0.142,-0.135,-0.179,-2.819,-5.302,-8.368,1548691909570
5,-0.052,-0.253,-0.313,-2.712,-4.851,-8.439,1548691909589
5,0.044,-0.28,-0.371,-2.741,-4.548,-7.612,1548691909610
5,0.083,-0.196,-0.374,-2.386,-4.232,-8.024,1548691909629
5,-0.032,-0.134,-0.373,-2.901,-5.168,-8.872,1548691909650
5,-0.217,-0.201,-0.435,-3.263,-4.841,-7.652,1548691909669
5,-0.16,-0.053,-0.41,-4.136,-3.575,-8.813,1548691909689
5,-0.147,0.074,-0.431,-3.706,-5.283,-8.518,1548691909710
5,-0.259,0.055,-0.455,-3.181,-5.429,-8.522,1548691909730
5,-0.253,-0.019,-0.418,-2.864,-4.611,-8.865,1548691909749
5,-0.164,-0.089,-0.401,-4.119,-4.995,-8.489,1548691909769
6,-0.093,0.028,-0.455,-3.041,-5.035,-8.641,1548691909789
6,-0.22,-0.033,-0.431,-3.027,-4.836,-8.475,1548691909810
6,-0.215,-0.075,-0.414,-3.188,-6.057,-7.918,1548691909829
6,-0.268,-0.016,-0.398,-3.489,-5.741,-8.531,1548691909849
6,-0.207,0.0,-0.408,-3.001,-4.809,-8.475,1548691909869
6,-0.036,-0.029,-0.374,-3.232,-4.515,-8.691,1548691909890
6,-0.047,0.003,-0.379,-3.005,-5.029,-8.4,1548691909909
6,-0.185,-0.009,-0.376,-3.049,-5.927,-8.288,1548691909930
6,-0.333,-0.022,-0.384,-2.555,-5.537,-8.613,1548691909950
6,-0.256,-0.042,-0.369,-2.542,-4.786,-8.944,1548691909970
6,-0.174,-0.044,-0.346,-2.677,-4.739,-8.844,1548691909989
6,-0.225,-0.034,-0.326,-2.755,-5.059,-8.784,1548691910009
7,-0.297,-0.045,-0.335,-2.276,-5.137,-8.916,1548691910029
7,-0.33,-0.096,-0.307,-2.369,-4.878,-8.869,1548691910049
7,-0.342,-0.095,-0.266,-2.368,-4.633,-8.896,1548691910069
7,-0.35,-0.101,-0.238,-2.542,-5.177,-8.821,1548691910089
7,-0.418,-0.087,-0.238,-2.556,-5.374,-8.876,1548691910109
7,-0.442,-0.094,-0.226,-2.765,-4.726,-8.716,1548691910130
7,-0.415,-0.068,-0.201,-2.644,-4.989,-8.799,1548691910149
7,-0.404,-0.1,-0.196,-2.92,-4.699,-8.678,1548691910169
7,-0.362,-0.104,-0.209,-2.755,-4.847,-8.626,1548691910190
7,-0.425,-0.124,-0.218,-2.955,-5.75,-8.855,1548691910210
7,-0.496,-0.141,-0.237,-2.834,-5.115,-8.452,1548691910229
7,-0.344,-0.144,-0.225,-2.855,-5.176,-8.025,1548691910249
7,-0.193,-0.154,-0.2,-3.291,-4.308,-7.879,1548691910269
7,-0.245,-0.052,-0.143,-3.121,-3.268,-8.72,1548691910290
7,-0.414,-0.029,-0.06,-2.518,-5.257,-9.018,1548691910309
7,-0.572,-0.037,-0.03,-2.527,-6.116,-8.806,1548691910329
8,-0.529,-0.079,-0.008,-2.375,-5.29,-9.05,1548691910349
8,-0.289,-0.101,0.029,-2.223,-3.67,-8.734,1548691910369
8,-0.1,-0.099,0.038,-2.877,-4.717,-8.431,1548691910389
8,-0.187,0.02,-0.003,-1.969,-4.77,-8.868,1548691910409
8,-0.343,0.024,0.066,-2.102,-4.58,-9.12,1548691910429
8,-0.322,0.012,0.085,-2.201,-4.702,-9.089,1548691910449
8,-0.38,0.095,0.109,-2.163,-4.877,-9.295,1548691910470
8,-0.224,0.017,0.052,-2.439,-3.991,-8.914,1548691910489
8,-0.035,0.013,0.028,-2.408,-4.035,-8.925,1548691910509
8,-0.105,0.032,0.037,-2.4,-4.413,-9.307,1548691910529
8,-0.216,0.037,0.039,-2.35,-3.97,-9.295,1548691910549
9,-0.082,0.056,0.041,-2.401,-4.057,-9.328,1548691910569
9,-0.005,0.053,0.025,-2.538,-3.409,-9.306,1548691910589
9,0.03,0.073,0.047,-2.963,-4.181,-9.406,1548691910609
9,-0.094,0.135,0.065,-2.831,-4.228,-9.713,1548691910629
9,-0.126,0.114,0.057,-2.683,-3.89,-9.826,1548691910649
9,-0.05,0.031,0.028,-2.664,-3.319,-9.583,1548691910669
9,-0.005,0.012,0.004,-2.722,-3.874,-9.665,1548691910689
9,-0.116,0.036,-0.008,-2.719,-3.915,-9.753,1548691910709
9,-0.216,0.044,-0.005,-2.655,-4.765,-9.836,1548691910729
9,-0.255,0.037,0.012,-2.69,-3.716,-9.941,1548691910749
9,-0.086,0.014,0.035,-2.732,-2.805,-9.705,1548691910769
9,0.063,-0.037,0.014,-2.675,-3.627,-9.74,1548691910789
9,-0.131,-0.022,0.015,-2.909,-4.541,-9.523,1548691910809
10,-0.252,-0.022,0.017,-2.663,-4.084,-9.012,1548691910829
10,-0.066,-0.054,0.007,-2.459,-3.743,-9.138,1548691910849
10,0.052,-0.075,-0.004,-2.387,-3.877,-9.196,1548691910869
10,-0.011,-0.041,0.014,-2.656,-4.097,-9.373,1548691910888
10,-0.095,0.012,0.017,-2.711,-4.163,-9.514,1548691910909
10,-0.103,0.02,0.001,-2.626,-3.925,-9.572,1548691910928
10,-0.004,-0.022,-0.037,-2.628,-3.683,-9.469,1548691910949
10,0.089,-0.049,-0.069,-2.328,-3.495,-9.535,1548691910969
10,0.084,-0.06,-0.079,-2.747,-3.795,-9.081,1548691910989
10,0.052,-0.026,-0.079,-2.772,-4.333,-9.197,1548691911009
10,-0.009,0.003,-0.062,-2.756,-3.64,-9.203,1548691911029
10,0.004,-0.011,-0.034,-2.652,-3.432,-9.223,1548691911049
11,0.027,-0.017,-0.021,-2.7,-3.896,-9.273,1548691911069
11,-0.05,0.0,0.004,-2.761,-3.819,-9.235,1548691911089
11,-0.069,0.008,0.029,-2.818,-3.605,-9.222,1548691911109
11,-0.067,0.016,0.049,-2.743,-3.822,-9.254,1548691911128
11,-0.077,0.024,0.052,-2.805,-3.807,-9.02,1548691911149
11,-0.067,0.005,0.05,-2.814,-4.015,-9.094,1548691911168
11,-0.095,0.014,0.037,-2.726,-4.179,-9.235,1548691911189
11,-0.1,-0.007,0.018,-2.701,-3.757,-9.535,1548691911209
11,-0.046,-0.007,-0.013,-2.369,-3.061,-9.746,1548691911229
11,0.045,-0.045,-0.04,-2.5,-3.324,-9.385,1548691911249
11,-0.02,-0.009,-0.019,-2.665,-3.914,-9.363,1548691911269
11,-0.13,0.047,0.016,-2.553,-3.764,-9.435,1548691911289
12,-0.075,0.04,0.048,-2.463,-3.847,-9.202,1548691911309
12,-0.023,0.024,0.056,-2.75,-4.072,-9.162,1548691911328
12,-0.014,0.044,0.038,-2.795,-4.091,-9.237,1548691911349
12,0.034,0.015,-0.016,-2.569,-3.245,-9.463,1548691911369
12,0.159,-0.031,-0.068,-2.509,-3.109,-9.591,1548691911389
12,0.156,-0.043,-0.103,-2.483,-3.145,-9.755,1548691911409
12,0.063,-0.003,-0.087,-2.827,-3.221,-9.414,1548691911429
12,0.003,0.041,-0.042,-3.115,-3.777,-9.193,1548691911449
12,-0.072,0.087,-0.016,-3.063,-4.116,-9.065,1548691911468
12,-0.02,0.048,-0.016,-3.001,-4.379,-9.0,1548691911489
12,0.089,0.017,-0.032,-3.196,-4.863,-8.957,1548691911509
12,0.208,0.009,-0.072,-2.725,-5.086,-8.983,1548691911529
12,0.453,-0.029,-0.148,-2.702,-4.89,-9.108,1548691911549
13,0.732,-0.048,-0.211,-2.23,-5.598,-8.745,1548691911568
13,1.06,-0.096,-0.29,-0.781,-5.898,-8.187,1548691911589
13,1.369,-0.081,-0.386,-2.884,-3.756,-8.969,1548691911609
13,1.676,0.16,-0.511,-2.346,-4.68,-8.769,1548691911629
13,1.182,-0.021,-0.39,-2.206,-5.285,-8.582,1548691911649
13,0.904,-0.089,-0.33,-1.983,-5.381,-8.345,1548691911668
13,0.963,-0.12,-0.326,-1.807,-4.699,-8.22,1548691911688
13,0.924,-0.103,-0.28,-1.652,-5.94,-8.734,1548691911708
13,0.552,-0.026,-0.121,-1.913,-5.22,-8.778,1548691911728
13,0.479,0.093,0.003,-2.179,-4.993,-8.697,1548691911748
13,0.517,0.104,0.004,-2.642,-5.456,-8.375,1548691911768
13,0.397,0.124,-0.027,-2.589,-5.677,-8.678,1548691911788
13,0.191,0.082,-0.023,-2.674,-5.053,-8.763,1548691911808
14,0.086,0.029,-0.007,-2.681,-5.384,-8.449,1548691911829
14,-0.06,-0.003,0.006,-2.409,-5.973,-7.961,1548691911849
14,-0.174,-0.011,0.02,-2.27,-6.517,-8.046,1548691911868
14,-0.278,0.017,0.096,-2.334,-5.983,-8.72,1548691911889
14,-0.206,0.073,0.187,-2.325,-5.123,-8.682,1548691911908
14,0.039,0.047,0.171,-2.418,-5.496,-8.358,1548691911928
14,0.002,0.012,0.12,-2.363,-5.602,-8.371,1548691911949
14,-0.032,-0.007,0.076,-2.527,-5.81,-8.476,1548691911968
14,0.009,-0.019,0.038,-2.74,-5.634,-8.675,1548691911988
14,0.037,-0.009,0.043,-2.763,-5.11,-8.452,1548691912008
14,0.012,-0.016,0.067,-2.857,-5.007,-8.463,1548691912029
14,-0.036,-0.011,0.033,-3.068,-5.383,-8.912,1548691912049
14,-0.127,0.006,0.004,-2.843,-6.173,-8.752,1548691912068
15,-0.171,0.021,0.022,-2.473,-5.024,-8.464,1548691912088
15,-0.04,-0.006,0.021,-2.313,-5.124,-7.955,1548691912108
15,0.073,-0.04,-0.064,-2.708,-5.774,-8.286,1548691912128
15,-0.014,-0.009,-0.093,-2.433,-6.127,-8.267,1548691912149
15,-0.159,-0.013,-0.065,-2.114,-5.873,-8.257,1548691912169
15,-0.084,-0.028,-0.039,-2.352,-5.387,-8.522,1548691912188
15,-0.017,0.0,-0.033,-2.092,-5.605,-8.358,1548691912208
15,-0.025,-0.001,-0.032,-2.248,-5.783,-8.1,1548691912229
15,0.066,-0.013,-0.074,-2.559,-6.261,-7.992,1548691912248
15,0.178,0.011,-0.072,-2.388,-5.719,-8.475,1548691912268
15,0.27,0.033,-0.031,-1.826,-5.633,-8.556,1548691912288
15,0.373,-0.037,-0.006,-2.306,-5.049,-8.638,1548691912308
16,0.326,-0.019,-0.014,-2.403,-4.777,-8.403,1548691912328
16,0.099,-0.037,-0.03,-2.043,-5.791,-8.561,1548691912348
16,-0.28,-0.082,-0.017,-2.325,-6.244,-8.467,1548691912368
16,-0.312,-0.06,0.01,-2.12,-5.804,-8.106,1548691912388
16,0.024,-0.083,0.015,-2.383,-5.705,-8.161,1548691912408
16,0.161,-0.064,0.023,-2.161,-5.855,-8.115,1548691912429
16,0.1,-0.076,0.044,-2.42,-6.136,-8.359,1548691912448
16,-0.045,-0.036,0.064,-2.432,-5.892,-8.572,1548691912469
16,-0.126,-0.01,0.125,-2.315,-5.673,-8.513,1548691912488
16,-0.04,-0.032,0.137,-2.378,-5.734,-8.42,1548691912509
16,-0.015,-0.045,0.11,-2.24,-5.446,-8.488,1548691912529
16,0.124,-0.065,0.074,-1.985,-5.498,-8.916,1548691912548
16,0.381,-0.1,0.008,-2.038,-5.174,-8.075,1548691912568
17,0.646,-0.128,-0.013,-2.063,-5.518,-8.044,1548691912588
17,0.558,-0.054,0.006,-2.426,-5.841,-8.13,1548691912608
17,0.27,0.012,0.093,-2.425,-5.919,-7.532,1548691912629
17,0.319,-0.033,0.082,-2.696,-6.507,-7.56,1548691912649
17,0.214,-0.031,0.094,-2.381,-7.099,-8.588,1548691912668
17,0.2,-0.09,0.092,-2.7,-6.375,-8.331,1548691912688
17,0.546,-0.116,0.084,-2.627,-5.305,-7.602,1548691912708
17,0.774,-0.095,0.054,-2.809,-5.155,-7.586,1548691912728
17,0.605,-0.037,0.037,-3.359,-6.155,-8.493,1548691912748
17,0.205,-0.021,0.037,-3.258,-6.357,-8.402,1548691912768
17,0.289,-0.078,-0.011,-3.083,-6.51,-7.264,1548691912788
17,0.563,-0.08,-0.062,-2.957,-7.108,-7.308,1548691912808
18,0.427,-0.053,-0.036,-3.094,-7.634,-8.144,1548691912828
18,0.307,-0.009,0.031,-3.018,-7.061,-7.808,1548691912848
18,0.599,0.063,0.068,-2.88,-5.679,-6.686,1548691912868
18,0.952,0.095,0.031,-2.841,-5.797,-6.543,1548691912889
18,0.613,0.079,0.056,-3.164,-7.131,-7.041,1548691912908
18,0.029,0.101,0.054,-2.824,-7.698,-7.598,1548691912929
18,-0.074,0.07,0.047,-2.91,-7.443,-7.657,1548691912948
18,0.191,0.041,0.034,-2.584,-6.857,-7.037,1548691912968
18,0.361,0.009,0.062,-2.58,-7.201,-7.226,1548691912988
18,0.039,-0.072,0.092,-2.775,-7.085,-7.042,1548691913008
19,0.032,-0.042,0.117,-2.799,-8.663,-7.642,1548691913028
19,-0.096,-0.06,0.131,-2.678,-8.162,-7.304,1548691913048
19,0.159,-0.068,0.17,-2.701,-7.282,-6.773,1548691913068
19,0.473,-0.092,0.197,-2.866,-5.752,-7.091,1548691913088
19,0.542,-0.091,0.172,-2.67,-5.654,-6.743,1548691913108
19,0.339,-0.122,0.106,-2.662,-6.958,-6.828,1548691913128
19,0.055,-0.178,0.03,-2.889,-8.587,-7.068,1548691913148
19,-0.116,-0.132,-0.011,-2.644,-7.569,-7.005,1548691913168
19,0.128,-0.147,0.039,-2.547,-6.478,-6.605,1548691913188
19,0.396,-0.136,0.057,-3.078,-6.804,-6.876,1548691913208
19,0.335,-0.106,0.028,-2.772,-6.98,-6.972,1548691913228
19,0.218,-0.115,0.027,-2.58,-7.336,-6.944,1548691913248
19,0.149,-0.119,0.017,-2.947,-7.442,-7.141,1548691913267
20,0.182,-0.071,0.005,-3.133,-6.531,-7.009,1548691913287
20,0.316,-0.08,-0.013,-3.007,-6.379,-6.516,1548691913307
20,0.255,-0.113,-0.034,-3.134,-7.33,-6.154,1548691913328
20,0.088,-0.08,-0.053,-3.103,-7.412,-6.353,1548691913348
20,0.046,-0.052,-0.024,-3.3,-7.435,-6.529,1548691913367
20,0.118,0.014,0.007,-3.497,-7.418,-6.73,1548691913388
20,0.088,0.032,0.012,-3.307,-7.514,-6.71,1548691913407
20,0.058,0.003,0.009,-3.214,-7.633,-6.619,1548691913428
20,0.08,-0.004,0.018,-3.046,-7.245,-6.698,1548691913448
20,0.112,-0.011,0.037,-3.297,-7.46,-6.632,1548691913468
20,0.074,0.003,0.038,-3.181,-7.442,-6.96,1548691913487
20,0.049,0.002,0.047,-2.95,-7.067,-6.875,1548691913508
20,0.122,-0.029,0.062,-2.747,-6.748,-6.742,1548691913527
20,0.171,-0.086,0.021,-3.114,-7.731,-6.175,1548691913548
21,0.0,-0.045,-0.009,-3.169,-7.521,-6.543,1548691913568
21,-0.047,-0.039,0.0,-2.943,-6.766,-6.631,1548691913588
21,0.088,-0.058,0.014,-3.168,-6.882,-6.631,1548691913607
21,0.091,-0.008,0.006,-3.193,-7.792,-6.616,1548691913627
21,-0.115,0.033,0.058,-3.224,-7.563,-6.265,1548691913648
21,-0.06,-0.032,0.052,-3.382,-7.5,-6.321,1548691913668
21,-0.077,-0.04,0.056,-3.254,-7.366,-6.488,1548691913687
21,-0.033,-0.013,0.066,-3.184,-7.219,-6.409,1548691913707
21,0.047,0.0,0.067,-3.234,-7.097,-6.553,1548691913728
21,-0.035,0.013,0.047,-3.348,-7.777,-6.449,1548691913748
21,-0.127,-0.003,0.046,-3.45,-7.586,-6.462,1548691913768
21,-0.121,0.008,0.032,-2.899,-6.938,-6.893,1548691913787
22,0.022,-0.045,0.02,-3.088,-7.393,-6.863,1548691913808
22,-0.045,-0.011,-0.006,-3.14,-7.445,-6.682,1548691913828
22,-0.079,0.001,-0.015,-3.081,-7.302,-6.48,1548691913848
22,-0.056,-0.018,-0.021,-3.163,-7.467,-6.258,1548691913867
22,-0.05,-0.018,-0.025,-2.938,-7.432,-6.919,1548691913887
22,-0.08,0.002,-0.011,-3.074,-6.975,-6.792,1548691913908
22,-0.001,-0.037,-0.005,-3.2,-7.377,-6.549,1548691913928
22,-0.088,-0.054,-0.013,-3.415,-7.346,-6.397,1548691913948
22,-0.065,-0.015,-0.017,-3.014,-7.602,-6.675,1548691913968
22,-0.057,-0.038,-0.018,-3.113,-7.416,-6.585,1548691913988
22,-0.033,-0.024,-0.016,-3.17,-7.361,-6.767,1548691914007
22,0.025,0.025,-0.02,-3.175,-7.286,-6.932,1548691914027
23,0.053,0.025,-0.014,-3.022,-7.56,-6.692,1548691914048
23,0.077,0.056,-0.029,-3.247,-7.536,-6.554,1548691914068
23,0.173,0.084,-0.043,-3.041,-6.943,-6.809,1548691914088
23,0.31,0.061,-0.085,-2.91,-6.718,-6.536,1548691914107
23,0.216,-0.018,-0.142,-2.931,-7.375,-6.302,1548691914128
23,-0.182,-0.08,-0.191,-2.77,-8.312,-6.794,1548691914148
23,-0.46,-0.053,-0.18,-2.955,-7.412,-6.648,1548691914167
23,-0.084,-0.001,-0.133,-3.177,-7.001,-6.687,1548691914188
23,0.053,-0.001,-0.125,-3.339,-7.029,-6.366,1548691914207
23,0.014,-0.028,-0.156,-3.448,-7.796,-6.331,1548691914228
23,-0.15,-0.038,-0.144,-3.231,-7.589,-6.441,1548691914248
23,-0.11,-0.041,-0.102,-3.068,-7.216,-6.454,1548691914267
24,0.019,-0.063,-0.113,-3.172,-7.166,-6.356,1548691914288
24,-0.044,-0.056,-0.101,-3.076,-7.752,-6.428,1548691914307
24,-0.214,-0.067,-0.092,-3.08,-8.038,-6.842,1548691914327
24,-0.293,-0.024,-0.068,-2.847,-7.35,-6.811,1548691914348
24,-0.038,0.014,-0.067,-2.806,-7.432,-6.74,1548691914368
24,0.091,-0.004,-0.1,-2.969,-7.147,-6.784,1548691914388
24,0.079,0.036,-0.112,-2.921,-7.033,-7.025,1548691914407
24,-0.037,0.061,-0.06,-2.776,-6.913,-6.947,1548691914427
24,-0.153,0.057,-0.034,-2.84,-6.555,-6.746,1548691914447
24,-0.253,0.072,-0.019,-2.702,-6.855,-6.601,1548691914467
24,-0.516,0.121,0.046,-3.097,-7.262,-7.262,1548691914487
24,-0.985,0.267,0.208,-3.409,-6.71,-7.654,1548691914507
24,-1.31,0.41,0.344,-2.933,-4.886,-8.808,1548691914527
25,-1.103,0.218,0.243,-2.142,-5.326,-7.81,1548691914548
25,-0.584,-0.002,-0.039,-2.136,-6.853,-8.372,1548691914568
25,-1.032,-0.058,-0.041,-2.252,-6.348,-7.429,1548691914588
25,-0.935,0.054,-0.005,-3.372,-5.309,-8.031,1548691914608
25,-0.962,0.246,0.075,-3.47,-3.331,-8.125,1548691914627
25,-0.991,0.21,0.088,-2.545,-3.733,-9.054,1548691914648
25,-1.433,0.131,0.074,-2.772,-7.016,-9.507,1548691914667
25,-1.904,0.171,0.031,-2.889,-7.701,-8.902,1548691914688
25,-1.6,0.212,0.135,-3.243,-6.065,-9.119,1548691914707
25,-1.322,0.177,0.316,-3.24,-4.973,-8.463,1548691914728
25,-1.318,0.099,0.354,-2.762,-5.027,-9.844,1548691914747
25,-1.073,0.001,0.285,-2.271,-5.515,-9.885,1548691914767
25,-0.618,-0.157,0.323,-2.4,-7.231,-9.348,1548691914787
26,-0.621,-0.26,0.266,-3.936,-6.748,-8.966,1548691914807
26,-0.613,-0.206,0.293,-4.421,-4.997,-8.821,1548691914827
26,-0.343,-0.22,0.338,-3.761,-5.036,-9.413,1548691914848
26,-0.128,-0.343,0.281,-4.179,-5.31,-9.398,1548691914867
26,-0.146,-0.456,0.196,-4.433,-5.493,-9.094,1548691914887
26,-0.09,-0.462,0.153,-4.836,-4.266,-9.57,1548691914907
26,-0.088,-0.481,0.177,-4.334,-4.638,-9.278,1548691914927
26,-0.11,-0.481,0.187,-5.136,-4.642,-8.478,1548691914947
26,-0.098,-0.482,0.154,-4.955,-5.23,-8.025,1548691914967
26,-0.051,-0.436,0.159,-4.881,-3.799,-8.684,1548691914987
26,-0.001,-0.459,0.218,-4.651,-3.772,-8.055,1548691915007
27,0.066,-0.389,0.244,-4.568,-5.733,-8.522,1548691915027
27,0.015,-0.416,0.251,-4.849,-5.453,-8.126,1548691915047
27,0.266,-0.304,0.322,-4.314,-3.872,-7.794,1548691915067
27,0.589,-0.376,0.33,-4.185,-4.156,-8.232,1548691915087
27,0.374,-0.303,0.268,-4.304,-5.028,-7.979,1548691915107
27,0.286,-0.254,0.242,-4.227,-4.263,-8.422,1548691915127
27,0.506,-0.255,0.206,-4.418,-3.871,-7.775,1548691915147
27,0.763,-0.308,0.126,-4.373,-4.221,-8.358,1548691915168
27,0.776,-0.288,0.054,-4.429,-4.11,-7.851,1548691915187
27,0.744,-0.253,0.03,-4.46,-4.529,-8.159,1548691915207
27,0.755,-0.218,0.004,-4.44,-3.575,-7.661,1548691915227
27,0.918,-0.205,-0.048,-4.483,-3.118,-7.595,1548691915247
27,0.864,-0.207,-0.098,-4.442,-3.612,-7.892,1548691915267
28,0.605,-0.129,-0.136,-4.271,-4.039,-7.769,1548691915287
28,0.475,-0.112,-0.156,-4.654,-3.431,-7.787,1548691915307
28,0.435,-0.065,-0.2,-4.073,-4.428,-7.569,1548691915327
28,0.306,-0.089,-0.252,-4.411,-4.49,-7.662,1548691915347
28,0.355,-0.048,-0.268,-4.478,-4.34,-7.131,1548691915367
28,0.515,-0.087,-0.285,-4.611,-3.728,-7.099,1548691915386
28,0.508,-0.077,-0.307,-4.674,-2.865,-7.767,1548691915407
28,0.375,-0.036,-0.354,-4.455,-4.645,-6.994,1548691915427
28,-0.072,-0.057,-0.389,-4.718,-5.18,-7.081,1548691915447
28,-0.217,-0.031,-0.379,-4.509,-4.377,-7.0,1548691915467
28,-0.08,-0.05,-0.349,-4.542,-4.51,-7.145,1548691915487
28,-0.193,0.008,-0.331,-4.198,-4.776,-7.721,1548691915507
28,-0.201,0.033,-0.311,-4.151,-4.877,-7.131,1548691915527
28,-0.194,0.066,-0.312,-4.491,-5.848,-6.446,1548691915547
29,-0.304,0.199,-0.303,-4.279,-6.237,-7.607,1548691915567
29,-0.221,0.291,-0.239,-4.061,-4.366,-8.221,1548691915587
29,0.138,0.304,-0.168,-4.18,-4.696,-7.893,1548691915607
29,0.014,0.385,-0.167,-4.253,-5.642,-7.818,1548691915627
29,-0.175,0.405,-0.185,-4.217,-5.545,-7.962,1548691915647
29,-0.23,0.419,-0.136,-3.948,-5.202,-8.695,1548691915667
29,-0.162,0.385,-0.11,-3.816,-5.384,-8.35,1548691915687
29,-0.007,0.311,-0.098,-3.782,-5.531,-7.832,1548691915707
29,0.108,0.271,-0.075,-4.061,-5.6,-7.826,1548691915727
29,0.153,0.207,-0.013,-3.647,-5.567,-8.096,1548691915747
29,0.089,0.19,0.049,-3.757,-4.952,-7.808,1548691915766
29,0.211,0.137,0.107,-3.751,-5.416,-7.656,1548691915787
29,0.28,0.119,0.15,-3.745,-5.04,-7.567,1548691915807
30,0.305,0.112,0.205,-3.433,-5.34,-7.838,1548691915827
30,0.163,0.134,0.249,-3.164,-5.255,-7.952,1548691915847
30,-0.027,0.196,0.297,-3.281,-5.975,-7.831,1548691915867
30,0.084,0.152,0.341,-3.345,-5.953,-7.679,1548691915887
30,0.242,0.189,0.358,-2.957,-5.827,-7.256,1548691915907
30,0.444,0.206,0.374,-2.744,-5.199,-7.287,1548691915927
30,0.445,0.319,0.386,-2.772,-5.718,-7.974,1548691915947
30,0.186,0.429,0.376,-2.932,-5.777,-7.638,1548691915966
30,0.151,0.516,0.36,-3.012,-5.694,-7.77,1548691915987
30,0.294,0.499,0.34,-2.545,-5.516,-7.906,1548691916006
30,0.44,0.473,0.344,-2.939,-5.255,-7.875,1548691916027
31,0.358,0.469,0.367,-3.253,-5.591,-7.87,1548691916047
31,0.224,0.511,0.389,-3.075,-6.348,-8.04,1548691916067
31,0.112,0.521,0.37,-2.912,-6.077,-8.042,1548691916087
31,0.181,0.503,0.32,-3.001,-6.236,-7.812,1548691916106
31,0.143,0.508,0.248,-3.199,-6.737,-7.655,1548691916127
31,0.184,0.472,0.145,-3.1,-5.946,-8.079,1548691916147
31,0.348,0.41,0.057,-3.088,-5.868,-7.894,1548691916167
31,0.419,0.303,-0.023,-2.88,-6.509,-7.461,1548691916187
31,0.302,0.197,-0.086,-3.106,-6.429,-7.765,1548691916206
31,0.288,0.208,-0.108,-3.124,-5.994,-8.033,1548691916227
31,0.239,0.26,-0.094,-3.17,-6.143,-8.108,1548691916246
31,0.28,0.271,-0.138,-3.238,-6.269,-7.635,1548691916266
31,0.386,0.226,-0.153,-3.253,-6.26,-7.286,1548691916286
32,0.354,0.152,-0.151,-3.272,-6.958,-6.886,1548691916307
32,0.283,0.164,-0.118,-2.765,-7.166,-7.681,1548691916327
32,0.285,0.172,-0.088,-2.143,-6.419,-7.605,1548691916346
32,0.564,0.06,-0.066,-2.609,-6.105,-6.948,1548691916367
32,0.515,0.139,-0.064,-2.19,-7.386,-7.282,1548691916386
32,0.251,0.105,-0.1,-2.076,-7.545,-7.577,1548691916406
32,0.233,0.056,-0.092,-1.908,-7.163,-7.314,1548691916426
32,0.42,0.006,-0.11,-2.086,-5.716,-7.304,1548691916447
32,0.548,0.038,-0.097,-2.049,-6.093,-7.304,1548691916467
32,0.229,0.088,-0.087,-2.263,-7.531,-7.242,1548691916487
32,-0.162,0.135,-0.088,-2.145,-8.631,-6.837,1548691916506
32,-0.242,0.086,-0.084,-2.595,-7.692,-7.0,1548691916527
32,0.121,0.035,-0.058,-2.418,-6.619,-6.897,1548691916547
32,0.435,-0.048,-0.057,-2.394,-6.939,-7.205,1548691916566
33,0.296,-0.003,-0.017,-2.296,-7.649,-7.319,1548691916587
33,0.025,0.037,-0.029,-2.129,-8.15,-6.63,1548691916607
33,-0.018,0.022,-0.037,-2.288,-7.53,-6.693,1548691916627
33,0.079,0.081,-0.045,-1.963,-6.545,-7.495,1548691916647
33,0.095,0.088,-0.044,-1.679,-7.436,-7.523,1548691916666
33,-0.083,0.12,0.015,-1.695,-7.68,-7.53,1548691916687
33,-0.047,0.074,0.015,-1.964,-7.298,-7.456,1548691916706
33,0.05,0.043,0.005,-1.894,-7.125,-7.793,1548691916727
33,0.012,-0.006,0.0,-1.86,-7.4,-7.895,1548691916747
33,-0.092,-0.067,0.017,-2.234,-6.969,-7.649,1548691916766
33,-0.16,-0.092,0.031,-2.458,-7.458,-7.426,1548691916787
33,-0.167,-0.112,0.021,-2.614,-7.456,-7.505,1548691916806
33,-0.187,-0.135,0.022,-2.662,-7.252,-7.707,1548691916826
34,-0.144,-0.15,0.023,-2.933,-7.564,-7.211,1548691916846
34,-0.171,-0.15,0.007,-2.943,-7.525,-7.047,1548691916866
34,-0.133,-0.18,-0.014,-2.866,-6.863,-7.005,1548691916887
34,-0.099,-0.177,-0.04,-2.909,-7.357,-6.932,1548691916907
34,-0.1,-0.112,-0.039,-2.622,-8.106,-6.6,1548691916927
34,-0.142,-0.032,-0.064,-2.611,-7.489,-6.188,1548691916947
34,0.013,-0.007,-0.068,-2.7,-7.179,-6.819,1548691916967
34,0.032,0.083,-0.063,-2.102,-6.725,-7.463,1548691916987
34,0.013,0.108,-0.053,-2.42,-7.27,-7.445,1548691917006
34,-0.029,0.145,-0.022,-2.207,-7.391,-7.493,1548691917027
34,-0.003,0.132,-0.024,-2.361,-6.998,-7.589,1548691917046
35,0.098,0.141,-0.019,-2.052,-7.075,-7.691,1548691917067
35,0.139,0.068,-0.02,-2.226,-6.725,-7.767,1548691917086
35,0.154,0.047,-0.008,-2.47,-6.536,-7.658,1548691917107
35,0.18,0.01,0.014,-2.506,-6.753,-7.677,1548691917126
35,0.146,-0.003,0.034,-2.499,-6.791,-7.466,1548691917146
35,0.081,-0.01,0.053,-2.634,-7.032,-7.433,1548691917167
35,0.078,0.0,0.064,-2.522,-7.222,-7.576,1548691917186
35,0.097,0.012,0.064,-2.588,-7.145,-7.354,1548691917207
35,0.097,0.018,0.051,-2.703,-7.429,-7.291,1548691917227
35,0.164,0.032,0.03,-2.582,-7.476,-7.129,1548691917247
35,0.329,0.032,-0.009,-2.611,-7.498,-6.844,1548691917266
35,0.559,0.047,-0.072,-2.376,-8.049,-6.707,1548691917286
35,0.662,0.067,-0.119,-2.39,-8.284,-6.502,1548691917306
36,0.828,0.107,-0.13,-2.199,-8.064,-7.103,1548691917326
36,0.977,0.116,-0.145,-2.772,-5.922,-7.426,1548691917346
36,1.27,0.126,-0.22,-2.231,-7.931,-6.224,1548691917366
36,1.246,-0.049,-0.357,-1.802,-8.497,-5.858,1548691917386
36,1.146,-0.139,-0.323,-2.139,-7.505,-6.701,1548691917407
36,1.711,-0.08,-0.426,-1.742,-8.032,-5.696,1548691917427
36,1.877,-0.056,-0.359,-1.499,-8.275,-6.171,1548691917446
36,0.414,-0.149,-0.013,-2.646,-8.422,-5.697,1548691917466
36,0.218,-0.021,0.047,-2.538,-8.528,-5.777,1548691917486
36,0.471,-0.028,0.054,-2.408,-7.927,-5.684,1548691917506
36,0.634,-0.049,0.007,-2.48,-7.825,-5.684,1548691917526
36,0.494,-0.006,0.014,-2.738,-8.376,-5.458,1548691917546
37,0.251,0.064,0.024,-2.637,-8.061,-4.961,1548691917566
37,0.196,0.096,-0.018,-2.288,-8.347,-5.318,1548691917586
37,0.039,0.041,-0.004,-2.499,-7.944,-5.232,1548691917606
37,-0.234,0.053,0.029,-2.718,-8.818,-5.134,1548691917626
37,-0.497,0.09,0.033,-2.607,-9.414,-5.427,1548691917646
37,-0.374,0.068,-0.006,-2.39,-8.945,-5.73,1548691917666
37,-0.003,0.064,-0.039,-2.194,-8.575,-5.752,1548691917686
37,0.121,0.039,-0.04,-2.186,-8.793,-5.279,1548691917707
37,0.008,0.011,-0.041,-1.983,-9.106,-5.389,1548691917726
37,0.045,-0.032,-0.062,-1.867,-9.015,-5.629,1548691917746
37,0.275,-0.044,-0.063,-1.986,-8.196,-5.791,1548691917766
37,0.491,-0.04,-0.062,-1.956,-8.031,-5.293,1548691917786
37,0.398,-0.067,-0.05,-2.036,-8.616,-5.204,1548691917806
37,0.136,-0.084,-0.05,-2.074,-8.653,-5.082,1548691917826
38,0.101,-0.051,-0.058,-2.259,-8.568,-5.289,1548691917846
38,0.224,-0.008,-0.056,-2.344,-8.263,-5.117,1548691917866
38,0.212,0.012,-0.044,-2.213,-8.725,-4.96,1548691917886
38,0.043,-0.001,-0.058,-2.157,-8.944,-4.965,1548691917906
38,0.017,0.007,-0.07,-2.088,-9.0,-5.111,1548691917926
38,0.033,0.028,-0.061,-2.102,-8.953,-5.089,1548691917946
38,0.01,0.051,-0.049,-2.01,-8.838,-5.145,1548691917966
38,0.029,0.048,-0.038,-2.038,-8.963,-5.194,1548691917986
38,0.052,0.03,-0.054,-2.064,-8.86,-5.297,1548691918006
38,0.11,0.024,-0.062,-2.117,-8.552,-5.069,1548691918026
38,0.165,0.005,-0.06,-2.032,-8.613,-5.214,1548691918046
38,0.131,-0.01,-0.079,-1.899,-8.687,-4.942,1548691918066
38,0.084,-0.029,-0.097,-1.933,-9.103,-4.836,1548691918086
39,0.124,-0.04,-0.085,-2.031,-8.177,-4.938,1548691918106
39,0.209,-0.003,-0.052,-2.126,-8.578,-5.397,1548691918126
39,0.016,0.009,-0.068,-1.731,-8.71,-4.645,1548691918146
39,-0.057,-0.041,-0.092,-1.848,-8.641,-4.545,1548691918166
39,-0.146,-0.021,-0.093,-2.056,-8.701,-5.121,1548691918185
39,-0.316,0.054,-0.063,-1.836,-9.072,-5.603,1548691918205
39,-0.359,0.072,-0.064,-1.818,-8.953,-5.409,1548691918225
39,-0.215,0.081,-0.065,-1.706,-8.962,-5.053,1548691918246
39,-0.216,0.057,-0.049,-1.837,-9.121,-4.997,1548691918266
39,-0.195,0.066,-0.057,-1.756,-8.175,-4.97,1548691918286
39,-0.028,0.098,-0.062,-2.0,-8.237,-5.703,1548691918305
40,-0.11,0.114,-0.084,-2.002,-8.895,-5.716,1548691918326
40,-0.276,0.111,-0.129,-1.785,-9.234,-5.267,1548691918346
40,-0.245,0.018,-0.13,-1.939,-9.503,-5.32,1548691918365
40,-0.087,0.019,-0.111,-1.718,-8.627,-5.29,1548691918386
40,0.029,0.018,-0.077,-1.71,-8.311,-5.497,1548691918405
40,0.028,0.064,-0.076,-1.755,-8.515,-5.647,1548691918425
40,-0.064,0.073,-0.095,-1.88,-8.937,-5.842,1548691918445
40,-0.116,0.067,-0.115,-1.722,-9.201,-5.685,1548691918465
40,-0.136,0.044,-0.1,-1.727,-9.295,-5.586,1548691918486
40,-0.032,0.017,-0.084,-1.576,-9.07,-5.388,1548691918506
40,0.129,0.005,-0.072,-1.568,-8.845,-5.441,1548691918526
40,0.214,-0.006,-0.06,-1.473,-8.782,-5.348,1548691918546
40,0.222,-0.033,-0.051,-1.374,-8.23,-5.399,1548691918565
41,0.261,-0.053,-0.034,-1.417,-8.222,-5.261,1548691918586
41,0.275,-0.038,-0.033,-1.245,-8.535,-5.209,1548691918606
41,0.283,-0.043,-0.047,-1.387,-8.34,-5.194,1548691918625
41,0.23,-0.007,-0.045,-1.588,-8.512,-5.195,1548691918646
41,0.139,0.02,-0.033,-1.727,-9.106,-5.061,1548691918665
41,0.085,0.025,-0.05,-1.645,-8.869,-5.361,1548691918685
41,0.104,0.028,-0.033,-1.954,-8.551,-5.408,1548691918705
41,-0.025,0.05,-0.014,-1.981,-8.831,-4.776,1548691918726
41,-0.169,0.025,-0.027,-1.835,-9.463,-5.083,1548691918746
41,-0.165,-0.009,-0.034,-1.799,-9.07,-5.209,1548691918766
42,-0.079,-0.02,-0.001,-1.814,-8.92,-5.176,1548691918786
42,0.013,-0.007,-0.005,-1.602,-9.07,-5.188,1548691918805
42,0.076,-0.001,0.003,-1.432,-9.208,-5.12,1548691918825
42,0.132,0.013,0.014,-1.161,-8.907,-5.024,1548691918845
42,0.239,0.011,0.016,-1.237,-8.639,-4.994,1548691918866
42,0.262,0.009,0.021,-1.531,-8.663,-4.782,1548691918885
42,0.217,0.034,0.015,-1.689,-9.126,-4.934,1548691918905
42,0.167,0.063,-0.024,-1.575,-9.109,-4.976,1548691918925
42,0.189,0.051,-0.031,-1.661,-9.469,-5.241,1548691918945
42,0.145,0.027,-0.033,-1.716,-9.273,-4.829,1548691918966
42,0.164,-0.006,-0.001,-1.743,-9.408,-4.888,1548691918986
42,0.155,-0.049,0.0,-1.672,-9.134,-4.883,1548691919005
42,0.198,-0.044,0.006,-1.403,-8.793,-4.578,1548691919025
43,0.288,-0.056,0.001,-1.426,-8.57,-4.571,1548691919045
43,0.226,-0.019,-0.011,-1.445,-9.206,-5.092,1548691919065
43,0.048,0.01,-0.022,-1.542,-9.176,-5.272,1548691919085
43,0.018,-0.011,-0.001,-1.669,-9.163,-4.917,1548691919105
43,0.08,-0.05,0.015,-1.513,-9.076,-4.529,1548691919125
43,0.193,-0.073,-0.003,-1.723,-9.31,-4.786,1548691919146
43,0.17,-0.041,-0.022,-1.704,-9.277,-4.671,1548691919165
43,0.226,-0.014,-0.016,-1.647,-9.208,-4.458,1548691919185
43,0.235,-0.013,-0.009,-1.599,-9.227,-4.44,1548691919206
43,0.191,-0.013,0.0,-1.676,-9.442,-4.397,1548691919225
43,0.135,-0.021,-0.005,-1.674,-9.868,-4.3,1548691919245
43,0.182,-0.026,-0.002,-1.781,-9.841,-3.863,1548691919266
44,0.306,-0.017,0.024,-1.732,-9.534,-4.821,1548691919286
44,0.296,0.018,0.047,-1.291,-8.729,-4.876,1548691919305
44,0.418,-0.064,0.043,-1.597,-8.764,-4.827,1548691919325
44,0.385,-0.122,0.014,-1.37,-8.995,-4.125,1548691919346
44,0.306,-0.159,0.025,-1.706,-9.113,-3.73,1548691919365
44,0.251,-0.123,0.029,-1.67,-9.284,-4.131,1548691919385
44,0.247,-0.041,0.015,-1.537,-9.228,-4.077,1548691919405
44,0.326,-0.035,0.015,-1.626,-8.989,-4.239,1548691919425
44,0.328,-0.018,0.044,-1.785,-9.02,-4.041,1548691919445
44,0.197,0.017,0.054,-1.866,-9.754,-3.849,1548691919465
44,0.083,-0.006,0.028,-1.771,-9.48,-3.634,1548691919486
44,0.047,-0.048,0.029,-1.639,-9.22,-3.78,1548691919506
44,0.067,-0.046,0.033,-1.522,-9.726,-3.743,1548691919525
45,0.053,-0.009,0.004,-1.714,-9.745,-3.768,1548691919545
45,0.112,0.029,-0.038,-1.594,-9.419,-3.617,1548691919566
45,0.245,0.025,-0.044,-1.594,-9.485,-3.882,1548691919585
45,0.197,0.014,-0.045,-1.75,-9.448,-4.307,1548691919606
45,0.16,0.003,-0.05,-1.583,-9.504,-3.888,1548691919625
45,0.247,-0.03,-0.042,-1.677,-9.709,-3.558,1548691919645
45,0.17,-0.086,-0.047,-1.552,-9.609,-3.542,1548691919666
45,0.081,-0.062,-0.041,-1.769,-9.43,-3.691,1548691919685
45,0.005,-0.033,-0.04,-1.926,-9.735,-3.628,1548691919705
45,-0.051,-0.027,-0.059,-1.593,-9.5,-3.803,1548691919726
45,-0.003,-0.031,-0.06,-1.545,-8.854,-4.11,1548691919745
46,-0.062,-0.01,-0.037,-1.883,-9.486,-4.02,1548691919765
46,-0.309,0.053,-0.016,-1.673,-10.048,-3.918,1548691919785
46,-0.492,0.033,-0.021,-1.627,-10.196,-3.94,1548691919805
46,-0.485,-0.005,-0.018,-1.602,-10.021,-4.009,1548691919825
46,-0.385,-0.036,0.007,-1.738,-9.724,-4.225,1548691919845
46,-0.264,-0.037,0.025,-1.846,-9.246,-4.393,1548691919865
46,-0.106,-0.053,0.074,-2.086,-8.866,-4.727,1548691919885
46,-0.04,-0.035,0.124,-1.986,-8.864,-4.432,1548691919905
46,-0.079,-0.063,0.127,-2.063,-9.571,-4.058,1548691919925
46,-0.187,-0.103,0.115,-2.067,-9.576,-3.97,1548691919945
46,-0.122,-0.083,0.119,-2.014,-9.202,-4.291,1548691919965
46,0.028,-0.061,0.107,-1.796,-9.146,-4.232,1548691919985
46,-0.003,-0.061,0.079,-1.848,-9.252,-4.027,1548691920005
47,-0.04,-0.068,0.047,-1.714,-9.325,-3.77,1548691920025
47,-0.152,-0.058,-0.001,-1.727,-9.82,-3.813,1548691920045
47,-0.198,-0.044,-0.045,-1.595,-9.645,-4.084,1548691920065
47,-0.104,0.0,-0.022,-1.417,-9.054,-3.855,1548691920085
47,0.138,0.032,-0.013,-1.637,-8.859,-4.124,1548691920105
47,0.185,0.047,-0.016,-1.303,-9.078,-3.595,1548691920125
47,0.054,0.038,-0.049,-1.374,-9.135,-3.631,1548691920145
47,0.015,0.034,-0.078,-1.63,-9.258,-4.11,1548691920165
47,-0.034,0.097,-0.081,-1.23,-9.144,-4.118,1548691920185
47,-0.041,0.076,-0.09,-1.416,-9.033,-4.188,1548691920204
47,-0.108,0.079,-0.099,-1.716,-9.35,-4.333,1548691920225
47,-0.256,0.104,-0.092,-1.56,-9.448,-4.228,1548691920245
47,-0.202,0.07,-0.067,-1.729,-9.392,-4.484,1548691920265
47,-0.157,0.082,-0.054,-1.558,-8.928,-4.384,1548691920285
48,-0.061,0.095,-0.024,-1.442,-8.976,-4.44,1548691920305
48,-0.124,0.078,-0.032,-1.488,-9.012,-4.781,1548691920325
48,-0.218,0.08,-0.033,-1.325,-9.0,-4.998,1548691920345
48,-0.218,0.006,-0.046,-1.639,-9.371,-4.356,1548691920365
48,-0.249,-0.032,-0.046,-1.512,-9.842,-4.151,1548691920384
48,-0.197,-0.029,-0.033,-1.63,-9.054,-4.628,1548691920405
48,0.011,-0.018,0.007,-1.851,-8.869,-4.482,1548691920425
48,-0.05,0.001,0.02,-1.73,-9.31,-4.463,1548691920445
48,-0.189,0.004,-0.001,-1.387,-9.519,-3.774,1548691920465
48,-0.242,-0.018,-0.014,-0.041,-8.418,-2.787,1548691920485
48,-0.111,-0.012,-0.022,-1.253,-9.46,-4.71,1548691920505
48,0.006,0.066,-0.05,-1.839,-9.808,-4.744,1548691920524
48,-0.036,0.196,-0.031,-0.905,-9.677,-4.432,1548691920545
49,0.144,-0.002,-0.026,-1.449,-9.444,-4.644,1548691920565
49,0.216,0.036,-0.006,-1.362,-8.62,-4.344,1548691920584
49,0.261,0.009,0.001,-1.45,-9.027,-4.358,1548691920605
49,0.155,-0.026,-0.031,-1.742,-9.63,-5.127,1548691920625
49,-0.03,-0.029,-0.049,-1.792,-9.029,-5.096,1548691920645
49,-0.026,-0.074,0.003,-1.785,-8.907,-4.295,1548691920664
49,-0.186,-0.14,0.023,-2.037,-9.78,-4.256,1548691920684
49,-0.325,-0.125,0.036,-2.326,-9.898,-4.623,1548691920704
49,-0.222,-0.049,0.101,-1.693,-9.203,-4.444,1548691920725
49,-0.038,-0.063,0.119,-1.813,-9.396,-4.515,1548691920744
49,-0.093,-0.05,0.09,-1.666,-8.973,-4.603,1548691920765
49,-0.186,0.048,0.095,-1.577,-9.367,-4.667,1548691920784
49,-0.219,0.034,0.078,-1.591,-9.628,-4.616,1548691920804
49,-0.174,0.057,0.065,-1.493,-9.259,-4.575,1548691920824
49,0.067,0.071,0.073,-1.431,-9.125,-4.627,1548691920844
50,0.12,0.071,0.035,-1.383,-9.329,-4.287,1548691920864
50,0.025,0.079,0.02,-1.857,-9.07,-4.81,1548691920885
50,-0.101,0.099,0.018,-1.863,-8.796,-4.847,1548691920904
50,-0.107,0.089,0.028,-1.624,-9.546,-4.67,1548691920924
50,-0.116,0.045,0.01,-1.483,-9.434,-4.905,1548691920945
50,-0.062,0.037,0.003,-1.714,-8.823,-5.016,1548691920965
50,0.072,0.065,0.032,-1.799,-8.694,-4.716,1548691920984
50,0.05,0.089,0.07,-1.712,-9.26,-4.807,1548691921005
50,-0.016,0.07,0.067,-1.378,-9.129,-4.692,1548691921025
50,-0.064,0.065,0.077,-1.839,-9.863,-4.746,1548691921044
50,-0.241,0.072,0.066,-1.955,-9.359,-5.065,1548691921065
50,-0.129,0.089,0.065,-1.845,-8.737,-5.163,1548691921085
50,0.071,0.034,0.074,-1.566,-8.808,-4.867,1548691921105
51,-0.03,-0.024,0.044,-1.669,-9.785,-5.016,1548691921124
51,-0.244,0.002,0.061,-1.672,-9.438,-5.065,1548691921144
51,-0.154,0.015,0.079,-1.756,-9.294,-4.815,1548691921165
51,0.01,0.003,0.068,-1.756,-9.102,-4.889,1548691921184
51,0.046,-0.006,0.094,-1.695,-9.163,-5.079,1548691921205
51,0.028,-0.014,0.104,-1.552,-9.164,-4.889,1548691921224
51,0.003,-0.03,0.112,-1.768,-9.122,-4.848,1548691921244
51,-0.072,-0.029,0.128,-1.717,-8.965,-4.914,1548691921265
51,-0.103,-0.007,0.141,-1.713,-9.248,-4.775,1548691921284
51,-0.238,-0.01,0.155,-1.624,-9.244,-4.717,1548691921305
51,-0.258,-0.012,0.149,-1.655,-9.383,-4.328,1548691921325
52,-0.225,0.008,0.143,-1.541,-9.421,-4.842,1548691921345
52,-0.189,0.013,0.126,-1.651,-8.672,-4.847,1548691921365
52,0.029,0.039,0.13,-1.591,-8.789,-4.46,1548691921384
52,-0.033,0.069,0.119,-1.751,-8.901,-4.345,1548691921405
52,-0.246,0.143,0.124,-1.442,-8.922,-4.816,1548691921424
52,-0.318,0.143,0.125,-1.494,-9.035,-5.121,1548691921445
52,-0.357,0.142,0.107,-1.795,-8.654,-4.635,1548691921464
52,-0.43,0.229,0.115,-1.647,-8.973,-4.773,1548691921484
52,-0.489,0.234,0.107,-1.28,-9.053,-5.19,1548691921505
52,-0.484,0.187,0.107,-1.413,-9.182,-5.197,1548691921525
52,-0.51,0.207,0.105,-1.52,-8.858,-5.608,1548691921544
52,-0.479,0.239,0.138,-1.225,-8.733,-5.547,1548691921564
52,-0.417,0.176,0.158,-1.275,-9.1,-5.735,1548691921584
53,-0.504,0.147,0.127,-1.692,-8.425,-6.018,1548691921604
53,-0.36,0.168,0.138,-1.299,-8.215,-6.697,1548691921624
53,-0.357,0.116,0.162,-1.282,-8.459,-6.375,1548691921645
53,-0.552,0.061,0.191,-1.606,-8.506,-6.562,1548691921664
53,-0.656,0.053,0.214,-2.025,-8.202,-7.419,1548691921684
53,-0.589,0.056,0.29,-1.869,-7.98,-7.729,1548691921705
53,-0.708,-0.04,0.374,-1.598,-7.613,-6.668,1548691921724
53,-0.782,-0.177,0.46,-1.573,-7.892,-6.837,1548691921744
53,-0.763,-0.275,0.466,-1.98,-8.669,-7.68,1548691921764
53,-0.682,-0.293,0.47,-2.637,-8.345,-7.8,1548691921784
53,-0.766,-0.284,0.511,-2.915,-7.151,-7.1,1548691921804
53,-0.666,-0.357,0.566,-1.916,-5.174,-5.338,1548691921824
53,-0.525,-0.472,0.505,-0.519,-6.372,-6.642,1548691921844
54,-0.406,-0.576,0.416,-0.904,-6.442,-8.326,1548691921864
54,-0.613,-0.547,0.399,-3.745,-2.688,-6.624,1548691921884
54,0.124,-0.48,0.061,-5.425,-4.087,-6.066,1548691921904
54,-0.143,-0.368,-0.281,-3.852,-6.315,-9.442,1548691921924
54,-1.232,-0.458,-0.346,-3.86,-6.595,-6.507,1548691921944
54,-0.756,-0.468,-0.212,-6.378,-5.918,-6.187,1548691921964
54,-0.333,-0.334,-0.303,-8.438,-5.516,-5.975,1548691921984
54,-0.521,-0.083,-0.428,-6.599,-5.605,-5.132,1548691922004
54,-0.554,-0.12,-0.395,-4.548,-6.983,-4.531,1548691922024
54,-0.436,-0.265,-0.539,-4.47,-7.625,-8.295,1548691922044
54,-0.366,0.025,-0.446,-3.458,-6.778,-8.345,1548691922064
54,0.293,-0.16,-0.392,-2.706,-5.754,-6.795,1548691922084
55,0.727,-0.371,-0.407,-2.964,-5.509,-5.909,1548691922104
55,0.387,-0.278,-0.368,-3.45,-6.476,-5.749,1548691922123
55,-0.141,-0.132,-0.329,-3.388,-7.881,-7.385,1548691922144
55,-0.386,-0.006,-0.274,-1.375,-8.161,-9.137,1548691922164
55,-0.501,-0.088,-0.166,-1.062,-6.462,-8.669,1548691922184
55,-0.365,-0.402,-0.039,-0.812,-7.682,-10.146,1548691922204
55,-0.611,-0.528,-0.093,-2.214,-7.438,-9.125,1548691922223
55,-0.68,-0.922,-0.057,-4.623,-6.24,-6.61,1548691922244
55,-0.291,-0.602,-0.07,-2.57,-6.004,-8.584,1548691922263
55,-0.051,-0.641,-0.015,-0.706,-5.493,-7.687,1548691922283
55,-0.077,-0.845,-0.035,-2.001,-6.321,-7.745,1548691922304
55,-0.15,-0.678,-0.155,-4.389,-7.08,-6.466,1548691922324
55,0.059,-0.304,-0.11,-4.247,-5.944,-6.242,1548691922344
55,0.13,-0.166,-0.02,-3.047,-6.077,-6.467,1548691922363
55,-0.204,-0.258,0.0,-2.609,-6.454,-8.124,1548691922384
55,-0.246,-0.28,0.025,-3.077,-5.216,-8.224,1548691922403
55,-0.012,-0.25,0.08,-3.185,-4.841,-8.234,1548691922423
56,0.036,-0.257,0.084,-3.1,-6.106,-6.679,1548691922444
56,-0.65,-0.267,0.117,-3.89,-7.029,-6.374,1548691922463
56,-0.958,-0.247,0.17,-3.973,-7.099,-8.647,1548691922484
56,-0.699,-0.113,0.257,-2.958,-6.453,-7.537,1548691922504
56,-0.194,-0.241,0.282,-3.058,-6.203,-5.989,1548691922524
56,-0.137,-0.192,0.282,-2.806,-6.597,-8.372,1548691922544
56,-0.377,-0.205,0.3,-2.037,-6.104,-8.296,1548691922563
56,-0.437,-0.22,0.258,-2.5,-6.432,-6.826,1548691922584
56,-0.337,-0.268,0.22,-2.983,-6.972,-6.206,1548691922604
56,-0.278,-0.098,0.172,-3.025,-4.686,-7.076,1548691922623
56,-0.279,-0.026,0.264,-2.909,-5.433,-7.197,1548691922644
56,-0.634,0.021,0.267,-3.332,-5.99,-7.398,1548691922664
57,-0.937,0.056,0.291,-3.024,-6.46,-7.481,1548691922683
57,-0.946,0.065,0.359,-3.519,-5.812,-8.137,1548691922703
57,-1.081,0.105,0.418,-4.778,-5.611,-6.241,1548691922723
57,-0.966,0.16,0.49,-4.686,-7.495,-7.755,1548691922744
57,-1.007,0.154,0.505,-4.173,-6.099,-8.457,1548691922763
57,-0.866,0.122,0.66,-3.731,-6.382,-6.713,1548691922783
57,-0.773,0.122,0.728,-4.955,-7.495,-7.874,1548691922804
57,-0.661,0.285,0.77,-5.468,-6.456,-7.896,1548691922823
57,-0.333,0.35,0.8,-5.521,-6.104,-8.841,1548691922843
57,-0.087,0.26,0.685,-5.161,-6.256,-8.984,1548691922864
57,0.151,0.166,0.552,-5.837,-5.453,-8.226,1548691922884
57,0.175,0.138,0.432,-6.222,-5.422,-8.503,1548691922904
57,0.278,0.121,0.38,-6.224,-5.429,-8.328,1548691922924
57,0.404,0.014,0.303,-6.13,-4.397,-7.907,1548691922943
58,0.43,-0.018,0.264,-6.219,-4.701,-9.338,1548691922963
58,0.278,-0.018,0.286,-5.523,-5.164,-9.576,1548691922983
58,0.189,-0.057,0.374,-5.432,-4.703,-8.724,1548691923003
58,0.331,-0.097,0.432,-5.848,-5.178,-7.158,1548691923023
58,0.381,-0.104,0.459,-5.935,-6.059,-7.691,1548691923043
58,0.391,-0.043,0.513,-5.115,-5.908,-8.014,1548691923063
58,0.504,-0.082,0.601,-5.093,-4.979,-7.843,1548691923084
58,0.608,-0.06,0.666,-5.986,-5.514,-6.932,1548691923104
58,0.481,-0.007,0.593,-6.676,-6.14,-6.842,1548691923124
58,0.463,0.0,0.534,-6.267,-4.391,-7.758,1548691923143
58,0.754,0.039,0.577,-5.442,-3.814,-7.641,1548691923164
58,0.935,0.071,0.589,-5.293,-4.395,-8.583,1548691923183
58,0.551,0.017,0.543,-5.374,-4.392,-7.666,1548691923203
59,0.716,0.058,0.541,-5.565,-3.779,-7.939,1548691923224
59,0.961,0.067,0.559,-5.477,-3.247,-8.327,1548691923243
59,0.935,0.312,0.629,-4.576,-4.004,-9.36,1548691923264
59,0.502,0.434,0.75,-4.603,-2.476,-8.593,1548691923284
59,0.653,0.466,0.835,-5.15,-4.223,-8.336,1548691923303
59,0.704,0.506,0.944,-5.536,-3.826,-8.609,1548691923324
59,0.546,0.616,1.175,-5.191,-3.115,-7.821,1548691923344
59,0.351,0.453,1.316,-5.857,-2.707,-8.42,1548691923363
59,0.157,0.397,1.367,-6.276,-2.517,-6.649,1548691923384
59,0.469,0.443,1.363,-6.636,-3.61,-6.661,1548691923403
59,0.348,0.451,1.279,-5.988,-3.68,-8.255,1548691923423
59,-0.426,0.57,1.292,-5.524,-2.247,-8.509,1548691923443
59,-0.246,0.377,1.254,-6.817,-1.759,-7.575,1548691923463
60,0.389,0.385,0.973,-6.58,-0.567,-7.574,1548691923483
60,0.646,0.372,0.678,-6.383,-2.073,-7.298,1548691923503
60,0.113,0.439,0.412,-6.414,-4.538,-7.294,1548691923523
60,-0.503,0.324,0.181,-6.016,-1.628,-10.441,1548691923543
60,-0.156,0.27,0.247,-4.036,-0.116,-7.451,1548691923563
60,0.667,0.085,0.411,-5.68,-4.6,-7.335,1548691923583
60,0.174,0.105,0.284,-5.949,-3.419,-7.358,1548691923604
60,-0.024,0.411,0.399,-4.124,-3.049,-7.767,1548691923624
60,0.181,0.295,0.521,-4.826,-3.589,-6.692,1548691923643
60,0.152,0.403,0.486,-5.619,-4.179,-6.934,1548691923663
60,0.33,0.542,0.397,-4.695,-2.786,-7.218,1548691923683
60,0.679,0.586,0.388,-4.009,-3.444,-5.79,1548691923703
60,0.543,0.507,0.29,-4.673,-4.64,-7.993,1548691923723
61,0.389,0.385,0.973,-4.789,-4.699,-6.535,1548691923744
61,0.646,0.372,0.678,-4.258,-3.515,-7.56,1548691923763
61,0.02,0.569,0.227,-3.87,-1.386,-7.585,1548691923783
61,0.323,0.527,0.171,-3.791,-4.772,-6.837,1548691923803
61,0.768,0.446,0.09,-3.771,-5.374,-6.203,1548691923823
61,0.934,0.499,0.059,-3.425,-3.714,-7.848,1548691923843
61,0.621,0.546,-0.03,-3.146,-2.311,-9.763,1548691923864
61,0.241,0.557,-0.033,-3.982,-3.284,-7.99,1548691923883
61,0.541,0.457,0.015,-3.74,-6.795,-7.035,1548691923903
61,0.526,0.461,0.032,-2.811,-6.055,-7.388,1548691923923
61,0.44,0.528,0.012,-3.826,-3.17,-9.056,1548691923943
61,0.242,0.569,-0.105,-3.407,-3.666,-9.32,1548691923963
61,0.387,0.363,-0.163,-3.89,-4.414,-8.451,1548691923983
62,0.599,0.43,-0.211,-4.527,-5.367,-7.406,1548691924003
62,0.388,0.569,-0.169,-3.314,-4.983,-8.049,1548691924023
62,0.355,0.373,-0.196,-3.396,-5.015,-8.656,1548691924043
62,0.351,0.521,-0.184,-3.671,-4.973,-8.245,1548691924063
62,0.095,0.481,-0.141,-3.597,-4.223,-8.783,1548691924083
62,0.042,0.567,-0.089,-3.154,-4.694,-9.225,1548691924103
62,0.09,0.628,-0.091,-3.509,-5.546,-8.193,1548691924122
62,0.154,0.641,-0.044,-3.285,-6.215,-9.06,1548691924143
62,-0.058,0.661,-0.044,-2.869,-4.088,-8.625,1548691924163
62,-0.252,0.669,-0.084,-2.389,-4.73,-8.977,1548691924183
62,-0.181,0.608,-0.14,-2.444,-5.033,-9.517,1548691924203
62,0.111,0.511,-0.144,-2.107,-4.55,-9.601,1548691924223
62,0.089,0.542,-0.126,-1.794,-4.37,-9.497,1548691924243
62,-0.201,0.621,-0.118,-2.018,-3.832,-9.634,1548691924262
63,-0.174,0.573,-0.124,-1.985,-4.025,-8.995,1548691924283
63,0.034,0.474,-0.102,-2.057,-5.03,-10.556,1548691924303
63,0.042,0.475,-0.094,-2.2,-3.714,-9.489,1548691924323
63,-0.044,0.534,-0.068,-2.343,-3.951,-9.602,1548691924343
63,-0.244,0.599,-0.131,-1.862,-2.963,-9.188,1548691924362
63,0.117,0.534,-0.092,-0.594,-4.767,-9.632,1548691924383
63,0.176,0.429,-0.29,-1.579,-3.856,-10.975,1548691924402
63,0.215,0.368,-0.275,-2.345,-2.143,-10.121,1548691924423
63,-0.198,0.258,-0.315,-1.024,-3.77,-9.877,1548691924443
63,-0.347,0.262,-0.144,-1.357,-3.292,-9.661,1548691924463
63,0.136,0.087,-0.171,-2.299,-3.912,-8.847,1548691924482
63,0.489,-0.214,-0.266,-2.183,-3.963,-9.597,1548691924503
63,0.297,-0.258,-0.262,-1.804,-4.129,-9.348,1548691924523
