pack,vx,vy,vz,ax,ay,az,time
1,-0.015,-0.064,0.017,0.709,-10.129,-1.846,1549046563302
1,-0.04,-0.1,0.035,0.622,-10.004,-1.887,1549046563323
1,-0.052,-0.146,0.047,0.571,-10.115,-1.797,1549046563343
1,-0.043,-0.196,0.062,0.664,-10.23,-1.494,1549046563363
1,0.003,-0.228,0.083,0.36,-9.808,-1.504,1549046563383
1,0.034,-0.221,0.104,0.165,-9.26,-1.55,1549046563403
1,0.0,-0.281,0.123,0.237,-9.893,-1.577,1549046563423
1,-0.132,-0.362,0.161,0.289,-9.765,-1.39,1549046563443
1,-0.121,-0.379,0.154,0.326,-9.247,-1.565,1549046563463
1,-0.104,-0.401,0.194,0.281,-9.604,-1.836,1549046563484
1,-0.2,-0.434,0.241,0.371,-10.317,-2.089,1549046563503
1,-0.222,-0.464,0.248,0.272,-9.992,-2.576,1549046563523
1,-0.187,-0.497,0.284,-0.011,-9.871,-2.843,1549046563543
2,-0.3,-0.625,0.35,0.209,-10.717,-4.14,1549046563563
2,-0.262,-0.752,0.372,0.325,-12.236,-3.658,1549046563583
2,0.462,-0.703,0.434,0.926,-12.552,-1.325,1549046563604
2,1.405,-0.695,0.404,0.877,-9.228,-0.622,1549046563624
2,1.464,-0.619,0.364,-0.771,-8.76,-1.128,1549046563644
2,1.006,-0.456,0.542,-0.435,-8.421,-1.466,1549046563663
2,0.758,-0.588,0.496,-0.791,-9.652,-1.098,1549046563683
2,0.785,-0.51,0.596,-1.204,-9.421,0.789,1549046563703
2,0.272,-0.585,0.592,-1.09,-9.482,-1.153,1549046563724
2,-0.225,-0.747,0.568,-1.78,-9.22,-1.836,1549046563744
2,-0.425,-0.768,0.569,-1.237,-9.047,-1.48,1549046563763
3,-0.63,-0.98,0.514,-1.175,-9.653,-1.721,1549046563784
3,-0.796,-1.021,0.514,-2.264,-9.484,-1.08,1549046563804
3,-0.589,-0.893,0.552,-2.355,-9.342,-0.358,1549046563824
3,-0.889,-0.948,0.533,-1.741,-10.184,-2.614,1549046563844
3,-1.358,-1.118,0.542,-1.182,-10.548,-3.938,1549046563864
3,-1.322,-1.229,0.501,-0.622,-9.403,-2.468,1549046563884
3,-0.738,-1.191,0.355,-1.612,-10.459,-1.917,1549046563904
3,-0.728,-1.012,0.369,-3.1,-12.168,-1.66,1549046563924
3,-0.99,-0.9,0.491,-2.788,-10.477,-1.328,1549046563944
3,-0.987,-1.042,0.535,-2.174,-10.692,-1.81,1549046563964
4,-0.901,-1.042,0.511,-1.798,-12.614,-2.335,1549046563984
4,-0.794,-1.002,0.538,-2.323,-10.985,-2.993,1549046564004
4,-0.424,-0.792,0.502,-2.365,-9.922,-2.674,1549046564024
4,-0.369,-0.832,0.417,-2.381,-10.768,-2.015,1549046564044
4,-0.35,-0.829,0.29,-2.537,-12.465,-3.084,1549046564063
4,-0.212,-0.766,0.294,-2.026,-8.727,-4.406,1549046564083
4,0.383,-0.81,0.3,-2.477,-8.139,-3.549,1549046564103
4,0.081,-0.897,0.213,-2.576,-10.715,-2.913,1549046564123
4,-0.682,-0.92,0.173,-2.889,-11.869,-2.401,1549046564144
4,-0.443,-0.845,0.241,-3.747,-9.389,-2.724,1549046564164
4,0.013,-0.818,0.173,-3.383,-9.339,-2.955,1549046564184
4,0.053,-0.802,0.113,-2.321,-11.09,-2.273,1549046564204
5,0.003,-0.736,0.223,-3.29,-10.925,-2.412,1549046564224
5,0.096,-0.604,0.185,-4.317,-8.452,-2.535,1549046564244
5,0.191,-0.582,0.103,-3.764,-8.814,-3.024,1549046564263
5,-0.038,-0.625,0.168,-2.376,-10.817,-2.777,1549046564283
5,-0.188,-0.627,0.175,-3.983,-9.724,-1.448,1549046564304
5,-0.047,-0.501,0.172,-4.79,-7.936,-2.381,1549046564323
5,0.018,-0.416,0.205,-3.91,-8.959,-2.244,1549046564344
5,-0.063,-0.401,0.255,-4.252,-10.506,-2.081,1549046564364
5,-0.008,-0.338,0.266,-3.991,-8.674,-2.613,1549046564384
5,0.053,-0.335,0.227,-4.003,-7.981,-2.819,1549046564404
6,0.082,-0.301,0.223,-3.842,-8.972,-2.435,1549046564424
6,-0.089,-0.272,0.246,-3.967,-9.66,-2.255,1549046564444
6,-0.259,-0.297,0.264,-3.551,-9.927,-2.642,1549046564464
6,-0.114,-0.294,0.24,-4.136,-7.998,-2.577,1549046564484
6,0.141,-0.261,0.213,-4.372,-8.77,-2.27,1549046564504
6,-0.022,-0.267,0.191,-4.133,-9.678,-1.698,1549046564524
6,-0.015,-0.302,0.189,-3.982,-8.658,-2.337,1549046564545
6,-0.043,-0.317,0.186,-4.353,-7.855,-2.011,1549046564564
6,-0.064,-0.261,0.19,-4.624,-9.184,-1.76,1549046564584
6,-0.127,-0.214,0.177,-5.388,-8.908,-2.074,1549046564604
6,0.063,-0.199,0.091,-5.068,-7.402,-2.109,1549046564624
6,0.115,-0.212,0.145,-3.922,-9.075,-1.56,1549046564644
6,-0.056,-0.209,0.115,-4.583,-9.708,-2.105,1549046564664
6,-0.158,-0.113,0.147,-4.859,-8.982,-1.422,1549046564684
7,0.042,-0.074,0.134,-4.621,-8.521,-2.437,1549046564704
7,0.072,-0.025,0.13,-4.89,-8.762,-3.376,1549046564724
7,0.253,0.074,0.098,-4.817,-8.286,-2.322,1549046564745
7,0.143,-0.149,0.067,-4.177,-10.154,-1.88,1549046564764
7,-0.088,-0.275,-0.015,-3.139,-9.576,-5.745,1549046564785
7,0.302,-0.243,0.011,-2.74,-7.15,0.097,1549046564804
7,0.67,-0.418,-0.019,-6.125,-8.852,-1.907,1549046564824
7,0.046,0.078,-0.117,-3.922,-8.378,-1.638,1549046564845
7,0.015,-0.263,0.035,-4.322,-8.516,-0.424,1549046564864
7,0.019,-0.017,-0.025,-3.708,-8.994,-1.622,1549046564884
7,-0.064,0.009,0.01,-3.809,-8.649,-1.835,1549046564905
7,-0.045,0.077,0.013,-4.184,-8.349,-1.161,1549046564924
7,0.046,0.099,0.014,-4.524,-9.722,-1.313,1549046564945
7,0.141,0.142,-0.035,-4.479,-9.167,-1.28,1549046564964
8,0.261,0.137,-0.028,-4.465,-9.198,-2.404,1549046564984
8,0.218,0.129,-0.022,-4.603,-8.456,-2.77,1549046565004
8,0.167,0.083,-0.046,-4.817,-8.115,-2.104,1549046565024
8,0.31,-0.019,-0.102,-4.382,-9.5,-1.341,1549046565045
8,0.16,-0.052,-0.193,-4.81,-8.219,-1.836,1549046565064
8,0.113,0.076,-0.128,-4.503,-8.578,-1.879,1549046565084
8,-0.011,0.073,-0.144,-4.542,-8.107,-3.005,1549046565104
8,0.121,0.094,-0.105,-4.091,-9.892,-0.224,1549046565124
8,0.092,-0.038,-0.21,-4.296,-9.903,-2.287,1549046565145
8,0.145,0.085,-0.127,-3.333,-8.763,-1.763,1549046565164
8,0.261,0.038,-0.093,-4.324,-7.798,-3.007,1549046565185
8,0.234,0.124,-0.052,-4.402,-9.253,-0.48,1549046565204
8,-0.027,-0.014,-0.148,-4.022,-10.223,-1.413,1549046565225
9,-0.062,0.09,-0.073,-3.738,-8.403,-2.06,1549046565244
9,0.19,0.128,-0.014,-3.665,-8.725,-1.723,1549046565265
9,0.072,0.07,-0.058,-3.56,-10.405,-0.671,1549046565285
9,-0.109,0.053,-0.077,-3.578,-9.325,-1.641,1549046565305
9,0.131,0.107,0.006,-3.816,-8.134,-1.798,1549046565325
9,0.263,0.125,0.005,-4.188,-8.142,-2.586,1549046565345
9,-0.111,0.063,-0.039,-3.86,-9.128,-1.266,1549046565365
9,-0.266,-0.049,-0.122,-3.094,-9.627,-0.822,1549046565385
9,-0.159,-0.036,-0.096,-3.328,-9.558,-1.724,1549046565405
9,-0.027,0.083,-0.069,-3.539,-7.881,-2.841,1549046565424
9,0.066,0.123,0.011,-3.314,-8.626,-1.468,1549046565445
10,-0.203,0.02,-0.074,-3.597,-9.665,-1.654,1549046565465
10,-0.215,0.054,-0.112,-3.845,-9.354,-1.716,1549046565486
10,-0.058,0.047,-0.109,-3.475,-9.253,-2.029,1549046565506
10,-0.137,-0.026,-0.101,-3.851,-9.608,-1.878,1549046565525
10,-0.213,-0.013,-0.091,-3.97,-9.151,-1.818,1549046565546
10,-0.088,-0.012,-0.091,-4.328,-9.029,-2.442,1549046565565
10,-0.082,-0.004,-0.083,-4.047,-9.189,-2.568,1549046565585
10,-0.191,-0.068,-0.108,-3.55,-9.695,-0.848,1549046565605
10,-0.29,-0.088,-0.117,-3.597,-9.419,-2.289,1549046565626
10,-0.232,-0.032,-0.071,-4.061,-8.909,-1.456,1549046565645
10,-0.118,-0.004,-0.07,-4.18,-8.929,-2.205,1549046565666
11,-0.262,0.053,-0.083,-3.534,-9.535,-1.544,1549046565685
11,-0.314,0.006,-0.089,-3.791,-10.151,-1.24,1549046565706
11,-0.239,0.077,-0.101,-3.74,-9.917,-1.634,1549046565726
11,-0.096,0.092,-0.065,-3.328,-9.22,-1.194,1549046565746
11,-0.022,0.136,-0.069,-3.648,-8.738,-2.986,1549046565766
11,-0.169,0.217,-0.058,-3.727,-9.082,-2.881,1549046565786
11,-0.263,0.132,-0.134,-3.725,-9.413,-2.316,1549046565806
11,-0.353,0.02,-0.168,-2.706,-11.041,-1.484,1549046565826
11,-0.419,-0.032,-0.135,-3.003,-10.627,-1.43,1549046565846
11,-0.118,0.099,-0.058,-3.61,-8.092,-3.075,1549046565866
11,0.21,0.182,0.014,-3.573,-8.651,-3.32,1549046565886
11,0.006,0.17,-0.004,-3.201,-8.432,-4.141,1549046565906
11,-0.292,0.117,0.032,-3.137,-10.468,-1.581,1549046565926
12,-0.511,0.023,0.001,-2.582,-11.348,-1.481,1549046565946
12,-0.222,0.058,0.062,-2.77,-8.568,-2.673,1549046565966
12,0.099,0.102,0.058,-2.786,-9.696,-2.056,1549046565986
12,-0.074,0.092,0.003,-3.285,-10.421,-2.583,1549046566006
12,-0.152,0.126,-0.004,-3.039,-8.499,-2.865,1549046566026
12,0.034,0.109,0.014,-3.146,-8.978,-1.849,1549046566046
12,-0.102,0.145,-0.053,-3.313,-9.56,-2.566,1549046566066
12,-0.146,0.186,-0.082,-3.731,-8.951,-2.264,1549046566086
12,-0.124,0.203,-0.077,-4.379,-9.192,-2.425,1549046566106
12,-0.094,0.183,-0.094,-3.533,-10.139,-2.257,1549046566126
12,-0.064,0.151,-0.121,-2.489,-10.202,-2.193,1549046566146
13,0.075,0.192,-0.139,-3.006,-9.538,-3.468,1549046566166
13,0.102,0.31,-0.13,-3.215,-8.651,-3.827,1549046566187
13,0.188,0.203,-0.148,-3.188,-9.824,-2.691,1549046566207
13,0.015,0.071,-0.202,-2.888,-9.609,-3.008,1549046566227
13,-0.026,0.048,-0.155,-2.972,-9.052,-2.882,1549046566246
13,0.163,0.071,-0.148,-3.696,-8.952,-2.756,1549046566266
13,0.121,0.131,-0.114,-3.37,-9.405,-2.964,1549046566287
13,-0.013,0.138,-0.089,-3.589,-9.597,-2.862,1549046566307
13,-0.049,0.155,-0.077,-3.096,-8.585,-4.313,1549046566326
13,-0.034,0.132,-0.073,-2.583,-8.962,-3.417,1549046566347
13,-0.055,0.029,-0.102,-3.502,-10.22,-3.005,1549046566366
13,-0.208,0.054,-0.103,-3.084,-9.222,-3.144,1549046566387
14,-0.207,-0.003,-0.093,-3.0,-9.548,-2.985,1549046566406
14,-0.247,0.01,-0.127,-3.17,-8.264,-4.335,1549046566427
14,-0.249,0.001,-0.125,-3.208,-9.964,-2.588,1549046566447
14,-0.213,-0.065,-0.152,-2.845,-10.44,-2.814,1549046566467
14,-0.209,-0.092,-0.109,-2.736,-9.221,-2.835,1549046566486
14,-0.081,-0.098,-0.112,-2.778,-9.261,-2.901,1549046566507
14,-0.182,-0.055,-0.093,-3.708,-9.198,-2.732,1549046566526
14,-0.245,0.027,-0.055,-3.158,-9.98,-2.681,1549046566546
14,-0.228,0.049,-0.065,-2.932,-10.284,-2.313,1549046566567
14,-0.154,0.116,-0.036,-3.075,-10.109,-2.337,1549046566586
15,-0.068,0.142,-0.041,-2.894,-9.585,-2.572,1549046566607
15,0.057,0.152,-0.065,-2.858,-10.018,-2.669,1549046566627
15,0.09,0.183,-0.095,-2.647,-9.727,-3.164,1549046566647
15,0.156,0.185,-0.098,-2.715,-9.671,-2.814,1549046566667
15,0.1,0.163,-0.135,-2.509,-10.405,-3.03,1549046566687
15,0.132,0.133,-0.162,-2.014,-9.784,-3.199,1549046566707
15,0.336,0.118,-0.154,-2.943,-9.839,-3.071,1549046566727
15,0.427,0.136,-0.167,-2.759,-9.053,-4.352,1549046566747
15,0.345,0.108,-0.143,-2.281,-8.574,-3.482,1549046566767
15,0.139,0.053,-0.115,-1.929,-10.634,-2.675,1549046566786
15,-0.052,0.072,-0.095,-2.507,-9.511,-3.108,1549046566807
16,0.032,0.085,-0.06,-3.133,-9.795,-2.47,1549046566826
16,0.061,0.09,-0.083,-2.789,-10.226,-2.949,1549046566847
16,0.09,0.123,-0.068,-2.781,-8.522,-3.702,1549046566867
16,0.338,0.09,-0.082,-2.462,-9.69,-3.263,1549046566887
16,-0.015,-0.037,-0.151,-2.945,-10.283,-2.351,1549046566907
16,-0.053,-0.054,-0.137,-2.73,-10.291,-2.657,1549046566926
16,0.09,-0.025,-0.133,-2.741,-9.084,-2.95,1549046566947
16,0.28,0.034,-0.106,-2.646,-9.377,-3.646,1549046566966
16,0.102,0.069,-0.09,-2.559,-9.442,-3.124,1549046566987
16,-0.033,0.037,-0.072,-2.667,-10.559,-2.193,1549046567007
16,-0.105,0.036,-0.065,-3.354,-9.404,-3.138,1549046567026
17,0.005,0.06,-0.049,-3.264,-9.045,-2.981,1549046567047
17,0.034,0.029,-0.067,-2.534,-9.968,-3.718,1549046567067
17,-0.104,-0.043,-0.08,-2.639,-9.898,-3.156,1549046567087
17,-0.093,-0.094,-0.094,-2.492,-9.685,-3.148,1549046567107
17,-0.052,-0.11,-0.093,-2.782,-9.273,-3.023,1549046567127
17,0.026,-0.079,-0.081,-2.692,-9.868,-2.693,1549046567147
17,-0.042,-0.062,-0.07,-2.118,-9.409,-2.956,1549046567167
17,-0.111,-0.008,-0.035,-2.183,-9.704,-2.441,1549046567187
17,-0.107,0.012,-0.037,-2.348,-10.328,-2.256,1549046567207
17,-0.104,0.031,-0.041,-1.983,-9.584,-2.693,1549046567227
17,0.0,0.015,-0.049,-2.14,-9.679,-2.629,1549046567247
17,0.002,0.026,-0.065,-2.389,-9.378,-2.651,1549046567267
17,-0.024,0.012,-0.093,-2.481,-10.193,-2.132,1549046567287
17,-0.074,0.014,-0.143,-2.406,-10.847,-2.216,1549046567307
18,0.038,0.061,-0.138,-2.271,-10.003,-2.83,1549046567327
18,0.288,0.084,-0.132,-1.957,-9.807,-2.963,1549046567347
18,0.373,0.067,-0.137,-1.745,-9.708,-2.796,1549046567367
18,0.344,0.032,-0.139,-2.014,-9.699,-2.937,1549046567387
18,0.18,0.011,-0.122,-2.086,-10.192,-2.713,1549046567408
18,0.097,-0.012,-0.127,-1.811,-10.036,-2.285,1549046567427
18,0.309,-0.004,-0.121,-1.416,-10.384,-2.078,1549046567447
18,0.365,0.039,-0.108,-1.779,-10.555,-2.057,1549046567468
18,0.459,0.098,-0.119,-1.911,-10.143,-2.379,1549046567488
18,0.58,0.084,-0.117,-1.986,-10.11,-2.259,1549046567508
19,0.702,0.038,-0.128,-2.255,-10.061,-2.355,1549046567527
19,0.61,-0.004,-0.119,-1.91,-9.677,-0.805,1549046567547
19,0.521,-0.04,-0.169,-1.824,-10.29,-2.94,1549046567567
19,0.546,0.005,-0.208,-2.083,-8.812,-2.539,1549046567587
19,1.078,-0.02,-0.265,-2.251,-8.495,-2.407,1549046567608
19,0.887,-0.093,-0.269,-1.652,-9.801,-1.984,1549046567628
19,0.11,-0.277,-0.23,-2.294,-10.974,-1.628,1549046567648
19,0.011,-0.259,-0.203,-2.507,-10.606,-1.289,1549046567667
19,0.536,-0.127,-0.211,-2.712,-9.453,-1.239,1549046567688
19,0.607,0.005,-0.035,-1.995,-9.907,-1.805,1549046567708
19,0.023,-0.06,-0.003,-1.757,-10.116,-1.317,1549046567728
20,-0.041,-0.102,-0.02,-0.998,-9.741,-1.096,1549046567747
20,0.218,-0.05,-0.095,-1.876,-9.58,-1.193,1549046567768
20,0.204,0.078,0.029,-2.12,-9.89,-1.133,1549046567788
20,0.023,0.104,0.047,-1.9,-9.865,-0.483,1549046567808
20,0.239,0.115,-0.021,-1.552,-10.196,-0.81,1549046567828
20,0.172,0.144,-0.034,-1.824,-10.331,-1.684,1549046567848
20,0.093,0.134,-0.009,-1.863,-9.703,-1.14,1549046567869
20,0.048,0.049,-0.015,-1.572,-10.446,-0.874,1549046567889
20,0.001,-0.018,-0.052,-1.685,-10.738,-0.921,1549046567908
20,0.331,0.027,-0.069,-1.885,-10.028,-0.935,1549046567928
20,0.341,0.039,-0.029,-1.71,-9.41,-0.916,1549046567948
20,0.067,0.007,-0.015,-1.476,-9.696,-1.268,1549046567968
20,-0.022,-0.019,-0.039,-1.399,-9.848,-0.716,1549046567989
21,0.077,-0.014,-0.051,-1.524,-10.08,-0.49,1549046568009
21,0.041,0.029,-0.048,-1.423,-10.383,-0.966,1549046568029
21,-0.008,0.076,-0.028,-1.896,-9.97,-1.279,1549046568049
21,0.069,0.136,0.021,-1.999,-9.767,-1.045,1549046568068
21,0.084,0.14,0.044,-1.766,-9.521,-1.08,1549046568089
21,0.02,0.091,0.002,-1.538,-10.085,-1.214,1549046568109
21,-0.08,0.053,-0.019,-1.962,-10.361,-1.25,1549046568129
21,-0.036,0.061,0.008,-1.851,-10.561,-0.279,1549046568149
21,0.012,0.048,0.026,-1.413,-10.528,-0.627,1549046568169
21,-0.036,0.068,0.037,-1.325,-10.155,-1.222,1549046568189
21,0.02,0.103,0.059,-1.807,-9.635,-0.981,1549046568209
21,0.157,0.107,0.068,-1.608,-9.597,-0.707,1549046568229
21,-0.013,0.029,0.005,-1.554,-10.33,-0.828,1549046568249
22,-0.143,0.008,-0.018,-1.408,-10.722,-0.887,1549046568268
22,-0.038,0.024,-0.002,-1.518,-10.171,-0.849,1549046568288
22,0.179,0.055,0.017,-1.651,-9.73,-0.726,1549046568309
22,0.197,0.027,0.011,-1.76,-10.191,-1.01,1549046568329
22,-0.021,-0.006,0.0,-1.724,-10.19,-0.885,1549046568349
22,-0.042,-0.004,0.002,-1.632,-9.947,-1.079,1549046568369
22,0.018,0.022,0.01,-1.963,-9.573,-1.067,1549046568389
22,0.01,-0.001,-0.014,-1.967,-9.976,-1.237,1549046568409
22,-0.068,-0.051,-0.041,-1.541,-10.11,-1.343,1549046568429
22,-0.048,-0.081,-0.042,-1.605,-10.159,-0.904,1549046568449
22,0.012,-0.076,-0.03,-1.761,-10.505,-1.084,1549046568469
23,-0.022,-0.053,0.002,-1.672,-10.017,-1.177,1549046568489
23,-0.023,-0.052,0.026,-1.575,-9.454,-1.241,1549046568509
23,-0.035,-0.064,0.013,-1.761,-9.721,-1.224,1549046568529
23,-0.048,-0.081,-0.003,-1.691,-10.122,-0.895,1549046568549
23,-0.093,-0.088,-0.013,-1.86,-10.246,-0.737,1549046568569
23,-0.117,-0.067,-0.006,-1.58,-10.278,-0.434,1549046568589
23,-0.106,-0.016,0.005,-1.921,-10.302,-0.363,1549046568609
23,-0.077,0.067,0.024,-1.348,-10.161,-1.333,1549046568629
23,-0.039,0.059,0.01,-1.623,-9.755,-1.553,1549046568649
23,0.066,-0.011,-0.024,-1.573,-10.003,-0.829,1549046568669
23,0.036,-0.099,-0.064,-1.874,-10.058,-0.593,1549046568689
24,-0.203,-0.113,-0.057,-1.987,-10.127,-0.848,1549046568709
24,-0.443,-0.089,-0.017,-1.892,-10.156,-1.183,1549046568729
24,-0.595,-0.065,0.016,-1.435,-9.966,-1.211,1549046568749
24,-0.513,-0.029,0.028,-1.718,-9.822,-1.209,1549046568769
24,-0.411,0.015,0.018,-1.61,-9.716,-0.909,1549046568789
24,-0.629,-0.006,0.015,-1.732,-10.226,-1.692,1549046568809
24,-1.162,0.013,0.091,-2.077,-10.653,-2.532,1549046568830
24,-1.018,0.066,0.174,-2.125,-10.22,-2.502,1549046568850
24,-0.477,0.086,0.15,-2.343,-9.021,-2.118,1549046568870
24,-0.148,0.1,0.099,-1.962,-9.29,-2.062,1549046568890
24,-0.511,0.061,0.091,-1.989,-10.833,-2.248,1549046568909
24,-0.902,0.083,0.152,-2.025,-11.664,-2.656,1549046568929
25,-0.455,0.115,0.162,-1.658,-10.08,-1.945,1549046568950
25,0.167,0.127,0.193,-1.657,-9.345,-1.969,1549046568969
25,0.01,0.131,0.201,-1.879,-9.439,-2.612,1549046568990
25,-0.253,0.085,0.173,-1.656,-9.68,-2.585,1549046569010
25,-0.248,0.019,0.141,-1.503,-9.294,-2.282,1549046569029
25,-0.026,0.029,0.106,-1.666,-9.64,-1.816,1549046569050
25,-0.058,0.07,0.094,-2.169,-9.546,-2.411,1549046569069
25,-0.235,0.084,0.088,-2.019,-9.955,-2.741,1549046569090
25,-0.364,0.05,0.082,-2.03,-10.685,-2.94,1549046569110
26,-0.278,0.019,0.08,-1.995,-9.451,-2.42,1549046569129
26,-0.093,-0.003,0.06,-1.725,-10.072,-2.114,1549046569150
26,-0.154,0.067,0.073,-2.14,-9.732,-2.839,1549046569170
26,-0.134,0.129,0.08,-2.209,-8.89,-3.4,1549046569190
26,-0.224,0.103,0.057,-2.131,-9.476,-3.783,1549046569210
26,-0.592,0.01,0.035,-2.026,-9.752,-3.101,1549046569230
26,-0.757,-0.054,0.066,-1.645,-9.832,-2.677,1549046569250
26,-0.893,-0.07,0.048,-2.012,-9.504,-2.481,1549046569270
26,-0.833,-0.009,0.034,-2.97,-10.281,-4.298,1549046569289
26,-0.653,0.044,0.025,-3.433,-9.785,-4.216,1549046569310
26,-0.085,-0.018,-0.078,-2.558,-8.854,-3.437,1549046569330
27,-0.239,-0.133,-0.127,-1.807,-9.57,-3.846,1549046569350
27,-0.616,-0.165,-0.117,-1.423,-9.834,-4.433,1549046569370
27,-0.329,-0.145,-0.091,-1.433,-9.27,-3.486,1549046569390
27,-0.028,-0.133,-0.088,-1.988,-9.484,-4.096,1549046569410
27,-0.235,-0.093,-0.023,-2.52,-9.371,-4.252,1549046569430
27,-0.294,-0.084,0.014,-2.338,-9.051,-4.212,1549046569450
27,-0.218,-0.092,0.017,-1.795,-9.805,-4.047,1549046569469
27,-0.254,-0.104,0.021,-2.424,-10.197,-3.799,1549046569489
27,-0.277,-0.043,0.071,-2.245,-9.371,-3.896,1549046569510
27,-0.111,-0.034,0.068,-2.169,-9.128,-4.203,1549046569530
27,-0.105,-0.051,0.043,-2.207,-10.001,-3.425,1549046569550
27,-0.144,-0.082,0.011,-1.916,-10.495,-4.072,1549046569570
28,-0.091,-0.066,0.036,-1.9,-9.126,-3.919,1549046569590
28,0.088,-0.082,0.028,-2.142,-9.648,-3.671,1549046569610
28,-0.04,-0.082,0.017,-2.195,-9.578,-3.952,1549046569630
28,-0.124,-0.074,0.031,-1.858,-9.348,-4.804,1549046569650
28,-0.015,-0.1,0.023,-1.551,-9.657,-3.689,1549046569670
28,0.095,-0.134,0.033,-1.898,-9.367,-3.965,1549046569690
28,-0.083,-0.086,0.086,-1.896,-9.357,-3.584,1549046569710
28,-0.193,-0.101,0.106,-1.888,-10.033,-4.012,1549046569730
28,-0.222,-0.101,0.083,-2.183,-8.756,-4.716,1549046569750
28,0.002,-0.099,0.118,-2.006,-9.586,-3.634,1549046569770
28,-0.003,-0.157,0.076,-2.289,-9.736,-3.314,1549046569790
28,-0.409,-0.096,0.152,-1.779,-9.889,-4.381,1549046569810
28,-0.378,-0.161,0.108,-2.289,-9.378,-4.262,1549046569831
29,-0.05,-0.106,0.103,-2.565,-8.826,-4.287,1549046569850
29,0.09,-0.118,0.12,-2.05,-10.635,-3.176,1549046569871
29,-0.004,-0.137,0.105,-2.118,-9.498,-4.562,1549046569891
29,0.006,-0.032,0.167,-2.549,-8.15,-4.677,1549046569910
29,0.08,-0.014,0.176,-2.438,-8.202,-4.584,1549046569930
29,-0.212,-0.076,0.16,-2.118,-9.621,-3.622,1549046569951
29,-0.595,-0.114,0.112,-2.102,-10.63,-3.716,1549046569970
29,-0.344,-0.069,0.175,-2.481,-8.401,-3.807,1549046569991
29,0.152,0.053,0.184,-3.262,-8.725,-4.183,1549046570011
29,0.059,0.128,0.16,-2.65,-9.774,-4.291,1549046570030
29,-0.104,0.063,0.132,-2.993,-8.676,-4.541,1549046570050
29,-0.048,0.085,0.149,-2.819,-9.145,-3.951,1549046570070
30,-0.004,0.029,0.083,-3.038,-8.493,-4.601,1549046570090
30,-0.102,0.1,0.111,-2.592,-9.366,-3.921,1549046570111
30,-0.163,-0.009,0.044,-2.774,-10.421,-3.993,1549046570131
30,0.066,0.055,0.035,-3.234,-7.868,-4.828,1549046570150
30,0.363,0.121,0.061,-2.831,-8.115,-4.57,1549046570171
30,0.097,0.022,0.0,-2.3,-10.239,-4.007,1549046570191
30,0.027,0.0,-0.023,-2.922,-9.204,-4.24,1549046570211
30,0.321,0.104,0.023,-3.003,-7.884,-4.961,1549046570231
30,0.328,0.097,0.027,-2.406,-8.835,-4.31,1549046570251
30,0.072,-0.018,-0.018,-2.039,-9.689,-4.501,1549046570271
30,0.018,-0.02,-0.002,-2.739,-9.165,-4.12,1549046570291
30,0.201,0.019,0.019,-2.667,-8.507,-4.079,1549046570311
30,0.154,0.02,0.04,-2.636,-8.776,-4.71,1549046570330
30,0.007,0.028,0.034,-2.456,-9.688,-3.367,1549046570350
31,-0.058,-0.035,-0.011,-2.888,-8.979,-5.165,1549046570370
31,-0.027,0.031,0.028,-2.055,-9.384,-4.031,1549046570390
31,0.251,-0.126,-0.033,-2.653,-8.904,-3.741,1549046570411
31,0.203,0.024,0.036,-2.287,-10.016,-3.574,1549046570431
31,-0.002,-0.014,0.055,-2.963,-7.887,-4.785,1549046570451
31,0.054,0.102,0.078,-3.009,-8.344,-4.154,1549046570471
31,0.057,-0.04,-0.032,-2.553,-9.266,-4.553,1549046570491
31,-0.094,-0.051,0.002,-2.663,-10.062,-2.283,1549046570511
31,-0.04,-0.092,-0.004,-2.603,-9.684,-4.478,1549046570531
31,0.09,0.082,0.042,-2.984,-7.746,-3.744,1549046570552
31,0.362,0.038,0.008,-2.668,-9.217,-5.283,1549046570571
31,-0.064,0.044,0.018,-2.453,-9.791,-4.075,1549046570592
32,0.027,-0.08,0.001,-2.868,-8.633,-4.515,1549046570610
32,0.108,-0.01,0.032,-2.837,-8.665,-3.938,1549046570632
32,0.089,-0.053,0.009,-2.436,-9.361,-4.452,1549046570651
32,0.0,-0.095,0.004,-2.114,-9.583,-4.158,1549046570671
32,0.074,-0.102,-0.002,-2.972,-7.955,-4.364,1549046570691
32,0.16,-0.028,0.021,-3.194,-8.684,-4.125,1549046570712
32,0.081,-0.131,-0.031,-2.358,-8.964,-3.787,1549046570732
32,0.02,-0.211,-0.053,-2.006,-9.5,-3.62,1549046570752
32,0.019,-0.195,-0.057,-3.127,-8.597,-3.819,1549046570772
32,0.094,-0.011,0.018,-2.884,-8.226,-4.177,1549046570792
32,0.048,-0.064,0.011,-2.146,-8.669,-4.42,1549046570812
32,-0.11,-0.111,0.006,-2.444,-10.472,-3.543,1549046570831
32,-0.115,-0.086,0.0,-3.05,-9.025,-3.656,1549046570851
33,0.163,-0.009,0.04,-2.828,-8.08,-3.937,1549046570872
33,0.079,-0.059,0.023,-2.381,-8.912,-4.282,1549046570892
33,-0.086,-0.126,-0.025,-2.895,-9.761,-4.0,1549046570912
33,-0.024,-0.119,-0.034,-2.719,-9.467,-3.939,1549046570932
33,0.082,-0.123,0.002,-2.427,-7.994,-4.836,1549046570952
33,0.077,-0.108,0.016,-2.715,-8.902,-4.008,1549046570972
33,-0.008,-0.181,-0.052,-2.87,-9.624,-3.721,1549046570992
33,-0.093,-0.181,-0.038,-3.1,-8.683,-3.816,1549046571012
33,-0.051,-0.138,-0.019,-2.571,-9.088,-4.151,1549046571032
33,-0.187,-0.141,-0.025,-2.762,-9.707,-3.646,1549046571052
33,-0.021,-0.175,-0.077,-2.766,-9.275,-3.721,1549046571072
33,0.101,-0.156,-0.078,-2.33,-8.66,-4.395,1549046571092
33,0.046,-0.147,-0.075,-2.77,-9.565,-3.352,1549046571111
33,-0.066,-0.139,-0.096,-3.645,-9.472,-3.719,1549046571132
34,0.093,-0.072,-0.091,-3.0,-9.019,-3.849,1549046571152
34,0.254,-0.095,-0.1,-2.905,-7.806,-4.519,1549046571171
34,0.1,-0.054,-0.074,-2.927,-9.541,-4.104,1549046571192
34,-0.076,-0.144,-0.126,-2.869,-10.177,-3.489,1549046571212
34,0.039,-0.101,-0.078,-3.119,-8.295,-3.714,1549046571232
34,0.166,0.026,-0.022,-3.627,-7.62,-4.178,1549046571252
34,0.069,0.075,0.001,-3.121,-9.079,-4.71,1549046571272
34,-0.173,-0.008,-0.058,-2.557,-11.015,-2.624,1549046571292
34,-0.154,-0.089,-0.053,-3.612,-9.236,-3.569,1549046571312
34,0.117,0.14,0.039,-3.558,-8.249,-4.526,1549046571332
34,0.152,0.14,0.028,-2.644,-8.847,-4.3,1549046571352
35,0.03,0.035,-0.021,-2.588,-9.119,-4.527,1549046571372
35,-0.106,0.091,0.01,-3.626,-8.935,-3.966,1549046571392
35,0.025,0.156,0.059,-3.328,-8.545,-3.994,1549046571412
35,0.05,0.149,0.109,-2.784,-9.246,-3.484,1549046571433
35,-0.054,0.187,0.133,-3.224,-9.504,-3.584,1549046571452
35,-0.138,0.31,0.162,-3.854,-8.384,-4.657,1549046571473
35,-0.03,0.382,0.149,-3.369,-8.389,-4.552,1549046571493
35,-0.013,0.242,0.074,-2.949,-10.024,-3.261,1549046571513
35,-0.076,0.17,0.021,-3.193,-10.112,-3.131,1549046571532
35,-0.089,0.276,0.052,-3.515,-9.216,-3.48,1549046571553
35,0.059,0.318,0.088,-3.748,-8.231,-4.109,1549046571573
36,0.082,0.282,0.081,-3.907,-8.781,-4.271,1549046571592
36,0.073,0.134,0.039,-2.964,-9.932,-3.313,1549046571613
36,0.126,-0.059,0.012,-2.722,-9.182,-3.789,1549046571633
36,0.234,0.068,0.082,-3.27,-8.638,-3.994,1549046571653
36,0.144,0.129,0.108,-3.239,-9.231,-3.505,1549046571672
36,-0.04,0.054,0.085,-3.174,-9.222,-3.371,1549046571693
36,-0.071,0.055,0.061,-3.362,-8.812,-3.636,1549046571713
36,0.0,0.084,0.051,-3.61,-8.665,-3.553,1549046571733
36,0.0,0.053,0.007,-3.673,-9.003,-3.365,1549046571753
36,0.057,0.005,-0.035,-2.845,-9.855,-2.811,1549046571773
36,0.016,-0.078,-0.04,-3.202,-9.298,-3.057,1549046571793
36,-0.029,0.0,0.019,-3.684,-8.616,-3.023,1549046571812
37,0.062,-0.008,0.006,-3.504,-8.796,-3.813,1549046571833
37,0.088,-0.042,-0.04,-3.103,-9.888,-3.695,1549046571852
37,-0.018,-0.137,-0.085,-3.381,-9.584,-3.132,1549046571873
37,0.019,-0.121,-0.084,-3.563,-8.74,-3.743,1549046571893
37,0.027,-0.088,-0.057,-3.727,-8.751,-3.759,1549046571913
37,0.066,-0.118,-0.065,-3.513,-10.274,-2.51,1549046571933
37,-0.049,-0.226,-0.07,-3.158,-9.69,-3.816,1549046571953
37,-0.083,-0.19,0.012,-2.895,-9.344,-3.392,1549046571973
37,0.003,-0.159,0.042,-3.314,-9.284,-4.354,1549046571993
37,0.0,-0.095,0.043,-3.418,-9.851,-1.21,1549046572013
37,0.065,-0.165,0.005,-3.202,-9.565,-2.851,1549046572033
37,-0.094,-0.175,-0.023,-3.191,-9.915,-3.593,1549046572054
38,0.0,-0.228,0.003,-3.224,-9.423,-3.159,1549046572073
38,0.115,-0.256,0.024,-3.187,-9.607,-3.321,1549046572094
38,0.039,-0.327,0.002,-3.11,-9.608,-2.921,1549046572113
38,0.114,-0.367,-0.026,-3.05,-9.394,-3.227,1549046572133
38,0.133,-0.317,-0.021,-3.534,-9.32,-2.836,1549046572153
38,0.062,-0.254,-0.003,-3.532,-8.608,-3.196,1549046572173
38,0.102,-0.266,-0.004,-3.326,-9.413,-2.721,1549046572193
38,0.01,-0.317,-0.026,-3.269,-9.751,-3.47,1549046572213
38,0.004,-0.273,-0.019,-3.337,-8.428,-3.77,1549046572233
38,0.069,-0.278,0.003,-3.007,-9.815,-2.479,1549046572253
38,-0.224,-0.329,-0.034,-3.089,-9.899,-2.68,1549046572273
38,-0.073,-0.302,-0.025,-3.398,-8.653,-2.508,1549046572294
39,0.165,-0.239,0.048,-3.239,-8.851,-3.092,1549046572314
39,0.077,-0.205,0.031,-3.308,-8.829,-3.208,1549046572334
39,0.133,-0.21,0.018,-2.681,-9.752,-2.595,1549046572354
39,-0.112,-0.26,-0.06,-3.154,-8.847,-2.929,1549046572373
39,0.006,-0.246,-0.035,-2.808,-9.189,-2.637,1549046572393
39,0.044,-0.275,-0.093,-2.493,-10.489,-2.276,1549046572413
39,-0.056,-0.227,-0.119,-2.985,-8.084,-3.4,1549046572433
39,0.12,-0.172,-0.056,-2.807,-8.926,-2.861,1549046572454
39,0.013,-0.164,-0.109,-2.913,-9.283,-2.389,1549046572473
39,-0.023,-0.171,-0.122,-2.956,-9.77,-2.623,1549046572494
39,0.065,-0.166,-0.18,-2.695,-9.0,-3.64,1549046572513
39,0.186,-0.155,-0.16,-3.137,-8.034,-2.649,1549046572534
40,0.163,-0.146,-0.136,-3.153,-9.113,-2.685,1549046572554
40,-0.025,-0.119,-0.169,-2.902,-9.192,-2.286,1549046572573
40,0.132,-0.126,-0.178,-2.19,-10.266,-1.869,1549046572593
40,0.092,-0.067,-0.147,-2.693,-8.873,-3.937,1549046572613
40,0.201,-0.066,-0.096,-2.667,-8.544,-3.497,1549046572633
40,0.216,-0.135,-0.127,-2.777,-9.351,-2.912,1549046572654
40,-0.011,-0.163,-0.173,-2.752,-9.108,-2.616,1549046572673
40,-0.042,-0.177,-0.161,-2.693,-9.226,-3.104,1549046572693
40,0.031,-0.17,-0.186,-2.693,-9.07,-2.931,1549046572713
40,-0.012,-0.189,-0.201,-2.668,-9.363,-3.326,1549046572733
40,-0.137,-0.202,-0.234,-2.726,-9.129,-2.88,1549046572753
40,-0.077,-0.215,-0.225,-2.65,-9.738,-2.461,1549046572774
40,-0.115,-0.245,-0.206,-2.709,-9.108,-3.043,1549046572794
41,-0.07,-0.263,-0.198,-2.118,-9.907,-2.298,1549046572813
41,-0.139,-0.242,-0.214,-2.442,-10.148,-2.711,1549046572833
41,-0.105,-0.142,-0.174,-2.626,-9.77,-1.844,1549046572854
41,-0.008,-0.098,-0.127,-2.274,-9.99,-2.479,1549046572873
41,-0.166,-0.076,-0.129,-2.865,-8.776,-3.793,1549046572893
41,-0.125,-0.084,-0.12,-2.564,-9.542,-3.248,1549046572914
41,-0.16,-0.147,-0.191,-1.639,-10.618,-2.082,1549046572934
41,-0.196,-0.132,-0.195,-1.566,-10.36,-1.644,1549046572954
41,-0.088,-0.064,-0.135,-1.691,-9.514,-2.539,1549046572973
41,-0.048,-0.01,-0.077,-2.211,-8.631,-2.882,1549046572994
41,-0.04,0.024,-0.05,-2.218,-10.696,-2.955,1549046573014
41,-0.205,0.005,-0.121,-2.081,-10.053,-2.544,1549046573034
42,-0.134,-0.016,-0.119,-1.907,-10.04,-2.141,1549046573054
42,-0.12,-0.008,-0.112,-2.19,-10.148,-2.451,1549046573073
42,0.02,0.012,-0.101,-2.246,-9.563,-2.749,1549046573093
42,0.204,-0.007,-0.101,-1.955,-10.44,-3.123,1549046573113
42,0.126,-0.003,-0.139,-2.031,-9.757,-3.308,1549046573134
42,0.051,-0.019,-0.107,-2.226,-10.259,-2.719,1549046573154
42,-0.011,-0.02,-0.11,-2.224,-9.785,-2.926,1549046573174
42,0.062,-0.015,-0.098,-2.151,-9.333,-3.159,1549046573194
42,0.148,0.025,-0.049,-2.199,-9.81,-3.286,1549046573214
42,0.084,0.059,-0.053,-2.121,-9.447,-3.294,1549046573234
42,0.084,0.054,-0.034,-2.006,-10.22,-3.093,1549046573254
43,-0.018,0.018,-0.066,-2.33,-9.571,-3.243,1549046573274
43,-0.082,-0.041,-0.047,-2.42,-9.079,-2.968,1549046573294
43,-0.04,-0.074,-0.064,-1.844,-10.416,-2.274,1549046573314
43,0.029,-0.015,-0.061,-2.176,-10.082,-3.232,1549046573334
43,0.132,0.042,-0.031,-2.328,-9.67,-2.932,1549046573354
43,-0.11,0.0,-0.05,-2.398,-9.882,-3.069,1549046573374
43,-0.235,-0.016,-0.06,-2.499,-9.341,-3.323,1549046573394
43,-0.059,-0.045,-0.081,-2.133,-9.567,-3.121,1549046573415
43,0.037,-0.04,-0.113,-2.154,-9.669,-3.193,1549046573434
43,0.008,-0.017,-0.096,-2.138,-9.829,-3.251,1549046573455
44,-0.157,-0.013,-0.055,-2.746,-9.192,-4.01,1549046573474
44,-0.2,-0.011,-0.038,-2.325,-9.765,-2.979,1549046573495
44,-0.153,-0.05,-0.061,-2.049,-10.203,-2.681,1549046573515
44,-0.121,-0.047,-0.048,-1.783,-10.279,-2.432,1549046573534
44,-0.099,-0.066,-0.036,-1.798,-10.523,-2.468,1549046573555
44,-0.081,-0.066,-0.029,-2.488,-9.097,-3.287,1549046573574
44,0.047,-0.064,-0.067,-2.045,-9.755,-2.066,1549046573594
44,0.132,-0.112,-0.129,-1.722,-10.061,-1.96,1549046573614
44,0.203,-0.103,-0.156,-1.264,-10.259,-2.422,1549046573635
44,0.144,-0.08,-0.155,-1.38,-10.121,-2.706,1549046573654
44,0.043,-0.064,-0.134,-1.468,-9.642,-2.292,1549046573674
45,0.089,-0.059,-0.116,-1.53,-9.558,-2.27,1549046573694
45,0.404,-0.079,-0.195,-1.995,-8.948,-2.776,1549046573714
45,0.559,-0.092,-0.273,-1.518,-9.358,-2.782,1549046573734
45,0.379,-0.166,-0.311,-1.622,-11.168,-1.598,1549046573755
45,0.341,-0.158,-0.334,-1.892,-11.255,-2.607,1549046573774
45,0.585,-0.05,-0.246,-3.082,-9.641,-3.407,1549046573794
45,0.681,-0.029,-0.209,-3.269,-10.246,-2.795,1549046573815
45,0.363,-0.149,-0.2,-2.02,-10.202,-2.362,1549046573834
45,0.351,-0.174,-0.169,-1.445,-10.564,-1.411,1549046573855
45,0.489,-0.11,-0.15,-1.771,-10.229,-1.987,1549046573875
45,0.611,-0.007,-0.146,-1.995,-9.482,-2.811,1549046573894
45,0.658,-0.006,-0.116,-1.937,-9.805,-2.151,1549046573916
46,0.404,-0.071,-0.107,-1.532,-10.126,-1.895,1549046573936
46,0.368,-0.051,-0.104,-1.81,-9.478,-2.065,1549046573955
46,0.48,0.001,-0.109,-1.989,-9.957,-1.919,1549046573975
46,0.421,-0.002,-0.111,-1.683,-9.688,-1.934,1549046573994
46,0.367,-0.014,-0.103,-1.617,-9.721,-1.797,1549046574015
46,0.178,-0.002,-0.052,-1.698,-9.86,-1.713,1549046574034
46,0.148,0.024,-0.062,-1.94,-9.53,-2.543,1549046574055
46,0.075,0.049,-0.064,-1.535,-9.77,-1.912,1549046574076
46,0.005,-0.021,-0.096,-1.425,-9.971,-0.665,1549046574096
46,-0.051,-0.013,-0.086,-1.412,-10.243,-1.244,1549046574116
46,-0.02,0.028,-0.089,-1.564,-10.114,-1.496,1549046574136
46,0.213,0.055,-0.094,-1.681,-9.702,-1.524,1549046574155
46,0.275,0.045,-0.089,-1.439,-10.536,-1.581,1549046574176
46,-0.018,-0.047,-0.098,-1.15,-10.706,-0.86,1549046574195
46,-0.053,-0.053,-0.049,-1.588,-9.982,-0.903,1549046574215
47,0.113,0.015,-0.028,-1.4,-9.938,-1.547,1549046574236
47,0.178,0.032,-0.021,-1.289,-10.032,-1.71,1549046574256
47,0.179,0.014,-0.031,-1.45,-10.236,-2.004,1549046574276
47,0.072,-0.004,-0.009,-1.267,-10.086,-1.528,1549046574296
47,-0.078,-0.045,0.013,-1.309,-10.422,-0.879,1549046574316
47,-0.099,-0.026,0.014,-1.472,-10.095,-0.605,1549046574336
47,0.104,0.004,-0.006,-1.36,-10.485,-0.87,1549046574356
47,0.218,0.003,-0.037,-1.478,-10.211,-1.321,1549046574376
47,0.285,0.005,-0.049,-1.498,-9.388,-1.687,1549046574396
47,0.272,-0.006,-0.057,-1.356,-9.591,-1.512,1549046574415
47,0.089,-0.035,-0.062,-0.829,-8.934,-1.06,1549046574435
47,0.143,-0.074,-0.134,-0.473,-9.945,-0.455,1549046574455
47,0.191,-0.041,-0.179,-1.074,-10.304,-0.766,1549046574476
47,0.112,0.036,-0.132,-1.154,-9.579,-0.776,1549046574496
48,0.129,0.071,-0.117,-1.23,-9.031,-0.611,1549046574516
48,0.403,0.09,-0.233,-1.134,-9.885,-0.577,1549046574536
48,0.298,0.099,-0.233,-1.029,-10.396,-0.902,1549046574556
48,0.019,0.094,-0.214,-0.875,-9.783,-0.76,1549046574576
48,-0.012,0.067,-0.197,-0.743,-10.143,-0.491,1549046574596
48,0.088,0.054,-0.225,-1.179,-10.503,-0.786,1549046574616
48,0.16,0.089,-0.226,-1.004,-10.643,-1.156,1549046574636
48,0.107,0.094,-0.225,-1.42,-9.991,-2.098,1549046574656
48,0.143,0.062,-0.237,-1.539,-10.097,-1.084,1549046574676
48,0.02,-0.08,-0.156,-1.006,-11.301,-0.188,1549046574696
48,-0.098,-0.129,-0.127,-0.45,-11.704,-0.296,1549046574716
48,0.042,-0.05,-0.074,-0.688,-10.886,-1.635,1549046574736
48,0.121,0.035,-0.029,-1.117,-9.607,-1.615,1549046574756
48,0.255,0.042,-0.054,-0.838,-10.546,-0.593,1549046574776
49,0.057,0.028,0.004,-1.358,-11.092,-0.509,1549046574796
49,-0.118,0.013,0.039,-1.512,-10.718,-0.829,1549046574816
49,-0.056,-0.065,0.06,-1.56,-10.506,-1.405,1549046574836
49,0.135,-0.114,0.042,-0.729,-10.162,-0.693,1549046574856
49,0.164,-0.167,0.039,-0.148,-10.683,0.735,1549046574876
49,0.003,-0.092,0.074,-0.831,-10.61,0.177,1549046574896
49,0.012,0.051,0.091,-1.115,-9.497,-0.51,1549046574916
49,0.182,0.071,0.075,-0.728,-10.068,-0.551,1549046574937
49,0.148,0.03,0.029,-0.618,-10.208,-1.16,1549046574956
49,0.052,0.0,0.016,-0.685,-9.797,-1.156,1549046574977
49,0.051,-0.041,-0.008,-0.718,-10.268,-0.353,1549046574997
49,0.002,-0.041,-0.027,-0.89,-10.327,-0.414,1549046575016
49,0.106,0.008,-0.011,-0.926,-10.22,-0.612,1549046575036
49,0.102,0.017,0.009,-0.778,-10.129,-0.761,1549046575057
50,-0.002,0.02,0.03,-0.956,-10.029,-0.773,1549046575076
50,-0.043,0.017,0.028,-0.762,-10.292,-0.558,1549046575097
50,-0.009,-0.012,0.027,-0.704,-10.544,-0.123,1549046575117
50,0.061,0.0,0.026,-1.031,-10.48,-0.503,1549046575137
50,0.147,0.034,0.027,-0.936,-9.978,-0.674,1549046575157
50,0.107,0.0,0.02,-0.965,-9.993,-0.33,1549046575177
50,0.029,-0.01,0.003,-0.986,-10.427,-0.257,1549046575197
50,-0.001,-0.008,-0.001,-0.959,-10.252,-0.358,1549046575217
50,0.093,0.001,-0.001,-0.88,-10.277,-0.557,1549046575237
50,0.137,0.004,0.005,-1.124,-10.04,-0.423,1549046575257
50,0.115,0.003,0.017,-1.067,-10.261,-0.508,1549046575277
51,0.041,-0.013,0.006,-0.715,-10.149,-0.433,1549046575297
51,0.048,-0.015,0.013,-0.973,-10.086,-0.373,1549046575316
51,0.114,0.018,0.001,-0.968,-10.162,-0.289,1549046575337
51,0.169,0.008,-0.001,-0.893,-10.151,-0.34,1549046575357
51,0.101,0.018,0.005,-0.978,-10.165,-0.51,1549046575377
51,0.007,0.03,0.024,-1.048,-10.202,-0.211,1549046575397
51,-0.005,0.005,0.009,-0.979,-10.395,-0.01,1549046575417
51,0.062,0.004,-0.005,-0.861,-10.178,-0.271,1549046575437
51,0.091,0.013,-0.011,-0.729,-10.112,-0.151,1549046575456
51,0.037,0.001,-0.001,-0.848,-10.55,-0.326,1549046575477
51,-0.004,0.029,0.021,-1.181,-10.201,-0.32,1549046575497
51,0.053,0.022,0.031,-1.075,-9.989,-0.459,1549046575517
52,0.059,-0.009,0.013,-0.862,-10.378,-0.158,1549046575536
52,0.018,-0.018,-0.001,-0.74,-10.481,0.147,1549046575557
52,0.042,-0.009,0.018,-0.688,-10.279,-0.054,1549046575577
52,0.112,0.008,0.001,-1.042,-9.73,-0.085,1549046575597
52,0.14,0.035,-0.02,-1.153,-10.096,0.454,1549046575617
52,0.146,0.048,-0.044,-0.887,-10.911,0.255,1549046575637
52,0.223,0.051,-0.056,-0.866,-10.808,0.273,1549046575657
52,0.272,0.03,-0.036,-0.842,-10.34,-0.209,1549046575677
52,0.093,0.032,0.002,-1.182,-9.667,-0.269,1549046575696
52,0.015,0.041,0.029,-1.331,-9.345,-0.546,1549046575717
53,0.006,0.026,-0.006,-0.824,-9.84,-0.284,1549046575737
53,0.008,-0.009,-0.042,-0.563,-10.516,0.067,1549046575757
53,-0.015,0.005,-0.032,-0.938,-10.58,-0.269,1549046575777
53,-0.001,0.011,0.008,-0.817,-10.192,-0.418,1549046575797
53,0.003,-0.016,0.009,-0.89,-10.034,0.057,1549046575817
53,-0.024,-0.007,0.002,-1.159,-9.892,-0.134,1549046575837
53,-0.029,0.033,0.011,-1.019,-10.142,-0.361,1549046575857
53,-0.074,0.009,0.021,-0.804,-10.003,-0.091,1549046575877
53,-0.066,0.0,0.005,-1.207,-10.427,-0.159,1549046575897
53,-0.03,0.011,0.002,-1.041,-9.916,-0.004,1549046575917
53,0.03,-0.001,0.003,-0.941,-10.343,-0.035,1549046575938
54,0.067,0.021,-0.002,-1.006,-10.281,-0.401,1549046575958
54,0.07,0.005,0.004,-1.061,-9.801,-0.383,1549046575977
54,-0.007,-0.022,0.005,-1.063,-9.813,-0.025,1549046575997
54,-0.059,-0.02,-0.008,-0.822,-10.477,-0.154,1549046576017
54,0.008,-0.008,-0.021,-0.903,-10.466,0.252,1549046576037
54,0.058,0.0,0.0,-1.0,-10.341,-0.196,1549046576058
54,-0.114,0.021,0.034,-1.005,-9.943,-0.527,1549046576077
54,-0.179,0.031,0.057,-0.834,-9.735,-0.333,1549046576097
54,-0.07,0.008,0.029,-0.999,-10.121,0.28,1549046576117
54,-0.058,0.004,0.016,-0.85,-10.656,0.063,1549046576137
54,-0.081,0.02,0.025,-0.844,-10.516,-0.254,1549046576158
55,-0.065,0.028,0.036,-0.957,-10.149,-0.365,1549046576178
55,-0.074,0.005,0.032,-1.076,-9.997,0.002,1549046576197
55,-0.048,-0.005,0.018,-0.951,-10.012,0.226,1549046576218
55,-0.011,0.004,0.002,-0.909,-10.567,-0.246,1549046576237
55,0.008,0.018,-0.01,-0.98,-10.311,-0.288,1549046576258
55,0.009,0.0,0.0,-0.969,-10.064,-0.145,1549046576278
55,-0.047,-0.004,0.01,-1.037,-10.007,-0.139,1549046576297
55,0.015,-0.005,-0.006,-1.068,-10.205,-0.26,1549046576317
55,0.082,0.002,-0.014,-0.931,-10.399,-0.32,1549046576337
55,0.004,-0.003,-0.001,-1.01,-10.072,-0.322,1549046576358
55,-0.078,-0.002,0.015,-1.053,-10.231,-0.151,1549046576379
55,-0.088,-0.017,0.009,-0.984,-10.105,0.101,1549046576398
55,0.008,-0.003,-0.009,-0.974,-10.356,-0.127,1549046576417
56,0.005,0.022,-0.004,-1.1,-10.367,-0.229,1549046576437
56,-0.039,0.024,0.01,-0.874,-10.327,-0.365,1549046576457
56,-0.082,0.004,0.01,-1.011,-10.002,-0.298,1549046576478
56,-0.018,0.009,0.006,-1.122,-9.893,-0.339,1549046576497
56,0.041,-0.01,-0.012,-0.796,-10.086,-0.484,1549046576517
56,-0.066,-0.044,-0.003,-0.705,-10.378,-0.157,1549046576538
56,-0.108,-0.033,0.01,-0.828,-10.239,-0.173,1549046576558
56,-0.081,0.005,0.013,-1.144,-10.189,-0.108,1549046576577
56,-0.001,0.02,0.008,-1.105,-10.268,-0.184,1549046576598
56,-0.015,0.019,0.001,-0.924,-10.445,-0.196,1549046576618
56,-0.024,0.006,0.0,-1.053,-10.234,-0.139,1549046576639
56,0.034,0.013,0.0,-1.009,-10.11,-0.313,1549046576658
56,0.035,0.008,-0.007,-1.08,-10.231,-0.297,1549046576679
57,0.034,-0.004,-0.014,-0.851,-10.289,-0.115,1549046576698
57,0.024,-0.022,-0.005,-1.006,-10.12,-0.272,1549046576719
57,-0.003,0.004,0.005,-1.042,-9.938,-0.472,1549046576739
57,0.003,0.003,-0.003,-0.998,-10.187,-0.335,1549046576758
57,-0.02,-0.016,-0.01,-0.941,-10.299,-0.146,1549046576779
57,-0.037,-0.001,-0.003,-1.032,-10.147,-0.269,1549046576799
57,-0.012,0.012,0.0,-0.966,-10.058,-0.351,1549046576819
57,0.002,0.003,-0.001,-1.023,-10.387,-0.226,1549046576839
57,-0.014,0.0,-0.003,-0.898,-10.479,0.029,1549046576859
57,-0.017,0.005,0.005,-0.913,-10.322,-0.179,1549046576879
57,0.014,0.027,0.014,-1.091,-9.86,-0.197,1549046576899
57,0.071,0.039,0.006,-0.976,-10.281,-0.057,1549046576919
57,0.044,0.045,-0.009,-1.082,-10.24,-0.323,1549046576939
58,0.095,0.049,-0.01,-0.978,-10.249,-0.29,1549046576959
58,0.118,0.021,-0.015,-0.975,-10.429,-0.408,1549046576979
58,0.059,0.004,-0.014,-1.053,-10.196,-0.402,1549046576999
58,-0.019,0.006,0.014,-0.935,-9.803,-0.222,1549046577019
58,-0.026,-0.001,0.023,-1.012,-9.982,-0.252,1549046577039
58,-0.022,0.018,0.004,-0.994,-10.368,-0.186,1549046577059
58,0.039,0.02,-0.005,-0.819,-10.315,-0.178,1549046577079
58,0.007,0.013,0.003,-1.088,-9.895,-0.504,1549046577099
58,-0.044,0.017,0.013,-0.992,-10.109,-0.289,1549046577119
58,-0.073,-0.007,0.006,-0.894,-10.279,-0.025,1549046577139
58,-0.051,0.0,0.002,-0.976,-10.389,-0.185,1549046577159
58,-0.007,0.014,0.0,-0.905,-10.247,-0.322,1549046577179
58,0.021,0.0,0.008,-0.938,-10.176,0.04,1549046577199
58,-0.065,0.015,0.025,-1.079,-10.39,-0.191,1549046577219
58,-0.084,0.047,0.03,-1.115,-10.179,-0.668,1549046577239
59,0.023,0.028,0.009,-1.029,-10.16,-0.546,1549046577259
59,0.02,-0.013,0.009,-0.918,-10.24,-0.188,1549046577279
59,-0.063,-0.021,0.025,-1.049,-10.183,-0.136,1549046577299
59,-0.078,0.002,0.031,-1.087,-10.052,-0.213,1549046577319
59,-0.049,0.0,0.035,-0.981,-10.226,-0.37,1549046577339
59,-0.082,0.0,0.034,-1.194,-10.374,-0.884,1549046577359
59,-0.21,0.001,0.066,-1.181,-9.978,-0.692,1549046577379
59,-0.338,-0.02,0.076,-1.001,-10.145,-0.407,1549046577399
59,-0.247,-0.03,0.056,-1.193,-10.161,-0.554,1549046577419
59,-0.103,-0.007,0.041,-1.206,-10.083,-0.722,1549046577440
59,-0.034,-0.02,0.009,-1.172,-10.154,-0.482,1549046577459
59,-0.123,-0.033,0.003,-0.871,-10.117,0.093,1549046577479
59,-0.212,-0.032,0.013,-0.9,-10.531,-0.403,1549046577500
59,-0.264,0.035,0.027,-1.085,-10.4,-0.823,1549046577519
60,-0.089,0.051,0.022,-0.972,-10.143,-0.914,1549046577539
60,-0.048,0.027,0.007,-1.02,-9.864,-0.484,1549046577559
60,-0.067,0.016,-0.007,-0.99,-10.333,-0.537,1549046577580
60,-0.176,0.026,-0.039,-1.099,-10.373,-0.883,1549046577600
60,-0.13,0.055,-0.025,-1.214,-10.245,-1.147,1549046577620
60,-0.127,0.053,-0.039,-1.031,-10.203,-1.072,1549046577640
60,-0.121,0.031,-0.055,-1.076,-9.938,-0.345,1549046577660
60,-0.104,0.035,-0.054,-0.917,-10.536,-0.407,1549046577680
60,-0.172,0.055,-0.06,-0.961,-10.425,-1.031,1549046577699
60,-0.078,0.088,-0.065,-1.007,-10.016,-1.083,1549046577719
60,-0.014,0.065,-0.091,-0.951,-10.068,-0.602,1549046577740
61,-0.105,0.048,-0.1,-1.041,-10.248,-0.505,1549046577760
61,-0.125,0.063,-0.099,-0.965,-10.505,-0.856,1549046577780
61,-0.046,0.083,-0.1,-0.988,-10.264,-0.885,1549046577800
61,0.216,0.091,-0.127,-0.73,-10.139,-1.017,1549046577820
61,0.2,0.081,-0.138,-1.02,-10.302,-1.259,1549046577840
61,0.036,0.092,-0.126,-0.975,-9.974,-0.776,1549046577860
61,-0.043,0.043,-0.119,-0.834,-9.736,-0.622,1549046577880
61,0.0,0.035,-0.129,-0.917,-10.176,-0.336,1549046577900
61,0.081,0.056,-0.146,-0.653,-10.627,-0.547,1549046577919
61,0.001,0.059,-0.073,-0.562,-10.067,-1.106,1549046577940
61,-0.015,0.06,-0.026,-1.094,-9.941,-1.075,1549046577960
61,-0.034,0.096,-0.04,-0.866,-10.273,-0.897,1549046577979
61,-0.021,0.086,-0.015,-0.69,-9.935,-0.887,1549046577999
61,0.003,0.109,0.039,-0.734,-10.01,-1.324,1549046578019
62,-0.07,0.122,0.042,-0.928,-10.057,-1.154,1549046578039
62,-0.149,0.095,0.048,-0.803,-10.146,-0.827,1549046578060
62,-0.174,0.058,0.091,-0.625,-10.641,-0.979,1549046578080
62,-0.235,0.033,0.075,-0.748,-10.556,-0.791,1549046578100
62,-0.268,0.001,0.123,-1.03,-9.91,-0.53,1549046578119
62,-0.176,-0.033,0.136,-0.932,-9.96,-0.528,1549046578140
62,0.006,-0.053,0.094,-1.054,-10.309,-0.67,1549046578160
62,0.13,-0.051,0.04,-1.07,-10.468,-0.865,1549046578180
62,0.128,-0.07,0.016,-0.88,-10.404,-0.956,1549046578200
62,0.01,-0.095,0.023,-0.771,-10.224,-0.895,1549046578220
62,-0.017,-0.092,0.049,-1.145,-9.893,-0.854,1549046578240
63,0.073,-0.041,0.048,-0.951,-9.817,-0.917,1549046578260
63,0.19,-0.013,0.037,-0.95,-10.135,-1.284,1549046578280
63,0.206,0.015,0.034,-0.901,-10.098,-1.446,1549046578299
63,0.089,0.007,0.071,-1.078,-9.915,-1.158,1549046578320
63,-0.027,-0.004,0.084,-0.968,-10.227,-0.856,1549046578340
63,-0.067,0.001,0.084,-0.935,-10.36,-0.879,1549046578360
63,0.012,0.019,0.073,-0.855,-10.504,-1.043,1549046578380
63,-0.028,0.023,0.075,-1.032,-10.318,-0.956,1549046578400
63,-0.093,0.013,0.079,-1.128,-10.155,-0.602,1549046578420
63,-0.106,-0.003,0.076,-1.051,-10.241,-0.652,1549046578440
63,-0.053,0.005,0.065,-1.075,-9.942,-0.852,1549046578460
64,0.09,0.027,0.057,-1.08,-10.082,-1.06,1549046578480
64,0.137,0.035,0.028,-1.049,-10.373,-1.034,1549046578500
64,0.077,0.015,0.028,-1.034,-10.347,-0.84,1549046578520
64,0.015,0.003,0.036,-1.209,-10.237,-0.796,1549046578540
64,0.039,0.008,0.033,-1.205,-10.233,-0.837,1549046578560
64,0.098,-0.008,0.009,-1.06,-10.067,-0.796,1549046578580
64,0.078,-0.015,0.0,-1.049,-10.236,-1.036,1549046578600
64,0.029,-0.016,-0.004,-1.318,-10.154,-1.156,1549046578620
64,-0.011,-0.022,0.01,-1.305,-10.226,-0.864,1549046578641
64,-0.027,-0.049,0.009,-1.236,-10.093,-0.684,1549046578661
64,-0.015,-0.03,0.019,-1.164,-9.904,-0.827,1549046578680
64,0.029,0.004,0.021,-1.194,-9.935,-0.916,1549046578701
