pack,vx,vy,vz,ax,ay,az,time
1,-0.374,0.129,-0.277,-5.443,-6.547,-2.744,1548692155138
1,-0.488,0.15,-0.324,-5.441,-6.015,-2.717,1548692155158
1,-0.49,0.143,-0.366,-5.372,-5.108,-3.671,1548692155177
1,-0.393,0.06,-0.413,-5.318,-5.921,-3.023,1548692155198
1,-0.303,0.076,-0.46,-5.534,-5.011,-2.56,1548692155217
1,-0.317,0.082,-0.433,-5.371,-6.805,-3.223,1548692155238
1,-0.399,0.108,-0.463,-5.986,-8.971,-2.889,1548692155258
1,-0.532,0.213,-0.566,-6.042,-5.81,-3.088,1548692155278
1,-0.504,0.222,-0.621,-5.748,-6.052,-2.482,1548692155298
1,-0.555,0.168,-0.63,-5.936,-6.034,-3.038,1548692155318
1,-0.435,0.176,-0.682,-5.512,-9.653,-2.612,1548692155337
1,-0.498,0.176,-0.551,-5.978,-7.771,-4.866,1548692155358
1,-0.705,0.371,-0.55,-5.355,-7.414,-4.185,1548692155377
2,-0.672,0.4,-0.554,-5.826,-6.93,-3.005,1548692155397
2,-0.72,0.414,-0.507,-5.649,-7.388,-4.375,1548692155418
2,-0.527,0.294,-0.558,-5.262,-10.253,-4.467,1548692155437
2,-0.504,0.272,-0.562,-5.034,-8.96,-4.834,1548692155457
2,-0.488,0.288,-0.491,-5.047,-9.125,-5.661,1548692155477
2,-0.567,0.26,-0.507,-5.175,-8.089,-5.695,1548692155497
2,-0.467,0.239,-0.451,-5.693,-7.858,-5.404,1548692155517
2,-0.358,0.103,-0.369,-5.162,-9.091,-5.411,1548692155538
2,-0.432,0.093,-0.499,-4.929,-8.515,-5.471,1548692155557
2,-0.559,0.034,-0.382,-4.96,-9.459,-6.271,1548692155578
2,-0.545,0.02,-0.352,-5.493,-8.627,-5.17,1548692155598
2,-0.311,0.11,-0.429,-5.919,-8.038,-5.002,1548692155618
2,-0.285,0.067,-0.48,-5.738,-7.673,-4.426,1548692155638
3,-0.468,0.047,-0.411,-5.799,-8.656,-6.861,1548692155657
3,-0.757,0.018,-0.385,-4.474,-9.949,-7.9,1548692155677
3,-0.723,-0.208,-0.385,-5.216,-7.327,-6.308,1548692155697
3,-0.436,-0.033,-0.351,-5.456,-7.68,-5.792,1548692155718
3,-0.506,-0.13,-0.359,-5.466,-7.826,-4.796,1548692155737
3,-0.844,-0.125,-0.358,-5.285,-8.745,-7.32,1548692155758
3,-1.028,-0.227,-0.385,-4.27,-7.545,-6.696,1548692155777
3,-0.762,-0.332,-0.418,-4.259,-7.798,-6.697,1548692155797
3,-0.769,-0.302,-0.438,-4.288,-7.612,-6.715,1548692155818
3,-0.725,-0.34,-0.421,-3.863,-7.918,-7.014,1548692155838
3,-0.81,-0.396,-0.398,-3.959,-7.925,-7.431,1548692155857
3,-0.84,-0.374,-0.362,-3.485,-8.471,-6.91,1548692155877
3,-0.647,-0.398,-0.332,-3.547,-7.461,-6.87,1548692155897
4,-0.623,-0.398,-0.28,-3.35,-7.614,-6.287,1548692155917
4,-0.812,-0.358,-0.29,-3.753,-7.104,-7.646,1548692155938
4,-0.822,-0.364,-0.272,-2.952,-7.158,-7.049,1548692155957
4,-0.743,-0.394,-0.311,-3.228,-7.843,-7.049,1548692155977
4,-0.791,-0.268,-0.297,-3.347,-6.779,-6.661,1548692155997
4,-0.679,-0.317,-0.303,-3.243,-7.298,-6.437,1548692156017
4,-0.741,-0.268,-0.31,-3.404,-7.039,-6.296,1548692156037
4,-0.644,-0.215,-0.284,-3.723,-7.125,-6.524,1548692156057
4,-0.586,-0.137,-0.274,-3.866,-7.185,-6.329,1548692156077
4,-0.373,-0.112,-0.271,-3.578,-6.948,-5.534,1548692156098
4,-0.217,-0.086,-0.277,-3.867,-6.962,-5.282,1548692156117
4,-0.227,0.028,-0.225,-3.967,-7.15,-5.959,1548692156137
4,-0.165,0.059,-0.197,-3.628,-6.991,-6.641,1548692156158
4,-0.035,0.01,-0.204,-3.351,-7.08,-6.748,1548692156177
4,0.032,0.027,-0.218,-3.064,-7.536,-7.244,1548692156197
5,0.083,0.0,-0.182,-2.987,-6.803,-7.069,1548692156216
5,0.243,-0.036,-0.215,-2.959,-6.792,-7.952,1548692156237
5,0.185,-0.1,-0.245,-2.856,-7.062,-7.569,1548692156257
5,0.124,-0.127,-0.277,-3.437,-7.231,-6.675,1548692156277
5,0.202,-0.14,-0.279,-3.696,-6.717,-6.624,1548692156297
5,0.265,-0.163,-0.318,-4.057,-6.751,-7.201,1548692156317
5,0.246,-0.196,-0.351,-3.723,-6.779,-6.906,1548692156337
5,0.256,-0.23,-0.367,-3.571,-6.791,-6.919,1548692156357
5,0.283,-0.252,-0.381,-3.841,-7.267,-6.753,1548692156377
5,0.247,-0.24,-0.396,-3.988,-7.042,-7.295,1548692156397
5,0.209,-0.247,-0.382,-2.869,-7.116,-7.213,1548692156417
5,0.225,-0.318,-0.353,-3.062,-7.313,-6.441,1548692156438
5,0.136,-0.229,-0.33,-3.902,-7.887,-6.665,1548692156457
5,0.137,-0.224,-0.317,-3.095,-7.636,-6.475,1548692156477
6,0.29,-0.308,-0.28,-2.944,-7.12,-6.997,1548692156497
6,0.228,-0.267,-0.24,-3.452,-7.899,-6.855,1548692156517
6,0.076,-0.216,-0.235,-3.075,-8.164,-6.059,1548692156537
6,0.081,-0.27,-0.197,-2.583,-8.502,-6.468,1548692156557
6,0.251,-0.289,-0.139,-3.075,-8.615,-6.05,1548692156576
6,0.39,-0.217,-0.109,-2.834,-8.046,-5.781,1548692156597
6,0.338,-0.218,-0.048,-2.606,-8.509,-5.989,1548692156616
6,0.194,-0.193,0.027,-2.864,-8.659,-6.208,1548692156636
6,0.208,-0.191,0.088,-2.939,-7.976,-5.393,1548692156657
6,0.311,-0.192,0.086,-2.993,-7.442,-5.135,1548692156677
6,0.253,-0.197,0.065,-3.238,-7.859,-5.153,1548692156697
7,0.011,-0.141,0.03,-3.377,-7.917,-6.099,1548692156717
7,0.045,-0.138,0.0,-3.531,-8.577,-6.014,1548692156737
7,0.181,-0.189,0.034,-3.495,-7.245,-5.948,1548692156757
7,0.359,-0.24,0.013,-3.553,-7.757,-5.176,1548692156777
7,0.187,-0.192,-0.015,-3.65,-7.036,-5.637,1548692156796
7,0.049,-0.198,-0.022,-3.896,-8.205,-6.179,1548692156816
7,-0.002,-0.207,-0.045,-3.629,-7.995,-5.927,1548692156836
7,0.159,-0.288,-0.073,-3.481,-7.731,-5.599,1548692156856
7,0.206,-0.289,-0.057,-3.778,-7.921,-5.257,1548692156876
7,0.136,-0.254,-0.066,-3.608,-8.089,-5.48,1548692156896
7,0.136,-0.268,-0.044,-3.377,-7.814,-5.218,1548692156917
7,0.169,-0.239,-0.028,-3.888,-8.334,-5.23,1548692156936
7,0.097,-0.203,-0.063,-3.654,-8.293,-5.128,1548692156956
8,0.197,-0.244,-0.053,-3.443,-7.968,-5.149,1548692156977
8,0.059,-0.229,-0.025,-3.94,-8.38,-5.071,1548692156996
8,0.031,-0.173,-0.016,-3.854,-8.358,-5.311,1548692157017
8,0.142,-0.194,0.0,-3.885,-7.967,-4.726,1548692157037
8,0.214,-0.176,0.008,-3.821,-7.94,-4.91,1548692157056
8,0.012,-0.149,0.023,-3.798,-8.482,-5.105,1548692157077
8,-0.048,-0.139,0.022,-4.117,-8.147,-4.95,1548692157096
8,0.076,-0.145,0.01,-4.082,-8.042,-4.426,1548692157116
8,0.163,-0.134,-0.011,-3.59,-8.163,-4.704,1548692157136
8,0.175,-0.141,-0.013,-3.905,-8.17,-5.304,1548692157157
8,0.079,-0.085,-0.008,-3.756,-8.117,-4.872,1548692157176
8,0.026,-0.077,-0.002,-3.634,-8.296,-4.838,1548692157196
9,-0.037,-0.048,0.016,-3.853,-8.507,-4.819,1548692157217
9,-0.049,-0.021,0.012,-3.916,-8.437,-4.932,1548692157236
9,0.08,-0.064,-0.021,-3.8,-8.327,-4.913,1548692157256
9,0.205,-0.089,-0.044,-3.933,-7.963,-4.678,1548692157277
9,0.221,-0.085,-0.06,-4.045,-8.569,-4.67,1548692157297
9,0.119,-0.068,-0.096,-4.002,-8.324,-4.978,1548692157317
9,0.157,-0.103,-0.119,-3.938,-8.222,-4.735,1548692157337
9,0.154,-0.101,-0.136,-4.141,-8.363,-4.604,1548692157356
9,0.145,-0.09,-0.156,-4.141,-8.212,-4.644,1548692157376
9,0.174,-0.112,-0.173,-3.997,-8.362,-4.464,1548692157396
9,0.149,-0.104,-0.167,-3.89,-8.126,-4.93,1548692157416
9,0.1,-0.08,-0.148,-3.732,-8.09,-4.765,1548692157436
10,0.042,-0.041,-0.118,-3.92,-8.507,-4.665,1548692157456
10,-0.009,-0.022,-0.107,-3.77,-8.493,-4.473,1548692157476
10,0.015,-0.062,-0.098,-3.727,-8.366,-4.627,1548692157496
10,0.007,-0.069,-0.088,-3.741,-8.286,-4.678,1548692157516
10,0.033,-0.054,-0.08,-3.853,-8.378,-4.447,1548692157537
10,0.028,-0.041,-0.08,-4.13,-8.388,-4.696,1548692157557
10,0.084,-0.042,-0.093,-3.922,-8.393,-4.12,1548692157576
10,0.123,-0.073,-0.099,-3.941,-8.756,-4.26,1548692157597
10,0.095,-0.071,-0.094,-3.856,-8.634,-4.149,1548692157617
10,0.077,-0.071,-0.104,-3.651,-8.703,-4.283,1548692157636
10,0.088,-0.069,-0.109,-3.678,-8.446,-4.37,1548692157656
10,0.07,-0.043,-0.097,-3.66,-8.597,-4.178,1548692157676
10,0.069,-0.036,-0.094,-3.735,-8.769,-4.445,1548692157696
11,0.11,-0.03,-0.095,-3.657,-8.657,-4.332,1548692157716
11,0.184,-0.052,-0.09,-3.575,-8.697,-4.077,1548692157736
11,0.206,-0.052,-0.092,-3.65,-8.918,-4.179,1548692157756
11,0.235,-0.046,-0.1,-3.731,-8.845,-4.235,1548692157776
11,0.332,-0.061,-0.125,-3.665,-8.364,-4.247,1548692157796
11,0.439,-0.1,-0.136,-3.61,-8.745,-4.151,1548692157816
11,0.337,-0.082,-0.136,-3.735,-8.956,-3.874,1548692157836
11,0.239,-0.044,-0.128,-3.667,-9.375,-3.812,1548692157856
11,0.33,-0.056,-0.157,-3.343,-9.491,-3.538,1548692157876
11,0.617,-0.092,-0.203,-3.766,-7.823,-4.213,1548692157896
11,0.802,-0.146,-0.403,-3.919,-9.344,-2.583,1548692157916
11,0.235,-0.052,-0.25,-3.231,-9.53,-3.561,1548692157935
11,0.341,-0.088,-0.234,-3.489,-8.963,-3.125,1548692157955
12,0.422,-0.11,-0.294,-3.184,-9.759,-3.259,1548692157976
12,0.426,-0.073,-0.249,-3.306,-9.473,-3.695,1548692157996
12,0.525,-0.036,-0.211,-3.314,-9.935,-3.105,1548692158015
12,0.433,0.005,-0.104,-3.07,-10.051,-2.837,1548692158036
12,0.444,0.037,-0.028,-3.038,-9.653,-3.113,1548692158056
12,0.442,0.036,0.01,-3.351,-8.897,-2.968,1548692158076
12,0.292,0.03,-0.018,-2.806,-9.169,-3.345,1548692158096
12,0.239,-0.035,-0.063,-2.997,-9.657,-3.369,1548692158115
12,0.423,-0.015,-0.133,-3.277,-9.261,-2.362,1548692158135
12,0.516,-0.073,-0.157,-3.225,-10.099,-2.448,1548692158156
12,0.512,-0.041,-0.156,-3.516,-9.542,-3.182,1548692158176
12,0.725,-0.052,-0.171,-3.423,-9.21,-2.807,1548692158196
13,0.726,-0.146,-0.185,-3.22,-9.633,-2.017,1548692158216
13,0.374,-0.176,-0.1,-2.944,-10.08,-2.11,1548692158235
13,0.161,-0.146,-0.041,-3.11,-9.55,-2.117,1548692158255
13,0.274,-0.082,-0.057,-3.056,-9.35,-2.153,1548692158276
13,0.37,-0.106,-0.085,-2.968,-9.372,-2.26,1548692158295
13,0.454,-0.095,-0.131,-3.371,-9.594,-2.62,1548692158316
13,0.471,-0.084,-0.14,-3.094,-10.352,-2.493,1548692158335
13,0.644,-0.158,-0.154,-3.425,-10.251,-1.982,1548692158355
13,0.968,-0.11,-0.163,-3.109,-9.185,-1.475,1548692158376
13,1.006,-0.149,-0.15,-2.896,-9.106,-1.486,1548692158396
13,0.57,-0.117,-0.121,-2.988,-9.364,-2.113,1548692158415
13,0.149,-0.121,-0.081,-3.096,-9.51,-1.953,1548692158435
14,0.253,-0.069,-0.105,-3.218,-9.372,-1.548,1548692158455
14,0.474,-0.029,-0.143,-3.138,-9.744,-1.39,1548692158476
14,0.447,-0.037,-0.171,-3.087,-9.329,-1.3,1548692158495
14,0.314,-0.06,-0.187,-2.925,-9.306,-1.34,1548692158515
14,0.097,-0.069,-0.152,-2.838,-9.897,-1.433,1548692158535
14,-0.012,-0.058,-0.129,-2.771,-9.892,-1.252,1548692158555
14,0.022,-0.053,-0.108,-2.645,-9.874,-1.193,1548692158575
14,0.113,-0.036,-0.088,-2.643,-9.871,-1.209,1548692158596
14,0.086,-0.049,-0.076,-2.639,-9.867,-1.436,1548692158615
14,-0.004,-0.059,-0.078,-2.956,-9.905,-1.036,1548692158636
14,0.024,0.0,-0.076,-2.875,-10.055,-1.243,1548692158655
14,0.205,0.0,-0.08,-2.557,-9.574,-0.992,1548692158676
15,0.351,-0.03,-0.066,-3.022,-9.252,-0.511,1548692158695
15,0.254,0.004,-0.095,-2.993,-9.335,-0.862,1548692158716
15,0.042,-0.01,-0.104,-2.715,-9.97,-1.452,1548692158735
15,-0.128,-0.024,-0.069,-2.665,-9.922,-1.585,1548692158756
15,-0.041,-0.024,-0.061,-2.28,-10.172,-1.268,1548692158776
15,-0.024,-0.044,-0.042,-2.126,-10.475,-0.805,1548692158796
15,0.009,-0.01,-0.024,-2.338,-10.137,-0.545,1548692158815
15,0.079,0.043,0.0,-2.414,-9.886,-0.801,1548692158835
15,0.091,0.053,0.022,-2.288,-9.798,-0.989,1548692158855
15,0.095,0.042,0.03,-2.399,-10.111,-1.04,1548692158875
15,0.073,0.032,0.046,-2.471,-9.922,-0.618,1548692158895
15,0.079,0.005,0.052,-2.438,-9.525,-0.646,1548692158916
16,0.033,-0.02,0.039,-2.761,-9.795,-1.081,1548692158936
16,-0.038,0.001,0.02,-2.609,-9.888,-0.696,1548692158955
16,0.043,0.004,0.003,-2.95,-9.998,-0.778,1548692158976
16,0.089,0.06,0.001,-3.34,-9.723,-0.966,1548692158995
16,0.164,0.043,-0.004,-2.975,-9.521,-1.008,1548692159015
16,0.143,-0.021,-0.014,-2.863,-9.721,-1.06,1548692159036
16,0.052,-0.031,-0.03,-2.793,-10.014,-0.933,1548692159055
16,0.004,-0.023,-0.047,-2.633,-9.798,-0.736,1548692159075
16,0.028,-0.012,-0.046,-2.561,-9.694,-0.703,1548692159095
16,0.027,-0.004,-0.038,-2.395,-9.765,-0.808,1548692159115
16,-0.003,0.003,-0.027,-2.286,-9.985,-0.868,1548692159135
16,-0.02,0.006,-0.028,-2.398,-10.133,-0.686,1548692159155
16,0.003,0.002,-0.029,-2.401,-10.145,-0.827,1548692159175
17,0.033,-0.027,-0.016,-2.634,-10.124,-1.071,1548692159195
17,0.087,-0.02,-0.007,-2.834,-9.915,-1.045,1548692159215
17,0.079,-0.035,-0.001,-2.784,-9.608,-0.801,1548692159235
17,0.048,-0.06,0.001,-2.876,-9.672,-0.632,1548692159255
17,-0.04,-0.093,-0.002,-2.796,-10.007,-0.391,1548692159275
17,-0.134,-0.102,0.022,-2.77,-9.63,-0.766,1548692159295
17,-0.124,-0.108,0.024,-2.531,-9.513,-0.868,1548692159316
17,-0.126,-0.089,0.021,-2.645,-9.846,-1.154,1548692159335
17,-0.108,-0.032,0.02,-2.569,-9.926,-1.346,1548692159355
17,-0.015,-0.029,0.014,-2.459,-9.44,-0.621,1548692159375
17,-0.001,-0.01,0.004,-2.724,-9.786,-0.616,1548692159395
17,-0.143,0.027,0.014,-2.877,-10.115,-0.846,1548692159415
18,-0.112,0.043,0.009,-2.609,-10.065,-0.934,1548692159435
18,-0.006,0.023,0.004,-2.584,-9.921,-0.855,1548692159455
18,0.066,0.03,0.002,-2.889,-10.074,-0.77,1548692159475
18,0.026,0.035,0.001,-2.6,-9.836,-0.975,1548692159494
18,-0.057,-0.024,0.017,-2.528,-9.664,-1.012,1548692159515
18,-0.072,-0.016,0.017,-2.672,-9.946,-0.855,1548692159534
18,-0.067,-0.006,0.001,-2.77,-10.093,-0.597,1548692159554
18,-0.107,-0.04,0.023,-2.684,-10.208,-1.178,1548692159575
18,-0.141,-0.06,0.059,-2.521,-9.755,-1.249,1548692159594
18,-0.043,-0.071,0.032,-2.568,-9.663,-1.124,1548692159615
18,0.028,0.006,0.006,-2.826,-9.933,-0.684,1548692159635
18,0.053,0.018,-0.01,-2.966,-10.055,-0.628,1548692159654
18,0.061,0.024,-0.009,-2.586,-9.933,-1.147,1548692159675
18,0.131,-0.018,0.007,-2.594,-9.551,-1.205,1548692159695
18,0.096,0.004,-0.013,-2.639,-9.729,-1.16,1548692159714
18,0.003,-0.012,-0.007,-2.725,-9.78,-0.751,1548692159734
19,-0.065,-0.027,-0.003,-2.69,-9.938,-0.645,1548692159755
19,-0.144,-0.044,0.01,-2.672,-10.008,-0.896,1548692159775
19,-0.096,-0.005,0.016,-2.657,-9.713,-1.024,1548692159795
19,-0.01,0.002,0.01,-2.733,-9.761,-0.998,1548692159814
19,-0.029,0.03,0.005,-2.983,-9.893,-0.864,1548692159834
19,-0.026,0.048,0.005,-2.702,-9.905,-0.953,1548692159854
19,0.022,0.02,0.011,-2.657,-9.915,-1.102,1548692159875
19,0.049,0.011,0.008,-2.574,-9.92,-1.017,1548692159895
19,0.02,0.005,0.014,-2.726,-9.766,-0.941,1548692159914
19,-0.01,0.012,0.018,-2.784,-9.898,-0.859,1548692159934
19,-0.012,0.019,0.012,-2.746,-9.808,-1.05,1548692159954
19,-0.005,0.017,0.009,-2.651,-9.444,-1.129,1548692159975
20,-0.015,0.028,0.01,-2.513,-9.335,-1.281,1548692159995
20,-0.166,0.034,0.021,-2.438,-9.878,-1.266,1548692160014
20,-0.252,0.054,0.013,-2.409,-10.024,-0.797,1548692160034
20,-0.025,0.075,-0.022,-2.624,-9.162,-1.059,1548692160054
20,0.022,0.074,-0.058,-2.689,-8.557,-1.13,1548692160074
20,-0.285,0.079,-0.098,-3.139,-9.557,-1.723,1548692160094
20,-0.712,0.151,-0.045,-2.963,-9.388,-1.751,1548692160114
20,-0.763,0.127,-0.025,-1.956,-9.638,-0.488,1548692160134
20,-1.729,0.24,0.107,-2.974,-11.73,-3.493,1548692160155
20,-2.182,0.505,0.461,-2.887,-10.296,-2.932,1548692160175
20,-1.649,0.376,0.449,-2.919,-9.84,-3.501,1548692160194
20,-1.467,0.262,0.408,-3.277,-8.996,-3.958,1548692160214
21,-0.325,0.028,0.1,-2.77,-8.205,-3.196,1548692160235
21,-0.475,-0.208,-0.017,-3.545,-9.847,-4.697,1548692160254
21,-0.473,-0.177,-0.074,-3.469,-9.961,-3.96,1548692160274
21,-0.228,-0.269,-0.025,-3.365,-9.37,-2.994,1548692160294
21,-0.073,-0.183,0.022,-3.326,-8.837,-1.399,1548692160314
21,-0.253,0.015,0.106,-3.308,-8.668,-2.425,1548692160334
21,-0.624,0.103,0.187,-3.104,-8.694,-3.07,1548692160354
21,-0.915,0.093,0.166,-2.581,-9.617,-3.772,1548692160374
21,-0.899,0.0,0.08,-2.205,-10.614,-2.217,1548692160394
21,-0.671,-0.067,0.085,-2.672,-10.702,-2.561,1548692160415
21,-0.214,-0.026,0.099,-3.188,-10.132,-3.972,1548692160434
21,0.243,0.005,0.055,-3.074,-9.189,-4.929,1548692160454
22,0.412,-0.06,0.07,-2.802,-7.911,-3.221,1548692160474
22,0.225,-0.113,0.092,-3.15,-7.515,-2.541,1548692160494
22,-0.412,-0.037,0.036,-3.288,-8.18,-3.217,1548692160514
22,-1.238,-0.066,0.066,-2.421,-10.393,-3.226,1548692160535
22,-1.257,-0.104,0.134,-2.624,-10.036,-3.681,1548692160554
22,-0.527,-0.066,0.151,-2.452,-8.953,-4.544,1548692160574
22,-0.068,-0.124,0.122,-1.48,-9.279,-4.016,1548692160593
22,-0.524,-0.129,0.149,-2.268,-10.312,-4.627,1548692160614
22,-0.918,-0.089,0.132,-2.627,-10.367,-4.221,1548692160634
22,-0.686,-0.13,0.125,-2.671,-9.034,-4.333,1548692160654
22,-0.344,-0.148,0.159,-2.975,-9.297,-4.773,1548692160674
22,-0.325,-0.147,0.153,-3.122,-9.397,-4.642,1548692160694
22,-0.359,-0.173,0.142,-3.41,-8.976,-4.76,1548692160714
22,-0.341,-0.212,0.148,-3.328,-9.128,-4.432,1548692160734
22,-0.354,-0.255,0.098,-3.491,-9.447,-4.942,1548692160754
22,-0.273,-0.264,0.083,-3.315,-8.703,-4.835,1548692160774
23,-0.148,-0.266,0.091,-3.152,-8.604,-3.903,1548692160794
23,-0.15,-0.222,0.098,-2.688,-9.429,-5.038,1548692160814
23,-0.347,-0.244,0.125,-2.831,-8.718,-5.71,1548692160835
23,-0.26,-0.262,0.135,-3.564,-8.7,-3.355,1548692160855
23,-0.099,-0.171,0.106,-2.93,-9.932,-4.782,1548692160874
23,-0.161,-0.263,0.176,-4.201,-8.326,-4.905,1548692160894
23,-0.176,-0.132,0.201,-2.844,-8.947,-5.36,1548692160914
23,-0.113,-0.28,0.183,-3.82,-9.327,-4.845,1548692160933
23,-0.289,-0.176,0.172,-4.378,-8.238,-4.789,1548692160954
23,-0.31,-0.238,0.206,-4.361,-8.525,-5.286,1548692160973
23,-0.245,-0.265,0.17,-4.496,-8.708,-4.79,1548692160994
23,-0.15,-0.257,0.157,-4.654,-7.777,-5.004,1548692161013
23,-0.062,-0.257,0.181,-5.074,-7.921,-4.503,1548692161033
24,-0.191,-0.217,0.18,-5.056,-8.556,-5.085,1548692161054
24,-0.277,-0.23,0.215,-4.991,-7.959,-5.163,1548692161074
24,-0.181,-0.254,0.259,-4.998,-8.149,-4.885,1548692161093
24,-0.152,-0.233,0.278,-5.1,-8.316,-4.663,1548692161114
24,-0.066,-0.198,0.345,-4.791,-8.628,-4.633,1548692161133
24,-0.123,-0.162,0.441,-4.772,-8.858,-5.297,1548692161154
24,-0.13,-0.107,0.538,-4.914,-7.775,-5.635,1548692161174
24,-0.062,-0.103,0.624,-4.557,-8.48,-4.576,1548692161194
24,-0.05,-0.118,0.62,-4.972,-9.09,-4.892,1548692161213
24,0.123,-0.143,0.631,-4.748,-9.139,-4.83,1548692161234
24,0.334,-0.201,0.636,-4.712,-8.215,-4.253,1548692161254
24,0.337,-0.221,0.662,-4.648,-7.613,-4.592,1548692161274
25,0.201,-0.237,0.647,-4.937,-8.502,-4.867,1548692161294
25,0.333,-0.273,0.599,-4.875,-6.854,-4.861,1548692161314
25,0.543,-0.307,0.578,-5.337,-6.823,-4.733,1548692161334
25,0.32,-0.262,0.514,-6.646,-6.332,-4.556,1548692161354
25,0.127,-0.218,0.506,-6.63,-5.953,-4.8,1548692161374
25,-0.017,-0.268,0.46,-5.894,-6.28,-4.685,1548692161394
25,0.05,-0.302,0.398,-5.854,-6.544,-4.838,1548692161414
25,0.005,-0.231,0.374,-5.755,-6.168,-4.597,1548692161433
25,0.111,-0.216,0.37,-5.796,-6.152,-4.154,1548692161454
25,0.241,-0.145,0.364,-5.997,-5.134,-4.928,1548692161474
26,0.422,-0.086,0.401,-6.194,-5.165,-4.54,1548692161494
26,0.481,-0.038,0.329,-6.6,-5.595,-4.938,1548692161514
26,0.341,-0.045,0.305,-6.013,-5.291,-4.135,1548692161533
26,0.269,-0.084,0.239,-5.84,-5.766,-4.076,1548692161553
26,0.194,-0.035,0.171,-5.947,-5.149,-4.671,1548692161574
26,0.086,0.023,0.123,-5.791,-4.999,-4.288,1548692161593
26,-0.081,0.067,0.014,-6.214,-5.906,-4.698,1548692161614
26,-0.171,0.116,-0.07,-5.797,-5.591,-4.234,1548692161633
26,-0.057,0.096,-0.131,-5.865,-5.437,-4.604,1548692161653
26,-0.064,0.134,-0.191,-6.454,-6.182,-5.082,1548692161674
26,-0.044,0.122,-0.229,-6.638,-5.966,-4.582,1548692161693
26,0.0,0.083,-0.233,-6.164,-6.05,-4.836,1548692161713
26,0.038,0.041,-0.265,-6.044,-6.944,-4.926,1548692161733
27,0.128,0.027,-0.254,-6.333,-6.759,-4.913,1548692161753
27,0.201,0.023,-0.197,-6.255,-6.384,-4.54,1548692161773
27,0.105,0.008,-0.161,-6.337,-6.634,-4.619,1548692161793
27,0.103,0.018,-0.135,-6.241,-6.83,-4.889,1548692161813
27,0.131,0.05,-0.1,-6.251,-6.618,-4.653,1548692161833
27,0.166,0.089,-0.046,-6.329,-6.77,-4.052,1548692161853
27,0.01,0.127,-0.009,-6.43,-7.508,-3.334,1548692161873
27,0.162,0.138,0.027,-6.225,-6.912,-4.481,1548692161893
27,0.422,0.152,0.041,-6.393,-7.758,-5.197,1548692161913
27,0.432,0.104,0.018,-6.563,-7.223,-3.683,1548692161934
27,0.125,0.161,0.037,-6.339,-7.035,-3.061,1548692161953
27,0.119,0.142,0.029,-6.322,-7.438,-3.815,1548692161973
27,0.121,0.154,0.004,-6.699,-6.878,-4.15,1548692161994
28,0.166,0.178,-0.022,-6.739,-7.736,-4.059,1548692162013
28,0.132,0.142,-0.085,-6.725,-7.937,-3.14,1548692162033
28,0.164,0.052,-0.106,-6.53,-7.033,-2.487,1548692162053
28,0.066,0.06,-0.142,-6.904,-7.299,-4.519,1548692162074
28,0.0,0.055,-0.186,-6.558,-8.108,-3.557,1548692162093
28,0.098,-0.009,-0.215,-6.411,-7.874,-3.077,1548692162113
28,0.259,-0.071,-0.213,-6.467,-8.114,-3.393,1548692162133
28,0.275,-0.084,-0.222,-6.318,-7.776,-3.207,1548692162153
28,0.163,-0.064,-0.193,-6.617,-7.714,-3.851,1548692162173
28,0.164,-0.057,-0.194,-6.536,-8.112,-3.101,1548692162193
28,0.257,-0.073,-0.185,-6.579,-7.934,-3.163,1548692162213
28,0.27,-0.075,-0.147,-6.311,-7.586,-2.65,1548692162233
28,0.05,-0.103,-0.125,-6.118,-7.701,-3.226,1548692162253
29,-0.056,-0.12,-0.141,-5.122,-8.197,-3.802,1548692162273
29,0.006,-0.288,-0.193,-5.686,-8.868,-3.801,1548692162293
29,0.171,-0.325,-0.16,-5.961,-7.324,-2.162,1548692162313
29,0.372,-0.42,-0.107,-6.273,-6.321,-2.468,1548692162333
29,0.049,-0.385,-0.13,-6.491,-7.183,-3.468,1548692162353
29,-0.39,-0.315,-0.127,-6.0,-7.964,-3.355,1548692162373
29,-0.374,-0.321,-0.147,-5.841,-7.137,-3.206,1548692162394
29,-0.663,-0.312,-0.096,-5.651,-8.132,-2.243,1548692162413
29,-0.859,-0.193,-0.112,-5.523,-8.474,-3.677,1548692162433
29,-0.196,-0.385,-0.077,-5.66,-7.626,-3.551,1548692162453
29,0.124,-0.392,-0.049,-5.43,-8.196,-2.147,1548692162472
29,0.036,-0.337,-0.009,-5.673,-8.312,-2.901,1548692162493
29,0.034,-0.271,0.063,-5.155,-7.555,-3.139,1548692162513
29,0.218,-0.166,0.125,-5.048,-7.366,-2.137,1548692162533
29,0.23,-0.051,0.162,-5.104,-7.548,-2.168,1548692162553
29,0.204,-0.04,0.142,-5.216,-7.648,-1.707,1548692162573
30,0.009,0.064,0.151,-5.496,-7.429,-1.571,1548692162593
30,-0.021,0.205,0.147,-5.4,-7.558,-0.96,1548692162613
30,0.261,0.23,0.126,-5.606,-7.183,-1.557,1548692162632
30,0.295,0.248,0.077,-5.584,-6.956,-2.241,1548692162653
30,0.023,0.284,-0.012,-5.91,-7.788,-1.768,1548692162673
30,0.168,0.265,-0.044,-5.693,-8.331,-1.627,1548692162693
30,0.45,0.064,-0.158,-5.523,-7.626,-1.682,1548692162713
30,0.701,-0.067,-0.251,-4.716,-7.383,-2.931,1548692162733
30,0.729,-0.108,-0.28,-4.521,-8.059,-2.846,1548692162753
30,0.585,0.018,-0.26,-5.089,-7.621,-2.291,1548692162772
30,0.468,0.128,-0.254,-4.758,-7.928,-2.743,1548692162793
30,0.316,0.221,-0.272,-4.554,-8.769,-3.383,1548692162813
31,0.216,0.308,-0.279,-4.765,-8.04,-3.445,1548692162833
31,0.225,0.312,-0.298,-4.78,-8.109,-2.923,1548692162853
31,0.21,0.246,-0.317,-5.259,-9.176,-1.452,1548692162873
31,0.128,0.36,-0.22,-4.72,-8.453,-3.644,1548692162893
31,0.363,0.235,-0.141,-4.435,-8.662,-3.85,1548692162912
31,0.359,0.109,-0.21,-4.357,-8.706,-3.432,1548692162932
31,0.256,0.032,-0.249,-4.503,-8.878,-2.561,1548692162953
31,0.107,0.001,-0.288,-4.878,-8.904,-2.636,1548692162973
31,0.083,-0.024,-0.298,-5.012,-9.46,-4.012,1548692162993
31,0.072,-0.072,-0.293,-4.773,-9.348,-3.457,1548692163013
31,0.081,-0.08,-0.254,-5.225,-9.974,-1.502,1548692163033
32,-0.121,0.059,-0.211,-4.968,-8.315,-1.122,1548692163053
32,0.005,0.072,-0.154,-4.711,-8.04,-4.005,1548692163073
32,-0.042,-0.075,-0.163,-4.841,-9.517,-2.239,1548692163093
32,-0.333,0.114,-0.108,-5.432,-9.357,-1.363,1548692163112
32,-0.28,0.213,-0.041,-5.306,-10.298,-1.346,1548692163132
32,-0.142,0.18,-0.042,-4.958,-9.156,-2.41,1548692163152
32,0.084,0.064,-0.041,-5.017,-8.932,-2.965,1548692163173
32,0.017,0.102,-0.074,-4.878,-9.247,-1.734,1548692163193
32,0.051,0.167,-0.091,-4.904,-9.66,-0.991,1548692163212
32,0.059,0.202,-0.101,-4.609,-8.921,-1.894,1548692163232
32,0.158,0.214,-0.11,-4.151,-9.5,-2.563,1548692163252
32,0.28,0.265,-0.13,-4.04,-9.206,-1.925,1548692163273
32,0.503,0.329,-0.118,-4.032,-8.902,-1.825,1548692163292
32,0.366,0.34,-0.099,-3.93,-9.292,-2.372,1548692163313
33,0.251,0.318,-0.095,-3.828,-8.601,-3.543,1548692163332
33,0.37,0.271,-0.076,-3.847,-8.741,-2.826,1548692163353
33,0.442,0.288,-0.072,-3.801,-9.445,-2.493,1548692163372
33,0.439,0.262,-0.058,-4.04,-9.257,-3.44,1548692163392
33,0.435,0.283,-0.012,-3.227,-8.334,-2.267,1548692163412
33,0.27,0.37,0.027,-3.8,-9.708,-3.164,1548692163432
33,0.306,0.413,0.071,-4.87,-9.133,-2.448,1548692163452
33,0.255,0.413,0.073,-3.489,-9.004,-3.644,1548692163472
33,0.213,0.376,0.053,-4.019,-8.915,-2.785,1548692163492
33,0.26,0.402,0.069,-4.489,-8.982,-2.424,1548692163513
33,0.131,0.347,0.057,-4.071,-9.253,-2.938,1548692163532
33,0.135,0.27,0.047,-3.689,-8.94,-2.904,1548692163552
33,0.042,0.255,0.022,-3.573,-9.228,-2.192,1548692163572
34,0.022,0.271,0.017,-3.666,-9.164,-2.191,1548692163593
34,0.096,0.247,0.001,-3.359,-9.286,-2.043,1548692163613
34,0.028,0.231,-0.013,-3.723,-8.984,-2.673,1548692163632
34,0.071,0.312,-0.009,-3.296,-9.222,-3.236,1548692163652
34,0.142,0.339,-0.016,-3.579,-9.317,-1.434,1548692163672
34,0.091,0.335,-0.031,-4.05,-9.63,-1.577,1548692163692
34,-0.026,0.289,-0.028,-3.995,-8.882,-2.541,1548692163712
34,-0.1,0.233,-0.049,-4.002,-9.348,-2.332,1548692163732
34,-0.024,0.182,-0.058,-4.074,-9.557,-1.465,1548692163752
34,0.051,0.14,-0.076,-4.21,-8.953,-2.675,1548692163773
34,0.235,0.131,-0.033,-3.614,-9.194,-2.197,1548692163792
34,0.12,0.127,-0.001,-3.952,-9.358,-2.005,1548692163812
34,0.068,0.221,0.038,-3.681,-9.97,-2.382,1548692163832
34,0.128,0.214,0.059,-3.765,-9.104,-2.806,1548692163853
35,0.27,0.201,0.057,-4.055,-9.05,-2.335,1548692163872
35,0.223,0.211,0.03,-4.303,-9.727,-2.486,1548692163892
35,0.155,0.183,0.044,-4.135,-8.61,-2.671,1548692163912
35,0.04,0.116,0.094,-4.08,-9.573,-2.443,1548692163932
35,0.004,0.141,0.092,-4.38,-9.917,-1.255,1548692163953
35,0.208,0.206,0.107,-4.442,-9.222,-2.079,1548692163973
35,0.303,0.247,0.124,-4.398,-8.53,-2.86,1548692163992
35,0.3,0.268,0.119,-4.583,-8.702,-2.126,1548692164012
35,0.233,0.269,0.122,-4.715,-9.542,-1.796,1548692164032
35,0.151,0.244,0.094,-4.396,-9.359,-2.034,1548692164052
36,0.147,0.208,0.075,-4.434,-8.804,-3.024,1548692164072
36,0.248,0.201,0.02,-4.322,-8.798,-2.792,1548692164092
36,0.311,0.154,-0.014,-4.292,-9.064,-1.913,1548692164112
36,0.191,0.138,-0.021,-4.368,-9.27,-2.181,1548692164132
36,0.104,0.149,-0.062,-4.054,-9.214,-2.586,1548692164152
36,0.186,0.1,-0.104,-4.363,-9.188,-2.311,1548692164172
36,0.254,0.108,-0.123,-4.446,-8.965,-2.226,1548692164192
36,0.277,0.077,-0.128,-4.096,-9.081,-1.871,1548692164212
36,0.232,0.045,-0.126,-3.98,-9.226,-2.122,1548692164232
36,0.168,0.05,-0.092,-3.957,-8.593,-2.263,1548692164252
36,0.146,0.066,-0.072,-3.926,-8.802,-2.341,1548692164272
36,0.109,0.045,-0.098,-4.052,-8.857,-1.878,1548692164291
37,0.094,0.08,-0.094,-3.895,-9.229,-2.006,1548692164312
37,0.078,0.095,-0.089,-4.128,-9.27,-1.997,1548692164331
37,0.018,0.136,-0.086,-3.988,-8.802,-2.532,1548692164352
37,-0.019,0.137,-0.073,-3.464,-9.035,-2.657,1548692164372
37,-0.034,0.099,-0.062,-3.935,-9.339,-2.494,1548692164392
37,0.043,0.09,-0.069,-3.721,-9.476,-2.318,1548692164411
37,0.048,0.038,-0.074,-3.92,-9.535,-2.275,1548692164431
37,0.048,0.049,-0.068,-3.866,-9.296,-2.449,1548692164451
37,0.024,0.008,-0.08,-3.647,-9.697,-2.704,1548692164472
37,-0.1,-0.032,-0.102,-3.836,-9.647,-2.237,1548692164492
37,-0.012,-0.061,-0.108,-4.179,-9.134,-2.269,1548692164512
37,0.066,-0.091,-0.091,-4.165,-9.246,-2.301,1548692164532
37,0.009,-0.095,-0.08,-4.096,-9.438,-2.582,1548692164552
37,-0.026,-0.047,-0.074,-3.985,-9.416,-2.314,1548692164572
37,0.025,-0.021,-0.068,-3.877,-9.533,-2.02,1548692164591
38,0.033,0.023,-0.054,-3.979,-9.231,-2.143,1548692164612
38,0.042,0.072,-0.027,-3.939,-9.251,-2.532,1548692164631
38,-0.005,0.119,-0.024,-4.192,-8.715,-2.482,1548692164651
38,-0.092,0.098,0.009,-4.033,-9.663,-2.278,1548692164672
38,-0.119,0.021,-0.006,-3.865,-9.692,-2.187,1548692164691
38,0.003,-0.029,0.004,-4.002,-9.408,-2.369,1548692164712
38,0.024,-0.021,0.013,-4.159,-8.951,-2.699,1548692164732
38,0.027,0.003,0.021,-4.016,-9.128,-2.736,1548692164752
38,0.041,-0.02,0.03,-4.392,-9.297,-2.7,1548692164771
38,0.022,0.012,0.026,-4.166,-9.222,-2.469,1548692164792
38,0.006,-0.006,0.011,-4.191,-9.505,-2.263,1548692164812
39,0.064,0.048,0.007,-4.155,-9.428,-2.253,1548692164832
39,0.074,0.093,-0.009,-4.355,-8.966,-1.968,1548692164851
39,0.026,0.151,-0.005,-4.518,-9.064,-1.945,1548692164872
39,-0.007,0.151,-0.014,-4.398,-8.963,-2.069,1548692164891
39,0.018,0.057,-0.023,-4.095,-9.707,-1.869,1548692164912
39,0.035,0.004,-0.053,-4.313,-9.306,-2.256,1548692164931
39,0.147,-0.022,-0.058,-4.063,-8.847,-1.806,1548692164951
39,0.171,-0.052,-0.094,-3.989,-9.317,-2.254,1548692164972
39,0.138,-0.045,-0.112,-3.848,-8.997,-2.406,1548692164991
39,0.162,-0.05,-0.127,-3.676,-9.098,-2.223,1548692165011
39,0.123,-0.046,-0.138,-3.781,-9.529,-1.674,1548692165032
39,0.029,-0.008,-0.141,-3.9,-9.528,-1.443,1548692165052
39,0.057,0.016,-0.146,-3.585,-9.367,-1.757,1548692165072
40,0.116,0.012,-0.15,-3.785,-9.125,-2.026,1548692165092
40,0.245,0.041,-0.136,-3.772,-8.925,-1.836,1548692165112
40,0.222,0.039,-0.122,-3.675,-9.183,-1.502,1548692165132
40,0.06,0.051,-0.127,-3.689,-9.521,-1.671,1548692165152
40,0.044,0.046,-0.118,-3.607,-9.413,-1.587,1548692165172
40,0.119,0.039,-0.099,-3.534,-9.283,-1.621,1548692165191
40,0.162,0.059,-0.091,-3.531,-9.37,-1.666,1548692165211
40,0.153,0.087,-0.092,-3.553,-9.361,-1.981,1548692165231
40,0.147,0.097,-0.081,-3.49,-9.31,-1.915,1548692165251
40,0.112,0.078,-0.086,-3.473,-9.716,-1.707,1548692165272
40,0.048,0.083,-0.086,-3.3,-9.813,-1.823,1548692165292
40,0.079,0.078,-0.088,-3.376,-9.616,-2.017,1548692165311
41,0.13,0.072,-0.093,-3.32,-9.348,-1.962,1548692165331
41,0.146,0.045,-0.099,-3.44,-9.527,-2.095,1548692165351
41,0.08,0.036,-0.1,-3.444,-9.515,-2.148,1548692165371
41,0.078,0.0,-0.101,-3.384,-9.56,-2.062,1548692165392
41,0.071,-0.039,-0.103,-3.413,-9.452,-2.179,1548692165411
41,0.053,-0.052,-0.101,-3.366,-9.32,-2.019,1548692165431
41,0.03,-0.067,-0.1,-3.476,-9.348,-1.963,1548692165452
41,-0.064,-0.049,-0.099,-3.406,-9.578,-1.976,1548692165471
41,-0.138,-0.038,-0.097,-3.393,-9.644,-2.098,1548692165491
41,-0.14,-0.011,-0.09,-3.428,-9.583,-2.031,1548692165511
41,-0.149,-0.006,-0.087,-3.477,-9.565,-1.892,1548692165531
41,-0.106,-0.034,-0.08,-3.237,-10.072,-1.555,1548692165551
41,-0.13,-0.059,-0.072,-3.306,-9.793,-1.787,1548692165571
42,-0.097,-0.061,-0.056,-3.428,-9.48,-1.961,1548692165591
42,-0.15,-0.073,-0.048,-3.332,-9.414,-2.024,1548692165611
42,-0.154,-0.079,-0.046,-3.089,-9.695,-1.869,1548692165631
42,-0.174,-0.083,-0.038,-3.262,-9.574,-1.929,1548692165651
42,-0.181,-0.059,-0.01,-3.114,-9.602,-1.89,1548692165671
42,-0.199,-0.058,0.005,-3.17,-9.669,-1.945,1548692165691
42,-0.166,-0.029,0.023,-3.264,-9.476,-2.274,1548692165711
42,-0.173,-0.01,0.051,-3.321,-9.785,-2.141,1548692165731
42,-0.229,0.009,0.068,-3.385,-9.848,-2.255,1548692165751
42,-0.125,0.022,0.085,-3.495,-9.522,-1.835,1548692165771
42,-0.059,0.01,0.091,-3.521,-9.835,-1.919,1548692165791
43,-0.096,0.022,0.099,-3.591,-9.566,-2.113,1548692165811
43,-0.068,0.017,0.11,-3.671,-9.574,-2.276,1548692165831
43,-0.016,0.011,0.095,-3.614,-9.25,-2.432,1548692165850
43,0.026,-0.027,0.077,-3.529,-9.539,-2.066,1548692165870
43,-0.011,-0.038,0.057,-3.537,-9.42,-1.923,1548692165890
43,-0.004,-0.029,0.049,-3.54,-9.414,-2.079,1548692165910
43,0.002,-0.032,0.031,-3.521,-9.356,-2.067,1548692165931
43,0.032,-0.037,0.014,-3.51,-9.379,-2.012,1548692165950
43,0.047,-0.019,0.004,-3.353,-9.438,-1.955,1548692165971
43,0.032,-0.021,-0.009,-3.346,-9.306,-1.978,1548692165990
43,0.094,-0.019,-0.013,-3.315,-9.24,-1.953,1548692166011
43,0.102,-0.018,-0.026,-3.206,-9.279,-1.879,1548692166030
43,0.06,-0.013,-0.032,-3.214,-9.617,-1.918,1548692166050
44,0.072,0.0,-0.044,-3.185,-9.578,-1.942,1548692166071
44,0.133,-0.002,-0.048,-3.228,-9.384,-1.843,1548692166091
44,0.141,0.001,-0.053,-3.345,-9.552,-1.431,1548692166111
44,0.1,0.021,-0.062,-3.326,-9.582,-1.417,1548692166130
44,0.081,0.069,-0.059,-3.413,-9.564,-1.886,1548692166150
44,0.105,0.09,-0.05,-3.215,-9.432,-2.147,1548692166171
44,0.139,0.06,-0.084,-3.389,-9.621,-1.625,1548692166190
44,0.06,0.057,-0.107,-3.372,-9.726,-1.66,1548692166210
44,0.065,0.064,-0.107,-3.247,-9.507,-1.613,1548692166230
44,0.105,0.068,-0.11,-3.178,-9.497,-1.537,1548692166250
44,0.122,0.075,-0.13,-3.187,-9.713,-1.919,1548692166271
44,0.173,0.089,-0.142,-3.084,-9.623,-1.922,1548692166291
44,0.191,0.083,-0.132,-3.094,-9.732,-1.85,1548692166311
45,0.154,0.1,-0.171,-3.144,-9.698,-1.821,1548692166331
45,0.258,0.101,-0.182,-3.127,-9.311,-1.567,1548692166351
45,0.358,0.075,-0.207,-3.01,-9.755,-1.233,1548692166371
45,0.272,0.077,-0.193,-3.091,-9.827,-1.791,1548692166390
45,0.228,0.11,-0.157,-2.838,-9.763,-2.006,1548692166411
45,0.2,0.082,-0.151,-2.795,-9.853,-1.837,1548692166431
45,0.191,0.064,-0.128,-2.626,-9.53,-1.306,1548692166450
45,0.184,0.049,-0.115,-2.692,-9.445,-1.192,1548692166470
45,0.094,0.066,-0.124,-2.803,-9.776,-1.682,1548692166490
45,0.038,0.084,-0.133,-2.919,-9.286,-1.859,1548692166511
45,0.332,0.066,-0.178,-2.575,-9.306,-2.301,1548692166530
46,0.33,-0.022,-0.183,-2.734,-9.325,-1.693,1548692166550
46,0.161,-0.059,-0.142,-2.952,-9.228,-1.534,1548692166570
46,0.119,-0.049,-0.172,-2.587,-10.358,-1.434,1548692166590
46,-0.058,-0.072,-0.125,-2.627,-11.213,-1.072,1548692166610
46,-0.144,0.009,-0.027,-2.557,-10.404,-1.825,1548692166631
46,-0.122,0.072,0.07,-2.521,-9.062,-2.001,1548692166650
46,0.056,0.043,0.077,-2.713,-9.11,-1.19,1548692166671
46,-0.04,0.024,0.04,-2.727,-10.012,-1.649,1548692166691
46,-0.074,0.001,0.005,-2.563,-10.241,-1.463,1548692166710
46,-0.005,-0.026,0.041,-2.864,-9.56,-0.892,1548692166730
46,-0.034,0.001,0.076,-3.118,-9.616,-0.787,1548692166750
46,-0.121,0.032,0.043,-2.789,-10.202,-1.043,1548692166770
46,-0.054,0.034,0.016,-2.94,-10.58,-1.141,1548692166790
47,0.042,0.04,0.014,-2.919,-10.424,-1.205,1548692166810
47,0.167,0.018,0.015,-2.711,-9.836,-0.716,1548692166830
47,0.107,0.017,0.024,-2.765,-9.72,-1.328,1548692166850
47,0.016,0.026,-0.005,-2.946,-9.793,-2.034,1548692166870
47,0.062,-0.006,-0.014,-2.721,-9.503,-1.474,1548692166890
47,0.233,-0.076,-0.029,-2.642,-9.87,-1.004,1548692166910
47,0.237,-0.08,-0.069,-2.676,-10.064,-0.843,1548692166930
47,0.194,-0.042,-0.07,-2.766,-9.973,-1.052,1548692166950
47,0.238,0.002,-0.075,-2.813,-9.551,-1.568,1548692166970
47,0.284,0.003,-0.075,-2.711,-9.403,-1.446,1548692166990
47,0.209,-0.036,-0.077,-2.638,-9.611,-0.977,1548692167010
47,0.071,-0.033,-0.085,-2.611,-10.159,-0.936,1548692167030
47,0.046,-0.003,-0.074,-2.695,-9.938,-1.153,1548692167049
47,0.136,0.026,-0.05,-2.811,-9.639,-1.353,1548692167070
48,0.112,0.02,-0.042,-2.774,-9.683,-1.44,1548692167090
48,0.03,-0.026,-0.05,-2.725,-10.016,-1.123,1548692167110
48,-0.021,-0.072,-0.045,-2.657,-10.061,-1.097,1548692167130
48,-0.018,-0.057,-0.014,-2.67,-9.696,-1.191,1548692167150
48,0.021,-0.046,0.009,-2.761,-9.68,-1.181,1548692167170
48,-0.035,-0.036,0.01,-2.847,-9.822,-1.289,1548692167190
48,-0.021,-0.029,0.0,-2.819,-9.922,-1.184,1548692167210
48,0.034,-0.038,-0.003,-2.946,-9.915,-0.786,1548692167230
48,0.057,-0.024,0.03,-2.749,-10.092,-0.32,1548692167250
48,0.052,0.026,0.09,-2.597,-9.79,-1.099,1548692167270
48,0.073,0.068,0.065,-2.893,-9.658,-1.262,1548692167290
48,0.127,0.079,0.153,-2.644,-9.885,-0.922,1548692167310
48,0.142,0.073,0.16,-2.459,-9.852,-0.658,1548692167331
48,0.14,0.113,0.15,-3.066,-9.789,0.172,1548692167351
49,0.064,0.144,0.159,-2.793,-9.949,-0.433,1548692167369
49,0.018,0.128,0.11,-2.625,-9.559,-1.363,1548692167389
49,0.097,0.128,0.133,-2.774,-10.051,-2.231,1548692167409
49,0.021,0.017,0.166,-2.626,-9.686,-1.122,1548692167430
49,-0.084,-0.01,0.184,-2.79,-9.504,-0.453,1548692167449
49,-0.107,0.033,0.132,-2.987,-9.604,-0.463,1548692167470
49,-0.03,0.043,0.062,-3.072,-10.068,-0.372,1548692167490
49,0.017,0.025,0.003,-3.149,-10.041,-0.402,1548692167510
49,0.024,0.015,-0.015,-3.053,-9.934,-0.645,1548692167530
49,0.028,0.016,-0.021,-3.106,-9.811,-1.443,1548692167550
50,0.075,0.014,-0.024,-2.999,-9.809,-0.927,1548692167570
50,0.135,-0.009,0.029,-3.034,-9.867,-0.559,1548692167590
50,0.15,0.018,0.039,-2.893,-9.622,-1.112,1548692167610
50,0.184,0.032,0.04,-2.89,-9.853,-0.884,1548692167630
50,0.082,0.015,0.018,-2.972,-9.511,-1.153,1548692167650
50,-0.042,-0.037,-0.008,-3.001,-9.891,-0.98,1548692167670
50,-0.051,-0.022,0.045,-2.692,-9.659,-1.125,1548692167690
50,0.034,-0.022,0.029,-3.102,-9.895,-0.624,1548692167710
50,-0.046,-0.017,-0.004,-2.943,-9.745,-0.709,1548692167730
50,-0.09,0.001,-0.011,-2.985,-9.585,-1.259,1548692167749
50,-0.085,0.006,-0.028,-2.906,-9.569,-1.227,1548692167769
50,-0.11,-0.031,-0.025,-2.876,-9.788,-1.036,1548692167789
50,-0.213,-0.053,-0.057,-2.912,-10.492,-0.845,1548692167809
51,-0.147,-0.059,-0.014,-2.855,-9.792,-0.956,1548692167829
51,-0.003,-0.048,0.015,-2.97,-9.325,-0.949,1548692167850
51,-0.087,-0.044,0.001,-2.93,-10.121,-0.692,1548692167870
51,-0.173,-0.085,-0.056,-2.8,-10.593,-0.587,1548692167889
51,-0.004,-0.097,-0.106,-2.906,-10.121,-0.722,1548692167909
51,0.129,-0.101,-0.117,-3.016,-9.457,-0.892,1548692167929
51,0.199,-0.076,-0.085,-2.924,-9.354,-1.235,1548692167949
51,0.166,-0.098,-0.078,-3.032,-9.785,-1.336,1548692167969
51,0.153,-0.123,-0.061,-3.033,-9.836,-1.259,1548692167989
51,0.103,-0.122,-0.047,-2.94,-9.773,-0.778,1548692168009
51,-0.007,-0.095,-0.017,-2.764,-9.651,-0.411,1548692168030
51,-0.084,-0.063,0.02,-2.866,-9.165,-0.743,1548692168049
51,-0.041,-0.02,0.016,-2.989,-9.665,-0.89,1548692168070
52,-0.056,-0.019,0.0,-3.04,-9.748,-1.167,1548692168089
52,-0.034,-0.01,0.01,-2.92,-9.778,-1.086,1548692168110
52,-0.029,-0.018,0.024,-3.129,-9.744,-0.392,1548692168130
52,-0.095,-0.03,0.061,-3.038,-9.922,-0.465,1548692168149
52,-0.156,0.022,0.066,-3.11,-9.873,-1.048,1548692168170
52,-0.103,0.067,0.139,-3.116,-9.809,-1.261,1548692168189
52,0.123,0.114,0.18,-2.989,-9.669,-0.697,1548692168210
52,0.332,0.166,0.216,-2.937,-10.093,-0.438,1548692168229
52,0.28,0.147,0.153,-3.225,-9.699,-0.265,1548692168250
52,0.328,0.145,0.165,-2.995,-9.598,-0.893,1548692168270
52,0.187,0.096,0.118,-2.889,-9.396,-0.974,1548692168290
52,0.161,0.061,0.098,-2.393,-9.295,-0.696,1548692168310
53,0.029,0.028,0.069,-2.851,-10.196,-0.322,1548692168330
53,-0.048,0.051,0.06,-2.795,-9.977,-0.288,1548692168350
53,0.02,0.04,0.072,-2.731,-9.638,-0.637,1548692168370
53,0.011,0.033,0.053,-3.181,-9.619,-0.904,1548692168390
53,-0.057,0.038,0.04,-3.348,-9.609,-0.693,1548692168410
53,-0.082,0.026,0.024,-3.147,-9.659,-0.622,1548692168430
53,-0.114,0.009,-0.01,-3.332,-10.053,-0.667,1548692168450
53,-0.106,-0.004,-0.038,-3.197,-9.992,-0.947,1548692168469
53,-0.048,-0.019,-0.061,-3.253,-10.003,-0.893,1548692168489
53,-0.043,-0.055,-0.11,-3.225,-10.121,-0.672,1548692168509
53,0.057,-0.076,-0.144,-3.209,-9.793,-0.561,1548692168529
53,0.146,-0.088,-0.141,-2.96,-9.635,-0.864,1548692168549
53,0.13,-0.097,-0.111,-2.877,-9.878,-0.949,1548692168570
53,-0.011,-0.099,-0.091,-3.101,-10.31,-0.803,1548692168589
53,-0.006,-0.104,-0.071,-3.202,-9.818,-0.918,1548692168610
53,0.091,-0.081,-0.02,-3.051,-9.408,-1.006,1548692168630
53,0.012,-0.075,-0.022,-3.089,-9.325,-0.702,1548692168649
53,-0.208,-0.043,-0.025,-3.315,-9.466,-1.022,1548692168669
53,-0.369,0.001,-0.029,-3.193,-9.59,-1.054,1548692168690
54,-0.394,0.013,-0.03,-3.37,-9.609,-1.139,1548692168710
54,-0.323,0.028,-0.044,-3.344,-9.507,-1.197,1548692168729
54,-0.333,0.048,-0.038,-3.172,-9.685,-1.409,1548692168750
54,-0.389,0.058,-0.034,-2.977,-9.602,-0.971,1548692168769
54,-0.545,0.098,-0.012,-3.012,-9.522,-1.265,1548692168790
54,-1.016,0.186,-0.003,-3.045,-9.905,-1.415,1548692168810
54,-1.056,0.244,0.01,-2.846,-9.958,-2.026,1548692168830
54,-1.068,0.185,0.093,-2.686,-9.505,-1.696,1548692168849
54,-1.043,0.146,0.096,-2.824,-9.79,-1.942,1548692168869
54,-0.931,0.152,0.087,-2.832,-9.732,-2.556,1548692168889
54,-0.648,0.115,0.092,-2.937,-9.73,-2.513,1548692168909
54,-0.59,0.052,0.101,-2.944,-9.339,-2.205,1548692168929
55,-0.602,0.025,0.107,-3.093,-9.378,-2.389,1548692168950
55,-0.876,0.037,0.115,-3.297,-9.903,-2.957,1548692168969
55,-0.983,0.026,0.1,-3.506,-9.325,-3.176,1548692168990
55,-0.76,0.016,0.072,-3.547,-9.152,-3.019,1548692169009
55,-0.555,0.0,0.053,-3.368,-9.119,-2.551,1548692169029
55,-0.426,0.008,0.034,-3.006,-9.325,-2.662,1548692169050
55,-0.41,0.013,0.028,-3.127,-9.496,-2.893,1548692169070
55,-0.486,0.061,0.031,-3.125,-9.521,-3.39,1548692169090
55,-0.599,0.08,0.045,-2.901,-9.577,-3.771,1548692169109
55,-0.469,0.047,0.038,-3.041,-8.908,-3.59,1548692169129
55,-0.216,0.009,0.033,-2.994,-8.81,-3.75,1548692169149
55,-0.165,-0.018,0.024,-3.175,-9.157,-3.712,1548692169169
