pack,vx,vy,vz,ax,ay,az,time
1,-0.419,-0.23,0.076,-0.428,-9.729,-0.511,1549046472441
1,-0.51,-0.315,0.099,-0.274,-9.849,-0.683,1549046472462
1,-0.762,-0.402,0.161,-0.374,-9.918,-0.703,1549046472482
1,-0.921,-0.481,0.21,-0.318,-10.165,-0.831,1549046472502
1,-0.836,-0.575,0.197,-0.161,-10.185,-0.403,1549046472522
1,-0.711,-0.634,0.195,-0.397,-10.039,-0.818,1549046472541
1,-0.72,-0.626,0.17,-0.876,-10.656,-1.229,1549046472562
1,-0.677,-0.582,0.151,-0.968,-11.348,-1.281,1549046472582
1,-0.713,-0.629,0.167,-1.017,-11.093,-1.387,1549046472602
1,-0.721,-0.63,0.212,-1.293,-10.799,-2.065,1549046472621
1,-0.66,-0.648,0.21,-1.235,-11.206,-2.118,1549046472641
2,-0.478,-0.722,0.172,-1.335,-10.763,-1.581,1549046472661
2,-0.308,-0.742,0.164,-1.588,-10.359,-1.498,1549046472682
2,-0.271,-0.778,0.146,-1.807,-10.587,-2.049,1549046472702
2,-0.374,-0.806,0.174,-1.908,-10.177,-2.692,1549046472722
2,-0.386,-0.885,0.183,-1.737,-10.124,-2.516,1549046472742
2,-0.209,-0.986,0.191,-1.379,-10.4,-2.266,1549046472762
2,-0.025,-1.054,0.193,-1.535,-9.753,-1.755,1549046472782
2,-0.015,-1.107,0.196,-1.689,-9.702,-1.703,1549046472802
2,-0.268,-1.184,0.155,-1.974,-9.832,-1.992,1549046472822
2,-0.576,-1.25,0.161,-2.008,-9.967,-2.353,1549046472842
2,-0.61,-1.357,0.155,-1.821,-10.694,-3.144,1549046472862
2,-0.252,-1.478,0.111,-1.529,-9.82,-2.269,1549046472882
3,0.011,-1.693,0.001,-1.625,-8.572,-2.429,1549046472902
3,-0.064,-1.737,-0.139,-2.202,-9.691,-3.006,1549046472922
3,-0.302,-1.859,-0.078,-1.487,-9.583,-3.928,1549046472942
3,-0.357,-2.172,-0.179,-1.231,-7.654,-4.559,1549046472962
3,-0.39,-2.117,-0.213,-1.456,-7.773,-4.271,1549046472982
3,-0.636,-2.136,-0.274,-1.126,-8.929,-3.828,1549046473002
3,-1.059,-2.177,-0.362,-1.048,-8.113,-4.169,1549046473022
3,-1.285,-1.995,-0.429,-0.917,-9.654,-4.144,1549046473042
3,-1.54,-1.878,-0.356,-1.199,-10.785,-4.61,1549046473062
3,-1.512,-1.637,-0.156,-1.53,-8.437,-4.942,1549046473082
3,-1.313,-1.556,-0.084,-1.708,-7.521,-5.308,1549046473103
3,-1.277,-1.609,-0.155,-1.782,-10.139,-4.916,1549046473122
4,-1.384,-1.627,-0.138,-1.28,-9.754,-5.786,1549046473142
4,-1.383,-1.472,-0.167,0.133,-8.549,-4.657,1549046473163
4,-1.235,-1.408,-0.101,-0.096,-9.671,-5.579,1549046473183
4,-1.211,-1.116,0.076,-2.337,-9.628,-5.902,1549046473202
4,-0.928,-0.876,0.182,-2.033,-8.309,-4.301,1549046473223
4,-0.808,-0.98,0.047,-1.481,-8.989,-5.672,1549046473242
4,-1.306,-0.832,0.141,-2.52,-10.242,-5.793,1549046473263
4,-1.517,-0.605,0.335,-3.601,-7.93,-4.448,1549046473282
4,-1.333,-0.617,0.175,-2.489,-7.727,-4.5,1549046473302
4,-1.236,-0.763,0.067,-1.823,-8.749,-6.143,1549046473323
4,-0.987,-0.669,0.16,-1.999,-7.692,-5.611,1549046473343
4,-1.043,-0.59,0.249,-1.825,-6.603,-5.633,1549046473363
5,-1.36,-0.63,0.382,-2.759,-7.316,-6.726,1549046473382
5,-1.21,-0.327,0.573,-4.035,-7.663,-5.691,1549046473402
5,-1.027,-0.043,0.591,-4.103,-10.365,-6.343,1549046473422
5,-1.1,-0.279,0.521,-2.845,-9.117,-5.124,1549046473442
5,-0.629,-0.589,0.63,-2.828,-7.726,-5.89,1549046473463
5,-0.276,-0.306,0.694,-3.632,-6.928,-6.274,1549046473483
5,-0.377,-0.115,0.675,-4.073,-8.838,-5.311,1549046473503
5,-0.664,-0.246,0.472,-3.428,-9.115,-5.533,1549046473522
5,-0.29,-0.282,0.371,-3.154,-7.074,-5.683,1549046473543
5,0.336,-0.146,0.312,-3.547,-6.97,-5.702,1549046473563
6,0.415,0.038,0.284,-3.87,-7.294,-6.168,1549046473583
6,0.086,0.048,0.205,-3.826,-8.04,-5.992,1549046473603
6,0.17,-0.008,0.11,-3.631,-7.493,-5.864,1549046473623
6,0.439,0.004,0.016,-3.914,-6.492,-6.181,1549046473643
6,0.561,0.186,0.139,-3.732,-7.35,-6.209,1549046473663
6,0.388,0.175,0.047,-4.226,-7.218,-6.219,1549046473682
6,0.51,0.208,0.032,-3.853,-7.401,-6.094,1549046473703
6,0.557,0.124,-0.046,-3.609,-7.362,-6.382,1549046473723
6,0.748,0.131,-0.097,-3.608,-7.293,-6.116,1549046473743
6,0.883,0.138,-0.121,-3.889,-6.656,-6.474,1549046473762
7,0.748,0.181,-0.104,-3.829,-7.003,-5.641,1549046473783
7,0.461,0.1,-0.134,-3.484,-7.427,-5.773,1549046473803
7,0.201,0.082,-0.167,-2.989,-8.188,-5.584,1549046473823
7,0.397,0.112,-0.104,-3.097,-6.901,-5.849,1549046473842
7,0.395,0.277,0.053,-3.358,-6.751,-6.186,1549046473863
7,0.135,0.288,0.112,-3.282,-7.911,-5.464,1549046473882
7,-0.078,0.144,0.014,-3.37,-8.347,-5.579,1549046473903
7,0.051,0.152,-0.001,-3.385,-7.132,-5.855,1549046473923
7,0.27,0.141,-0.036,-3.512,-6.643,-5.71,1549046473943
7,0.173,0.109,-0.087,-3.319,-7.839,-5.637,1549046473963
8,-0.057,0.052,-0.155,-3.318,-7.731,-5.457,1549046473983
8,0.08,0.086,-0.145,-3.241,-7.269,-5.487,1549046474003
8,0.033,0.11,-0.148,-3.335,-7.429,-5.292,1549046474023
8,-0.089,0.162,-0.139,-3.491,-7.013,-6.09,1549046474043
8,-0.248,0.202,-0.132,-3.535,-7.594,-5.902,1549046474064
8,-0.294,0.189,-0.168,-3.134,-8.676,-5.246,1549046474084
8,-0.385,0.176,-0.191,-3.377,-7.713,-5.728,1549046474104
8,-0.299,0.203,-0.17,-3.196,-7.909,-5.565,1549046474124
8,-0.294,0.183,-0.177,-3.253,-7.945,-5.96,1549046474143
8,-0.39,0.226,-0.138,-3.113,-7.208,-6.531,1549046474163
8,-0.403,0.227,-0.115,-3.151,-7.499,-5.991,1549046474184
9,-0.441,0.287,-0.077,-3.262,-8.282,-6.048,1549046474203
9,-0.497,0.343,-0.031,-3.326,-7.868,-6.722,1549046474224
9,-0.492,0.356,-0.034,-2.706,-8.401,-6.273,1549046474244
9,-0.463,0.314,-0.076,-2.939,-7.876,-6.591,1549046474264
9,-0.371,0.331,-0.108,-3.2,-7.349,-7.111,1549046474284
9,-0.338,0.333,-0.155,-2.985,-8.042,-6.546,1549046474303
9,-0.386,0.283,-0.161,-2.696,-7.756,-6.955,1549046474323
9,-0.36,0.294,-0.142,-2.741,-7.344,-7.505,1549046474344
9,-0.324,0.315,-0.114,-2.262,-7.739,-7.214,1549046474363
9,-0.359,0.28,-0.066,-2.314,-7.718,-7.056,1549046474383
9,-0.482,0.334,0.011,-2.982,-7.058,-7.445,1549046474403
9,-0.442,0.405,0.045,-2.874,-7.974,-7.205,1549046474423
9,-0.427,0.356,0.073,-2.649,-6.967,-7.76,1549046474443
9,-0.421,0.357,0.109,-2.746,-6.809,-7.362,1549046474464
10,-0.476,0.342,0.152,-3.145,-6.941,-7.504,1549046474483
10,-0.493,0.334,0.186,-3.083,-7.004,-7.883,1549046474504
10,-0.433,0.281,0.183,-2.676,-6.102,-8.452,1549046474523
10,-0.436,0.26,0.176,-2.618,-6.335,-7.92,1549046474544
10,-0.605,0.265,0.186,-2.694,-7.108,-8.07,1549046474563
10,-0.734,0.277,0.197,-2.797,-5.598,-8.402,1549046474583
10,-0.597,0.294,0.168,-3.238,-5.439,-8.173,1549046474604
10,-0.614,0.28,0.121,-2.95,-6.824,-8.03,1549046474624
10,-0.662,0.114,0.072,-2.169,-6.124,-8.427,1549046474644
10,-0.608,0.043,0.065,-2.307,-6.059,-8.173,1549046474663
10,-0.66,0.059,0.07,-2.536,-6.173,-8.389,1549046474684
10,-0.707,0.063,0.066,-2.789,-5.571,-8.614,1549046474704
11,-0.667,0.066,0.074,-2.857,-5.819,-8.299,1549046474723
11,-0.685,0.011,0.075,-2.492,-5.903,-8.682,1549046474744
11,-0.746,-0.034,0.111,-2.522,-5.411,-8.846,1549046474764
11,-0.741,0.017,0.156,-2.696,-5.473,-8.287,1549046474783
11,-0.872,0.008,0.182,-2.783,-6.204,-8.257,1549046474804
11,-0.919,-0.041,0.191,-2.737,-5.489,-8.587,1549046474824
11,-0.793,-0.002,0.224,-2.696,-4.695,-9.027,1549046474844
11,-0.708,0.006,0.229,-2.681,-5.016,-8.891,1549046474864
11,-0.799,-0.039,0.206,-2.619,-4.954,-9.033,1549046474884
11,-0.872,-0.028,0.223,-2.795,-5.292,-8.545,1549046474904
11,-0.845,-0.04,0.22,-2.646,-5.093,-8.812,1549046474923
12,-0.766,-0.03,0.208,-2.437,-4.367,-9.085,1549046474944
12,-0.672,-0.003,0.207,-2.02,-4.789,-8.801,1549046474963
12,-0.699,-0.045,0.18,-2.112,-4.541,-9.479,1549046474984
12,-0.741,-0.008,0.185,-2.205,-5.331,-8.872,1549046475004
12,-0.589,-0.012,0.11,-2.514,-4.382,-9.226,1549046475024
12,-0.38,0.038,0.064,-2.713,-4.409,-8.801,1549046475044
12,-0.404,0.023,0.001,-2.463,-5.057,-9.453,1549046475064
12,-0.349,-0.023,-0.052,-2.275,-3.71,-9.372,1549046475084
12,-0.061,-0.054,-0.081,-2.239,-3.956,-9.661,1549046475104
12,-0.166,-0.067,-0.101,-2.48,-3.696,-9.557,1549046475124
12,-0.212,0.004,-0.119,-2.48,-4.187,-9.364,1549046475145
13,-0.298,-0.004,-0.091,-2.839,-3.895,-9.296,1549046475164
13,-0.194,0.04,-0.081,-3.062,-3.713,-9.656,1549046475184
13,-0.139,0.085,-0.122,-3.047,-3.651,-9.077,1549046475204
13,-0.174,-0.002,-0.111,-2.669,-3.959,-9.329,1549046475224
13,-0.138,-0.04,-0.131,-3.252,-3.565,-9.412,1549046475245
13,-0.019,0.019,-0.132,-3.791,-3.347,-9.333,1549046475264
13,-0.084,0.078,-0.18,-3.577,-3.547,-9.489,1549046475284
13,-0.152,-0.065,-0.176,-2.834,-4.154,-9.22,1549046475304
13,-0.12,-0.148,-0.197,-3.548,-3.487,-9.652,1549046475324
13,-0.007,-0.079,-0.187,-2.952,-2.993,-10.011,1549046475344
14,0.065,-0.185,-0.304,-3.008,-2.694,-9.504,1549046475365
14,-0.096,-0.164,-0.307,-3.34,-4.344,-9.487,1549046475384
14,-0.242,-0.178,-0.287,-3.612,-3.844,-9.052,1549046475404
14,-0.052,-0.183,-0.262,-2.861,-3.466,-9.259,1549046475424
14,0.005,-0.245,-0.255,-2.676,-2.984,-9.432,1549046475445
14,-0.065,-0.221,-0.23,-2.822,-3.702,-9.408,1549046475464
14,-0.123,-0.243,-0.211,-3.325,-3.138,-9.367,1549046475484
14,-0.039,-0.274,-0.218,-4.645,-3.215,-8.918,1549046475505
14,-0.11,-0.21,-0.234,-3.196,-3.669,-9.189,1549046475525
14,-0.26,-0.421,-0.213,-1.324,-3.123,-9.564,1549046475545
15,-0.244,-0.472,-0.174,-2.532,-4.279,-8.658,1549046475565
15,-0.203,-0.222,-0.062,-3.869,-3.666,-9.702,1549046475585
15,-0.149,-0.144,0.013,-3.532,-2.342,-9.476,1549046475605
15,-0.185,-0.165,-0.074,-2.896,-4.048,-8.864,1549046475625
15,-0.384,-0.298,-0.084,-2.644,-5.218,-9.046,1549046475644
15,-0.319,-0.236,-0.109,-2.801,-2.726,-9.677,1549046475665
15,-0.093,-0.185,-0.08,-2.891,-3.493,-9.439,1549046475685
15,-0.293,-0.199,-0.15,-3.265,-3.853,-9.489,1549046475705
15,-0.283,-0.207,-0.172,-3.272,-4.152,-9.14,1549046475725
15,-0.144,-0.226,-0.183,-3.038,-3.15,-9.188,1549046475745
15,-0.139,-0.227,-0.155,-3.2,-3.137,-9.175,1549046475765
16,-0.184,-0.197,-0.15,-3.339,-3.976,-8.745,1549046475784
16,-0.139,-0.167,-0.142,-3.168,-3.252,-9.395,1549046475805
16,-0.133,-0.133,-0.108,-3.11,-3.317,-8.985,1549046475825
16,-0.225,-0.111,-0.092,-3.01,-4.091,-9.173,1549046475845
16,-0.236,-0.074,-0.1,-3.143,-3.289,-9.184,1549046475865
16,-0.053,-0.057,-0.119,-3.202,-3.587,-9.093,1549046475884
16,-0.11,-0.061,-0.16,-3.185,-3.461,-9.482,1549046475905
16,-0.08,-0.062,-0.169,-3.165,-3.799,-8.726,1549046475924
16,-0.035,-0.056,-0.164,-3.277,-3.345,-9.341,1549046475945
16,-0.034,-0.022,-0.121,-3.129,-3.242,-9.057,1549046475965
17,0.028,-0.031,-0.138,-3.35,-3.332,-9.521,1549046475985
17,0.0,-0.013,-0.133,-3.362,-3.626,-9.087,1549046476005
17,-0.005,-0.043,-0.167,-3.368,-3.533,-9.209,1549046476025
17,-0.013,-0.022,-0.165,-3.346,-3.236,-9.216,1549046476045
17,0.0,-0.021,-0.163,-3.508,-3.003,-9.341,1549046476065
17,-0.019,0.009,-0.126,-3.265,-3.208,-9.567,1549046476086
17,-0.015,0.016,-0.083,-3.229,-2.963,-9.266,1549046476106
17,0.003,0.032,-0.04,-3.572,-3.469,-9.389,1549046476125
17,-0.003,0.039,-0.023,-3.418,-3.13,-9.148,1549046476145
18,-0.024,-0.018,-0.02,-3.227,-3.729,-9.015,1549046476165
18,-0.055,-0.043,-0.044,-3.497,-3.046,-8.896,1549046476186
18,-0.02,-0.006,-0.029,-3.295,-3.675,-9.634,1549046476206
18,-0.073,0.005,-0.076,-2.881,-2.992,-9.454,1549046476226
18,0.003,-0.043,-0.092,-3.12,-3.301,-9.087,1549046476245
18,0.003,-0.052,-0.094,-3.069,-3.928,-8.735,1549046476265
18,-0.004,-0.058,-0.066,-3.069,-2.78,-9.427,1549046476285
18,0.045,-0.022,-0.015,-2.861,-3.559,-9.106,1549046476305
18,-0.019,-0.027,-0.028,-3.194,-3.462,-9.533,1549046476325
18,-0.019,0.012,-0.004,-3.525,-2.721,-9.677,1549046476345
18,0.021,0.023,-0.044,-3.533,-3.042,-9.707,1549046476366
19,0.074,-0.004,-0.077,-3.278,-3.681,-9.259,1549046476387
19,0.038,-0.019,-0.067,-3.638,-2.65,-9.388,1549046476405
19,0.03,0.044,-0.022,-3.675,-2.975,-9.579,1549046476426
19,0.047,0.014,-0.046,-3.401,-3.476,-9.109,1549046476446
19,0.088,-0.03,-0.059,-2.935,-4.009,-9.102,1549046476465
19,0.047,-0.05,-0.093,-3.045,-3.576,-9.126,1549046476485
19,0.072,-0.021,-0.124,-3.137,-3.675,-9.09,1549046476505
19,0.075,-0.026,-0.174,-2.952,-3.732,-9.157,1549046476525
19,0.178,-0.052,-0.208,-2.836,-3.888,-9.004,1549046476546
19,0.246,-0.043,-0.203,-3.07,-3.464,-9.31,1549046476566
20,0.231,-0.014,-0.176,-3.139,-3.396,-9.195,1549046476585
20,0.179,-0.006,-0.171,-3.356,-3.831,-9.113,1549046476605
20,0.178,0.027,-0.172,-3.545,-4.094,-8.887,1549046476625
20,0.232,0.056,-0.168,-3.59,-3.903,-9.112,1549046476646
20,0.249,0.055,-0.178,-3.383,-3.534,-9.345,1549046476665
20,0.259,0.018,-0.208,-3.041,-3.925,-9.104,1549046476685
20,0.379,-0.035,-0.243,-2.877,-4.779,-8.822,1549046476706
20,0.524,0.001,-0.258,-3.662,-3.925,-8.755,1549046476726
20,0.403,0.081,-0.227,-3.15,-4.882,-8.678,1549046476746
21,0.193,0.035,-0.274,-3.04,-5.321,-9.079,1549046476766
21,0.5,0.053,-0.32,-2.795,-5.222,-8.608,1549046476785
21,0.951,0.057,-0.396,-3.157,-3.676,-8.515,1549046476805
21,0.892,0.108,-0.409,-3.047,-4.999,-8.338,1549046476825
21,0.64,0.055,-0.448,-2.916,-6.056,-8.119,1549046476846
21,0.746,0.042,-0.472,-3.127,-6.267,-8.346,1549046476866
21,0.912,0.128,-0.518,-3.34,-6.509,-8.661,1549046476885
21,0.791,0.12,-0.534,-3.344,-6.654,-8.495,1549046476905
21,0.941,0.026,-0.602,-2.915,-6.826,-7.529,1549046476925
21,1.471,-0.081,-0.678,-2.863,-6.16,-7.366,1549046476946
21,1.75,-0.055,-0.715,-2.868,-5.911,-8.311,1549046476966
21,1.324,-0.095,-0.709,-2.434,-6.572,-8.787,1549046476986
21,1.205,-0.186,-0.74,-2.243,-6.78,-7.965,1549046477006
22,1.384,-0.214,-0.715,-2.308,-6.957,-8.927,1549046477026
22,1.675,-0.132,-0.688,-2.877,-5.841,-8.007,1549046477046
22,1.83,-0.085,-0.531,-2.267,-6.152,-7.482,1549046477066
22,1.437,-0.259,-0.476,-1.963,-6.503,-6.819,1549046477086
22,1.276,-0.255,-0.492,-2.33,-6.892,-7.436,1549046477106
22,1.136,-0.131,-0.429,-2.464,-6.809,-7.242,1549046477126
22,0.811,-0.101,-0.281,-2.448,-6.359,-6.786,1549046477146
22,0.367,-0.136,-0.208,-1.985,-6.785,-6.548,1549046477166
22,0.069,-0.163,-0.168,-2.299,-7.667,-6.925,1549046477186
22,-0.01,-0.07,-0.049,-2.313,-7.882,-6.54,1549046477207
22,0.089,-0.074,-0.068,-1.935,-7.329,-6.36,1549046477226
22,-0.043,-0.077,-0.028,-2.187,-7.667,-6.347,1549046477247
23,-0.239,-0.051,0.022,-2.198,-7.68,-6.148,1549046477266
23,-0.298,-0.045,0.037,-2.461,-7.369,-6.523,1549046477286
23,-0.456,-0.033,0.087,-2.342,-7.755,-6.84,1549046477306
23,-0.577,-0.074,0.059,-2.443,-7.8,-6.655,1549046477327
23,-0.499,-0.056,0.003,-2.251,-8.272,-7.216,1549046477347
23,-0.411,-0.086,-0.05,-2.205,-8.374,-7.435,1549046477367
23,0.04,-0.053,-0.08,-2.194,-7.945,-6.594,1549046477386
23,0.27,-0.018,-0.07,-2.288,-7.489,-7.188,1549046477406
23,0.229,-0.006,-0.087,-2.513,-6.674,-7.291,1549046477427
23,0.296,0.009,-0.065,-2.184,-7.2,-6.825,1549046477447
23,0.248,-0.017,-0.087,-1.92,-7.638,-6.474,1549046477466
23,0.328,0.033,-0.109,-1.917,-7.83,-6.467,1549046477487
23,0.292,0.078,-0.067,-2.021,-7.687,-6.394,1549046477506
24,0.257,0.079,-0.044,-1.998,-7.733,-6.886,1549046477526
24,0.189,0.062,-0.052,-1.866,-8.224,-6.807,1549046477547
24,0.337,0.095,-0.019,-2.129,-8.719,-6.022,1549046477566
24,0.362,0.12,0.023,-2.401,-8.219,-5.916,1549046477586
24,0.353,0.119,0.027,-2.108,-8.082,-6.083,1549046477607
24,0.25,0.077,-0.009,-1.812,-8.699,-6.654,1549046477626
24,0.356,0.067,-0.022,-1.908,-7.715,-6.459,1549046477647
24,0.522,0.106,-0.011,-2.218,-7.413,-5.883,1549046477667
24,0.458,0.081,-0.007,-2.023,-7.369,-6.247,1549046477687
24,0.242,-0.012,-0.088,-2.219,-7.408,-6.115,1549046477706
25,0.164,-0.029,-0.1,-2.075,-8.219,-5.915,1549046477727
25,0.039,-0.036,-0.107,-2.124,-8.793,-6.199,1549046477747
25,0.06,-0.016,-0.067,-1.87,-8.246,-6.782,1549046477767
25,0.316,0.022,-0.013,-2.12,-7.495,-5.946,1549046477787
25,0.373,0.062,0.053,-2.218,-6.998,-5.881,1549046477807
25,0.104,0.005,-0.018,-1.924,-8.728,-5.672,1549046477827
25,-0.138,-0.068,-0.035,-1.588,-9.242,-5.74,1549046477847
25,-0.074,-0.018,-0.012,-1.768,-8.499,-5.828,1549046477867
25,0.082,0.053,0.02,-2.239,-7.888,-5.802,1549046477888
26,0.058,0.076,0.028,-1.951,-8.044,-5.649,1549046477907
26,-0.05,0.019,-0.008,-1.613,-8.669,-6.538,1549046477928
26,-0.074,-0.033,-0.028,-1.363,-8.219,-7.256,1549046477947
26,0.236,-0.057,-0.05,-1.63,-7.552,-5.739,1549046477968
26,0.537,-0.037,-0.029,-1.606,-8.121,-5.128,1549046477988
26,0.177,-0.09,-0.052,-1.669,-9.129,-5.204,1549046478008
26,-0.053,-0.046,-0.024,-1.894,-8.769,-5.404,1549046478028
26,-0.052,0.015,-0.003,-1.562,-8.446,-5.614,1549046478048
26,0.052,0.027,-0.007,-1.799,-8.806,-5.486,1549046478068
26,0.051,0.065,-0.007,-2.087,-8.854,-5.328,1549046478088
26,-0.012,0.068,-0.014,-1.83,-8.848,-5.962,1549046478108
27,-0.073,0.034,-0.029,-1.704,-7.596,-6.685,1549046478128
27,0.141,0.005,-0.074,-1.804,-7.742,-5.814,1549046478148
27,0.117,-0.05,-0.092,-2.044,-8.495,-5.318,1549046478168
27,-0.148,-0.075,-0.064,-1.821,-8.702,-5.509,1549046478188
27,-0.305,-0.051,-0.03,-1.85,-9.497,-5.743,1549046478207
27,-0.18,0.032,-0.005,-2.162,-8.707,-5.748,1549046478228
27,0.098,0.121,0.003,-2.396,-6.995,-6.338,1549046478248
27,0.047,0.084,-0.015,-2.2,-7.592,-5.941,1549046478268
27,-0.354,-0.043,-0.045,-2.011,-9.494,-5.855,1549046478288
27,-0.526,-0.089,-0.019,-2.043,-9.761,-5.698,1549046478308
27,-0.188,-0.052,-0.013,-1.78,-8.947,-5.697,1549046478328
28,0.188,0.049,-0.003,-2.252,-7.821,-5.823,1549046478348
28,0.199,0.118,0.019,-2.281,-7.714,-6.097,1549046478368
28,-0.064,0.055,-0.013,-1.97,-8.069,-6.569,1549046478388
28,-0.322,-0.038,-0.031,-2.027,-8.346,-6.667,1549046478408
28,-0.308,-0.05,0.009,-1.97,-7.925,-5.947,1549046478428
28,-0.229,-0.047,0.027,-1.757,-7.644,-5.645,1549046478448
28,-0.349,-0.064,0.035,-1.323,-8.302,-6.324,1549046478468
28,-0.442,-0.058,0.052,-1.262,-8.274,-6.86,1549046478488
28,-0.357,-0.025,0.071,-0.893,-7.233,-6.956,1549046478507
28,-0.134,0.024,0.089,-1.495,-6.148,-7.009,1549046478528
28,-0.232,0.077,0.085,-2.013,-8.04,-7.952,1549046478548
29,-0.429,-0.004,0.068,-3.227,-9.416,-7.857,1549046478568
29,-0.316,-0.04,0.12,-2.924,-7.588,-5.864,1549046478588
29,0.249,-0.063,0.055,-2.179,-8.026,-6.238,1549046478608
29,0.295,-0.008,0.11,-2.592,-7.92,-6.619,1549046478628
29,0.625,0.141,0.172,-2.756,-6.723,-4.979,1549046478648
29,0.496,0.116,0.157,-2.406,-8.793,-6.133,1549046478668
29,-0.305,-0.057,0.103,-2.395,-8.954,-5.755,1549046478688
29,-0.033,-0.02,0.119,-2.307,-9.131,-5.649,1549046478708
29,0.154,0.006,0.099,-2.528,-8.222,-5.558,1549046478728
29,0.132,0.02,0.139,-2.451,-8.181,-5.772,1549046478748
29,-0.115,-0.018,0.105,-1.491,-8.525,-5.973,1549046478768
29,-0.051,-0.02,0.071,-0.955,-8.76,-6.471,1549046478788
29,0.191,0.002,0.043,-1.722,-7.311,-5.817,1549046478808
29,0.318,0.085,0.059,-1.974,-8.006,-5.93,1549046478828
29,0.013,0.001,0.005,-1.842,-8.555,-6.114,1549046478848
29,-0.039,-0.023,0.0,-1.88,-8.457,-6.324,1549046478869
29,0.121,0.005,-0.004,-2.098,-8.352,-5.899,1549046478889
30,0.363,0.044,0.028,-2.796,-6.837,-5.983,1549046478909
30,0.124,0.072,0.061,-2.22,-7.626,-6.786,1549046478928
30,-0.102,-0.03,0.018,-2.158,-8.74,-6.075,1549046478948
30,-0.052,-0.012,0.045,-2.124,-8.995,-5.597,1549046478969
30,0.044,0.035,0.07,-2.622,-8.061,-5.939,1549046478988
30,0.067,0.108,0.127,-2.352,-8.08,-6.067,1549046479009
30,-0.031,0.046,0.099,-2.176,-8.197,-6.393,1549046479029
30,0.099,0.015,0.069,-2.086,-8.345,-5.825,1549046479049
30,0.27,0.04,0.065,-2.443,-7.345,-6.355,1549046479068
30,0.215,0.046,0.063,-1.93,-8.281,-5.899,1549046479089
30,-0.055,-0.046,0.025,-2.123,-8.79,-5.667,1549046479108
30,-0.086,0.01,0.048,-2.267,-7.837,-6.044,1549046479129
30,-0.008,0.03,0.037,-1.811,-8.629,-6.012,1549046479149
31,-0.029,0.004,0.024,-2.045,-8.584,-5.986,1549046479168
31,-0.008,0.042,0.038,-2.389,-7.788,-6.199,1549046479189
31,-0.001,0.047,0.027,-2.299,-7.893,-5.955,1549046479209
31,-0.076,-0.011,-0.007,-2.265,-8.668,-5.742,1549046479228
31,-0.093,-0.011,-0.017,-2.564,-8.464,-6.199,1549046479249
31,-0.032,0.004,-0.011,-2.743,-7.587,-5.79,1549046479269
31,0.061,0.015,-0.031,-2.409,-8.128,-6.316,1549046479289
31,0.007,0.005,-0.028,-2.407,-8.075,-5.945,1549046479309
31,-0.071,-0.003,-0.024,-2.318,-8.405,-6.193,1549046479328
31,-0.126,0.022,0.001,-1.392,-8.022,-6.537,1549046479349
32,0.029,0.012,-0.013,-1.879,-7.658,-5.799,1549046479369
32,0.004,0.048,0.008,-2.288,-8.211,-6.279,1549046479389
32,-0.157,0.043,0.029,-1.943,-8.111,-6.601,1549046479409
32,-0.111,-0.004,0.017,-1.905,-8.259,-5.759,1549046479429
32,-0.036,-0.009,0.005,-2.227,-8.639,-5.961,1549046479448
32,0.002,0.045,0.029,-2.64,-7.867,-6.184,1549046479469
32,0.035,0.051,0.02,-2.468,-7.543,-6.578,1549046479489
32,-0.017,0.0,-0.005,-2.13,-8.09,-6.112,1549046479509
32,-0.068,-0.032,-0.024,-2.184,-8.369,-5.935,1549046479529
32,-0.089,-0.015,-0.012,-1.949,-8.483,-6.017,1549046479549
33,-0.035,-0.003,-0.003,-2.004,-8.006,-6.166,1549046479569
33,0.067,0.044,0.013,-2.144,-7.67,-6.233,1549046479589
33,0.005,0.06,0.023,-2.296,-8.128,-5.946,1549046479609
33,-0.175,0.018,0.015,-2.004,-8.798,-5.776,1549046479629
33,-0.261,-0.015,0.012,-2.284,-7.429,-6.951,1549046479649
33,-0.154,0.027,0.032,-2.194,-7.079,-6.186,1549046479669
33,-0.066,-0.008,0.003,-2.052,-7.881,-6.165,1549046479689
33,-0.364,-0.043,0.01,-2.048,-7.969,-5.512,1549046479709
33,-0.63,-0.05,0.027,-2.295,-7.737,-7.52,1549046479729
33,-0.967,-0.033,0.062,-2.513,-7.152,-7.589,1549046479749
33,-0.249,0.015,0.029,-2.193,-7.158,-6.084,1549046479769
34,-0.117,0.008,0.012,-2.539,-7.861,-6.277,1549046479789
34,-0.557,0.037,0.071,-2.705,-7.694,-7.564,1549046479810
34,-0.7,0.003,0.036,-2.413,-7.54,-7.139,1549046479829
34,-0.403,-0.028,-0.01,-2.205,-7.938,-6.466,1549046479849
34,-0.341,-0.01,0.009,-2.636,-7.019,-7.517,1549046479869
34,-0.568,0.031,0.04,-2.53,-7.219,-7.243,1549046479890
34,-0.577,-0.065,-0.004,-2.348,-8.257,-7.225,1549046479910
34,-0.55,-0.089,0.026,-2.596,-6.754,-8.119,1549046479930
34,-0.386,-0.05,-0.005,-2.131,-6.803,-6.929,1549046479949
34,-0.579,-0.092,-0.009,-2.07,-7.875,-7.004,1549046479969
35,-0.714,-0.018,0.014,-1.763,-8.635,-7.391,1549046479989
35,-0.259,0.017,-0.015,-2.326,-6.763,-8.067,1549046480010
35,0.104,0.036,-0.026,-2.199,-5.808,-8.207,1549046480030
35,-0.031,-0.034,-0.051,-2.443,-7.057,-7.413,1549046480050
35,-0.414,-0.117,-0.051,-2.89,-8.945,-7.019,1549046480070
35,-0.465,-0.131,0.008,-2.543,-7.905,-7.711,1549046480090
35,0.007,-0.13,0.01,-2.301,-6.318,-8.511,1549046480110
35,0.139,-0.174,0.02,-2.806,-6.153,-8.246,1549046480130
35,-0.103,-0.234,0.006,-2.532,-7.158,-7.518,1549046480150
35,-0.295,-0.339,-0.019,-3.049,-7.112,-8.173,1549046480170
35,-0.268,-0.262,0.036,-2.751,-6.243,-7.411,1549046480190
36,-0.214,-0.258,0.041,-2.233,-8.48,-6.975,1549046480209
36,-0.165,-0.245,0.069,-2.232,-7.329,-7.417,1549046480230
36,0.09,-0.153,0.078,-3.16,-6.506,-7.482,1549046480250
36,0.133,-0.16,0.071,-2.877,-6.55,-7.557,1549046480269
36,0.14,-0.194,0.045,-2.624,-6.609,-7.393,1549046480290
36,0.046,-0.168,0.075,-3.185,-7.106,-7.024,1549046480310
36,-0.047,-0.102,0.12,-2.836,-5.936,-8.173,1549046480330
36,0.0,-0.101,0.122,-2.305,-7.195,-6.756,1549046480350
36,0.013,-0.13,0.091,-2.988,-6.866,-7.557,1549046480370
36,-0.033,-0.038,0.14,-3.02,-6.511,-7.62,1549046480390
37,-0.154,-0.113,0.126,-2.924,-6.864,-7.487,1549046480410
37,-0.18,-0.15,0.074,-2.852,-7.308,-7.118,1549046480430
37,0.094,-0.182,0.031,-2.734,-7.206,-7.028,1549046480450
37,0.219,-0.155,0.024,-2.862,-6.1,-7.986,1549046480469
37,0.067,-0.14,0.074,-3.024,-6.849,-7.198,1549046480490
37,-0.148,-0.188,0.018,-3.296,-6.817,-7.705,1549046480510
37,-0.1,-0.198,-0.003,-3.057,-6.723,-7.194,1549046480530
37,0.103,-0.23,-0.05,-3.275,-6.981,-6.736,1549046480550
37,-0.001,-0.182,-0.052,-3.354,-6.825,-7.407,1549046480570
37,0.001,-0.14,-0.03,-3.087,-6.429,-7.632,1549046480590
37,0.178,-0.15,-0.045,-3.249,-5.958,-7.148,1549046480609
38,0.123,-0.163,-0.043,-2.995,-7.176,-6.612,1549046480630
38,-0.139,-0.195,-0.007,-3.181,-7.486,-7.086,1549046480650
38,-0.086,-0.134,0.025,-3.36,-5.923,-7.852,1549046480670
38,0.057,-0.106,0.023,-3.416,-5.815,-7.153,1549046480690
38,-0.04,-0.18,-0.043,-3.005,-7.292,-6.876,1549046480710
38,-0.242,-0.221,-0.076,-2.176,-8.009,-6.838,1549046480730
38,0.0,-0.25,-0.09,-2.861,-6.878,-7.231,1549046480750
38,0.3,-0.135,-0.023,-3.37,-5.372,-7.557,1549046480770
38,0.388,-0.14,-0.022,-3.258,-6.87,-6.659,1549046480791
38,0.286,-0.198,-0.093,-3.156,-7.532,-6.694,1549046480810
38,0.266,-0.164,-0.112,-3.388,-5.978,-7.342,1549046480830
39,0.327,-0.16,-0.12,-2.894,-6.582,-7.16,1549046480850
39,0.218,-0.23,-0.182,-2.946,-7.385,-6.411,1549046480870
39,0.234,-0.2,-0.213,-2.722,-8.471,-6.043,1549046480890
39,0.35,-0.149,-0.206,-2.839,-7.039,-6.903,1549046480910
39,0.561,-0.033,-0.178,-3.51,-5.105,-7.531,1549046480930
39,0.539,-0.026,-0.169,-3.053,-7.195,-6.637,1549046480951
39,0.18,-0.214,-0.264,-2.851,-7.661,-6.592,1549046480970
39,0.185,-0.191,-0.231,-3.074,-7.026,-6.121,1549046480990
39,0.248,-0.168,-0.218,-3.138,-7.615,-6.274,1549046481010
39,0.235,-0.109,-0.212,-3.809,-6.617,-6.531,1549046481030
40,0.247,-0.065,-0.196,-3.166,-6.782,-6.529,1549046481050
40,0.183,-0.104,-0.25,-3.066,-7.296,-6.55,1549046481070
40,0.1,-0.07,-0.239,-3.312,-7.711,-6.485,1549046481090
40,0.006,-0.064,-0.192,-3.218,-7.574,-6.241,1549046481110
40,0.06,-0.075,-0.186,-3.129,-7.345,-5.967,1549046481130
40,0.178,-0.074,-0.206,-3.269,-6.856,-6.293,1549046481151
40,0.139,-0.027,-0.194,-2.955,-7.633,-6.559,1549046481170
40,0.046,-0.051,-0.234,-3.163,-7.268,-6.823,1549046481190
40,0.128,-0.039,-0.204,-2.732,-7.686,-5.86,1549046481210
40,0.224,-0.128,-0.283,-2.737,-7.859,-5.09,1549046481230
40,0.186,-0.101,-0.259,-2.964,-7.543,-6.535,1549046481250
40,0.2,-0.027,-0.254,-2.97,-7.018,-6.862,1549046481270
41,0.241,-0.048,-0.252,-2.801,-7.564,-5.954,1549046481290
41,0.108,-0.086,-0.245,-2.597,-8.465,-6.014,1549046481311
41,-0.025,-0.064,-0.207,-2.286,-8.32,-6.616,1549046481331
41,0.171,-0.022,-0.151,-3.064,-6.435,-6.985,1549046481351
41,0.292,-0.006,-0.071,-2.828,-7.531,-6.41,1549046481370
41,-0.043,-0.165,-0.133,-2.299,-8.691,-5.656,1549046481391
41,-0.105,-0.207,-0.107,-2.342,-8.362,-5.592,1549046481410
41,0.069,-0.111,-0.08,-2.795,-7.6,-5.965,1549046481431
41,0.198,-0.045,-0.056,-2.765,-7.362,-6.048,1549046481450
41,0.148,-0.049,-0.054,-2.826,-8.178,-5.997,1549046481471
41,0.075,-0.057,-0.087,-2.756,-8.19,-6.106,1549046481490
42,0.088,-0.095,-0.122,-2.813,-8.039,-6.023,1549046481511
42,0.141,-0.141,-0.161,-2.484,-8.193,-6.24,1549046481532
42,0.208,-0.167,-0.199,-2.696,-7.719,-5.934,1549046481551
42,0.336,-0.155,-0.205,-2.69,-7.881,-6.227,1549046481571
42,0.193,-0.161,-0.213,-2.787,-7.594,-6.066,1549046481591
42,0.148,-0.187,-0.172,-2.712,-8.351,-5.774,1549046481611
42,0.125,-0.21,-0.21,-2.521,-8.003,-6.291,1549046481631
42,0.17,-0.192,-0.134,-2.471,-7.852,-5.711,1549046481651
42,-0.02,-0.226,-0.093,-2.602,-7.855,-6.191,1549046481672
42,-0.123,-0.172,-0.057,-2.861,-7.744,-5.981,1549046481691
42,-0.074,-0.181,-0.111,-2.882,-8.563,-4.337,1549046481712
43,-0.008,-0.206,-0.164,-3.163,-8.276,-5.609,1549046481731
43,0.039,-0.072,-0.118,-2.913,-7.949,-5.597,1549046481751
43,0.184,-0.126,-0.143,-2.545,-8.015,-5.546,1549046481771
43,0.121,-0.15,-0.177,-3.06,-7.899,-5.57,1549046481792
43,0.1,-0.104,-0.19,-2.652,-8.495,-5.308,1549046481812
43,-0.011,-0.186,-0.278,-2.932,-8.137,-5.955,1549046481832
43,0.101,-0.113,-0.263,-2.906,-8.322,-4.525,1549046481852
43,0.163,-0.172,-0.317,-2.703,-8.025,-5.743,1549046481872
43,-0.071,-0.073,-0.233,-2.546,-8.007,-5.939,1549046481892
43,-0.161,-0.119,-0.223,-3.021,-8.276,-5.289,1549046481912
43,0.004,-0.079,-0.234,-2.783,-8.682,-4.478,1549046481932
43,0.018,-0.082,-0.237,-2.194,-8.359,-5.586,1549046481952
43,-0.054,0.02,-0.168,-2.739,-7.605,-6.286,1549046481972
44,-0.079,0.101,-0.14,-2.39,-8.318,-5.633,1549046481992
44,-0.138,-0.008,-0.177,-1.92,-9.17,-4.783,1549046482012
44,-0.252,-0.02,-0.176,-2.233,-9.097,-5.536,1549046482032
44,-0.094,0.093,-0.163,-2.068,-8.727,-5.664,1549046482052
44,0.274,0.099,-0.216,-2.63,-8.147,-5.582,1549046482071
44,0.42,0.107,-0.203,-2.17,-8.39,-5.637,1549046482092
44,-0.041,-0.037,-0.239,-1.494,-8.818,-6.691,1549046482112
44,-0.384,-0.132,-0.192,-1.854,-9.214,-5.441,1549046482132
44,-0.301,-0.156,-0.208,-2.08,-8.735,-5.542,1549046482152
44,0.011,-0.118,-0.206,-2.525,-9.085,-4.103,1549046482172
44,0.172,-0.117,-0.215,-2.092,-9.234,-5.783,1549046482192
44,0.243,0.05,-0.118,-1.907,-7.883,-6.728,1549046482212
45,0.295,0.064,-0.066,-2.042,-8.366,-5.872,1549046482232
45,-0.164,-0.003,-0.106,-2.08,-9.12,-5.916,1549046482252
45,-0.219,-0.038,-0.137,-2.032,-9.373,-4.588,1549046482272
45,0.127,-0.067,-0.198,-2.446,-8.678,-5.601,1549046482292
45,0.391,-0.029,-0.188,-2.005,-8.819,-5.486,1549046482312
45,0.227,-0.161,-0.185,-1.587,-9.26,-4.997,1549046482332
45,0.025,-0.181,-0.182,-1.746,-8.912,-5.113,1549046482352
45,0.092,-0.114,-0.14,-1.857,-8.462,-5.328,1549046482373
45,0.157,-0.053,-0.146,-2.318,-8.336,-5.474,1549046482392
45,0.247,-0.03,-0.126,-1.789,-8.657,-5.756,1549046482412
45,0.142,-0.066,-0.075,-1.078,-9.09,-4.432,1549046482432
46,-0.056,-0.062,0.033,-1.743,-9.452,-4.778,1549046482452
46,0.05,0.089,0.008,-1.675,-8.337,-5.687,1549046482472
46,0.198,0.119,0.02,-2.14,-8.296,-5.46,1549046482493
46,0.095,0.108,0.025,-1.395,-9.551,-4.834,1549046482513
46,-0.179,-0.02,-0.034,-1.75,-9.5,-4.323,1549046482533
46,0.011,0.029,-0.049,-1.68,-8.558,-4.995,1549046482553
46,0.203,0.053,-0.065,-1.623,-8.818,-4.587,1549046482573
46,0.269,0.092,-0.085,-1.685,-8.555,-5.264,1549046482592
46,0.188,0.131,-0.082,-1.475,-8.671,-5.076,1549046482612
46,0.021,0.077,-0.119,-1.648,-8.696,-5.149,1549046482633
47,0.004,0.095,-0.13,-1.769,-8.666,-5.477,1549046482653
47,0.005,0.045,-0.12,-1.138,-9.709,-4.352,1549046482672
47,0.001,-0.011,-0.138,-1.575,-8.828,-5.251,1549046482693
47,0.042,0.074,-0.109,-1.454,-9.273,-5.09,1549046482713
47,0.11,0.095,-0.124,-1.699,-8.716,-5.59,1549046482733
47,0.143,0.157,-0.086,-1.661,-8.52,-5.729,1549046482753
47,0.074,0.084,-0.064,-1.268,-9.352,-5.146,1549046482772
47,-0.024,0.019,-0.075,-1.401,-9.223,-5.057,1549046482792
47,-0.085,0.03,-0.048,-1.548,-9.326,-4.89,1549046482813
47,-0.014,0.034,-0.034,-1.746,-8.988,-4.936,1549046482833
48,0.08,0.062,-0.014,-2.068,-8.848,-5.435,1549046482853
48,0.048,0.091,-0.005,-1.933,-9.167,-4.948,1549046482873
48,0.015,0.064,-0.027,-1.507,-9.247,-5.005,1549046482892
48,0.081,0.06,-0.027,-1.749,-8.94,-4.995,1549046482912
48,0.145,0.074,-0.031,-1.576,-9.383,-5.342,1549046482932
48,0.155,0.076,-0.034,-1.917,-9.231,-5.433,1549046482953
48,0.221,0.062,-0.026,-1.592,-8.794,-5.039,1549046482972
48,0.313,0.011,-0.045,-1.03,-9.25,-4.942,1549046482992
48,0.265,-0.014,-0.053,-1.328,-8.962,-4.665,1549046483013
48,0.202,0.021,-0.056,-1.269,-8.991,-4.747,1549046483033
48,0.24,0.021,-0.06,-1.287,-9.416,-4.838,1549046483053
49,0.3,0.0,-0.06,-1.433,-9.029,-4.613,1549046483073
49,0.27,-0.001,-0.027,-1.314,-9.329,-4.615,1549046483093
49,0.237,-0.009,-0.061,-1.494,-9.377,-4.428,1549046483112
49,0.167,0.0,-0.008,-1.629,-8.675,-4.844,1549046483132
49,0.145,-0.011,-0.067,-2.061,-8.332,-5.236,1549046483153
49,0.025,-0.007,-0.025,-2.037,-8.946,-5.236,1549046483173
49,-0.06,-0.056,-0.032,-1.486,-9.347,-5.128,1549046483193
49,-0.008,-0.042,-0.034,-1.413,-8.947,-4.953,1549046483213
49,0.039,0.026,0.003,-1.476,-8.518,-5.239,1549046483233
49,0.005,0.049,0.017,-1.301,-9.484,-4.639,1549046483253
50,-0.028,0.009,0.013,-1.169,-9.744,-4.488,1549046483273
50,0.12,0.046,0.023,-1.469,-8.71,-5.095,1549046483293
50,0.318,0.099,0.025,-1.718,-8.295,-5.046,1549046483313
50,0.262,0.083,0.024,-1.758,-9.314,-4.91,1549046483333
50,-0.093,-0.01,0.007,-1.512,-9.157,-4.883,1549046483353
50,0.008,-0.003,0.018,-1.169,-9.457,-4.237,1549046483373
50,0.055,-0.004,0.003,-1.076,-9.32,-4.343,1549046483393
50,0.046,0.011,-0.001,-1.494,-9.547,-3.965,1549046483413
50,0.008,0.042,0.02,-1.393,-9.755,-4.706,1549046483433
50,0.025,0.03,0.007,-1.564,-8.426,-5.208,1549046483453
50,0.187,0.031,0.018,-1.411,-8.734,-5.107,1549046483473
51,0.074,-0.045,-0.022,-1.307,-9.689,-4.262,1549046483493
51,-0.095,-0.07,-0.001,-1.418,-9.596,-4.0,1549046483513
51,-0.049,-0.012,0.018,-1.36,-9.06,-4.417,1549046483534
51,0.023,0.046,0.014,-1.187,-9.377,-4.452,1549046483553
51,0.1,0.056,0.004,-1.394,-9.157,-4.597,1549046483573
51,0.045,0.057,0.003,-1.623,-9.245,-4.686,1549046483593
51,-0.041,0.026,-0.006,-1.424,-9.369,-4.623,1549046483614
51,-0.068,-0.024,-0.01,-1.239,-9.234,-4.591,1549046483634
51,-0.009,-0.031,-0.012,-1.526,-9.307,-3.98,1549046483653
51,0.061,0.005,-0.003,-1.3,-9.148,-4.785,1549046483674
52,0.054,0.005,-0.008,-1.705,-9.062,-4.672,1549046483694
52,0.012,0.005,0.002,-1.351,-9.051,-4.547,1549046483714
52,-0.025,-0.019,-0.004,-1.28,-9.408,-4.64,1549046483734
52,-0.042,-0.003,-0.002,-1.604,-9.16,-4.381,1549046483754
52,-0.011,0.019,0.011,-1.479,-9.232,-4.515,1549046483774
52,0.012,0.022,0.008,-1.439,-9.386,-4.619,1549046483794
52,0.035,0.012,0.007,-1.487,-9.339,-4.483,1549046483814
52,0.035,0.019,0.012,-1.35,-9.082,-4.572,1549046483834
52,0.021,0.007,0.008,-1.469,-9.085,-4.729,1549046483854
52,0.003,0.007,0.004,-1.458,-9.263,-4.419,1549046483874
52,-0.007,-0.005,0.0,-1.661,-9.316,-4.362,1549046483894
53,0.004,0.027,0.011,-1.675,-9.251,-4.523,1549046483914
53,0.096,0.05,0.005,-1.566,-9.083,-4.714,1549046483934
53,0.104,0.022,0.0,-1.3,-9.197,-4.594,1549046483954
53,-0.023,-0.013,0.001,-1.343,-9.38,-4.246,1549046483974
53,-0.101,-0.003,0.011,-1.52,-9.306,-4.477,1549046483994
53,-0.044,0.023,0.016,-1.429,-9.087,-4.3,1549046484014
53,0.084,0.034,0.006,-1.435,-9.43,-4.559,1549046484035
53,0.054,0.053,0.006,-1.557,-9.078,-4.803,1549046484054
53,-0.018,0.03,0.01,-1.425,-9.145,-4.562,1549046484074
53,-0.083,-0.006,-0.001,-1.143,-9.432,-4.416,1549046484095
53,-0.043,-0.005,-0.005,-1.213,-9.267,-4.538,1549046484115
53,0.06,0.017,0.003,-1.301,-8.946,-4.57,1549046484135
54,0.117,0.028,0.002,-1.311,-9.228,-4.673,1549046484154
54,0.029,0.008,-0.001,-1.37,-9.388,-4.451,1549046484175
54,-0.004,-0.012,-0.01,-1.493,-9.428,-4.495,1549046484195
54,-0.01,-0.002,-0.005,-1.576,-8.998,-4.479,1549046484215
54,0.038,0.001,0.0,-1.481,-9.167,-4.439,1549046484235
54,0.0,-0.008,-0.012,-1.526,-9.39,-4.343,1549046484255
54,-0.061,-0.005,0.003,-1.35,-9.348,-4.57,1549046484275
54,-0.049,0.023,0.0,-1.343,-9.267,-4.866,1549046484295
54,-0.013,0.038,-0.012,-1.275,-9.259,-4.567,1549046484315
54,-0.071,0.024,-0.035,-1.284,-9.329,-4.69,1549046484334
55,-0.174,0.039,-0.052,-1.445,-9.46,-4.623,1549046484354
55,-0.073,0.046,-0.051,-1.514,-8.847,-4.456,1549046484375
55,-0.009,0.037,-0.029,-1.627,-8.765,-4.35,1549046484395
55,-0.086,0.024,-0.024,-1.505,-9.296,-4.481,1549046484415
55,-0.094,-0.003,-0.019,-1.449,-9.203,-4.628,1549046484435
55,-0.064,-0.027,-0.009,-1.314,-8.853,-4.707,1549046484454
55,-0.1,-0.044,-0.014,-1.466,-9.214,-4.698,1549046484475
55,-0.164,-0.076,-0.013,-1.282,-9.358,-4.67,1549046484495
55,-0.144,-0.134,0.017,-1.22,-9.283,-4.679,1549046484515
55,-0.071,-0.145,0.039,-1.295,-8.859,-4.794,1549046484535
55,-0.061,-0.128,0.06,-1.573,-8.415,-4.941,1549046484554
56,-0.099,-0.136,0.074,-1.399,-9.007,-5.083,1549046484575
56,-0.09,-0.152,0.056,-1.617,-9.153,-5.061,1549046484595
56,-0.055,-0.125,0.069,-1.799,-9.056,-4.81,1549046484615
56,-0.048,-0.103,0.091,-1.701,-9.09,-4.614,1549046484635
56,-0.066,-0.065,0.114,-1.368,-9.442,-4.946,1549046484655
56,-0.056,-0.001,0.092,-1.27,-9.805,-4.821,1549046484675
56,-0.017,0.097,0.077,-1.209,-9.358,-4.802,1549046484695
56,0.002,0.186,0.081,-1.168,-9.46,-4.99,1549046484715
56,-0.008,0.236,0.046,-1.156,-9.319,-5.029,1549046484735
56,0.042,0.27,0.011,-1.444,-9.094,-4.402,1549046484755
56,0.11,0.282,-0.005,-1.612,-9.013,-4.413,1549046484775
57,0.175,0.288,0.018,-1.731,-8.937,-4.742,1549046484795
57,0.253,0.288,0.041,-1.568,-8.933,-4.971,1549046484815
57,0.23,0.232,0.031,-1.045,-9.239,-4.642,1549046484835
57,0.135,0.193,0.046,-1.134,-9.248,-4.44,1549046484855
57,0.143,0.281,0.107,-1.614,-9.069,-4.516,1549046484875
57,0.323,0.401,0.168,-1.606,-8.745,-4.96,1549046484895
57,0.414,0.456,0.224,-1.595,-8.793,-4.714,1549046484915
57,0.252,0.436,0.261,-1.193,-9.627,-4.628,1549046484935
57,-0.036,0.394,0.307,-0.867,-9.338,-4.698,1549046484955
57,0.017,0.487,0.333,-1.15,-9.162,-4.41,1549046484976
57,0.237,0.651,0.327,-1.523,-9.32,-4.256,1549046484995
57,0.274,0.744,0.323,-1.725,-9.307,-4.671,1549046485015
58,0.301,0.767,0.307,-1.754,-9.235,-4.678,1549046485036
58,0.256,0.734,0.284,-1.779,-9.517,-4.419,1549046485055
58,0.216,0.71,0.255,-1.705,-9.233,-4.733,1549046485076
58,0.192,0.699,0.211,-1.698,-8.582,-4.84,1549046485096
58,0.051,0.66,0.186,-1.67,-8.809,-5.03,1549046485116
58,-0.163,0.587,0.14,-1.741,-10.08,-4.366,1549046485136
58,-0.261,0.536,0.167,-1.737,-9.292,-4.019,1549046485156
58,-0.114,0.523,0.164,-1.587,-8.503,-4.264,1549046485176
58,-0.169,0.463,0.191,-1.224,-9.455,-4.307,1549046485196
58,-0.119,0.42,0.183,-1.128,-9.599,-4.432,1549046485216
58,0.058,0.44,0.185,-1.437,-9.022,-4.77,1549046485235
59,0.214,0.464,0.213,-1.56,-8.74,-4.648,1549046485255
59,0.167,0.411,0.204,-1.343,-9.244,-4.447,1549046485275
59,0.044,0.353,0.165,-1.545,-8.794,-4.829,1549046485296
59,-0.049,0.356,0.205,-1.638,-9.4,-4.551,1549046485315
59,-0.045,0.318,0.206,-1.369,-9.542,-4.433,1549046485335
59,-0.027,0.312,0.208,-1.438,-9.166,-4.585,1549046485355
59,0.067,0.342,0.208,-1.651,-8.859,-4.402,1549046485376
59,0.012,0.344,0.219,-1.598,-9.386,-4.472,1549046485396
59,-0.027,0.31,0.202,-1.443,-9.563,-4.738,1549046485415
59,0.096,0.301,0.198,-1.45,-8.885,-4.739,1549046485435
60,0.214,0.307,0.191,-1.436,-8.447,-5.069,1549046485456
60,-0.019,0.265,0.166,-1.419,-8.756,-5.076,1549046485475
60,-0.332,0.193,0.14,-1.468,-10.078,-4.902,1549046485496
60,-0.383,0.141,0.134,-1.275,-9.704,-4.497,1549046485516
60,-0.07,0.152,0.112,-1.45,-9.037,-4.214,1549046485536
60,0.195,0.209,0.121,-1.48,-8.848,-4.611,1549046485556
60,0.159,0.216,0.12,-1.624,-8.802,-4.804,1549046485576
60,0.062,0.191,0.118,-1.539,-9.17,-4.702,1549046485596
60,0.031,0.156,0.091,-1.587,-9.346,-4.782,1549046485616
60,0.078,0.157,0.089,-1.619,-9.065,-4.794,1549046485636
60,0.082,0.141,0.089,-1.63,-9.142,-4.819,1549046485656
