pack,vx,vy,vz,ax,ay,az,time
1,-0.066,-0.666,0.07,-0.219,-9.245,-2.015,1549047174875
1,-0.187,-0.653,0.213,0.204,-9.716,-2.852,1549047174896
1,-0.197,-0.681,0.343,-0.443,-8.613,-3.079,1549047174915
1,-0.41,-0.728,0.457,-0.386,-9.429,-1.742,1549047174936
1,-0.933,-0.768,0.518,-1.804,-10.485,-1.487,1549047174956
1,-0.841,-0.875,0.438,-1.298,-10.317,-1.945,1549047174976
1,-0.867,-1.082,0.411,-0.363,-10.234,-1.673,1549047174996
1,-0.781,-1.073,0.341,0.32,-8.24,-2.638,1549047175015
1,-1.063,-0.925,0.355,-0.779,-9.993,-4.765,1549047175036
1,-1.057,-0.774,0.325,-1.649,-11.923,-3.814,1549047175056
1,-0.713,-0.969,0.166,-1.25,-11.812,-2.488,1549047175076
1,-0.576,-1.117,0.211,-1.02,-10.753,-2.666,1549047175095
2,-0.479,-1.148,0.177,-0.653,-8.131,-3.376,1549047175115
2,-0.292,-0.984,0.158,-1.049,-9.413,-4.118,1549047175135
2,-0.172,-0.901,0.134,-1.197,-10.21,-2.611,1549047175155
2,-0.102,-0.987,0.119,-0.352,-9.599,-2.182,1549047175176
2,-0.367,-0.896,0.187,-0.835,-9.186,-4.873,1549047175195
2,-0.675,-0.699,0.257,-2.092,-9.709,-6.008,1549047175215
2,-0.779,-0.762,0.185,-1.563,-11.135,-2.589,1549047175236
2,-0.565,-0.956,0.123,-0.879,-10.885,-1.496,1549047175256
2,-0.435,-0.724,0.138,-1.46,-10.662,-3.109,1549047175275
2,-0.43,-0.623,0.152,-1.694,-8.989,-5.015,1549047175296
2,-0.403,-0.637,0.105,-1.708,-8.844,-3.544,1549047175315
2,-0.598,-0.472,0.183,-1.539,-10.266,-2.863,1549047175336
2,-0.599,-0.489,0.197,-1.557,-10.162,-4.585,1549047175356
2,-0.422,-0.465,0.253,-1.674,-9.429,-4.544,1549047175376
2,-0.474,-0.416,0.247,-1.648,-10.02,-4.403,1549047175395
2,-0.599,-0.391,0.263,-2.269,-9.921,-4.115,1549047175415
3,-0.464,-0.501,0.207,-1.946,-9.839,-4.509,1549047175435
3,-0.281,-0.594,0.203,-1.785,-9.12,-4.722,1549047175456
3,-0.317,-0.587,0.187,-2.409,-9.466,-4.866,1549047175475
3,-0.469,-0.551,0.152,-2.724,-9.955,-3.831,1549047175495
3,-0.385,-0.692,0.086,-2.534,-9.402,-4.295,1549047175515
3,-0.167,-0.741,0.034,-2.824,-7.889,-4.844,1549047175535
3,-0.198,-0.641,0.099,-2.99,-7.93,-5.111,1549047175556
3,-0.632,-0.614,0.173,-2.819,-8.65,-4.959,1549047175576
3,-0.933,-0.536,0.271,-3.207,-9.36,-4.252,1549047175595
3,-0.839,-0.59,0.265,-3.071,-8.255,-4.644,1549047175616
3,-0.671,-0.523,0.358,-2.899,-7.443,-5.149,1549047175636
3,-0.783,-0.434,0.423,-3.39,-7.683,-5.339,1549047175655
3,-0.897,-0.312,0.466,-4.064,-8.864,-4.268,1549047175676
3,-1.02,-0.357,0.377,-3.854,-8.634,-4.797,1549047175696
3,-0.764,-0.5,0.31,-3.157,-7.492,-4.696,1549047175716
4,-0.729,-0.395,0.323,-3.823,-7.551,-4.525,1549047175735
4,-0.945,-0.235,0.398,-4.111,-6.841,-5.874,1549047175755
4,-1.397,-0.3,0.444,-3.321,-7.075,-5.726,1549047175776
4,-1.609,-0.294,0.317,-3.453,-7.721,-5.315,1549047175795
4,-1.549,0.065,0.467,-4.235,-7.651,-4.939,1549047175816
4,-1.17,0.091,0.577,-4.295,-7.839,-4.277,1549047175836
4,-0.82,0.126,0.756,-4.364,-7.142,-6.912,1549047175855
4,-0.699,0.1,0.792,-4.002,-6.625,-6.734,1549047175876
4,-0.914,0.119,0.827,-4.33,-7.437,-6.085,1549047175896
4,-0.81,0.115,0.757,-4.735,-7.717,-6.543,1549047175916
5,-0.47,-0.045,0.628,-4.183,-6.786,-6.692,1549047175935
5,-0.419,-0.159,0.454,-4.343,-6.455,-7.312,1549047175955
5,-0.53,-0.144,0.367,-4.487,-6.669,-6.73,1549047175975
5,-0.438,-0.198,0.266,-4.841,-6.376,-6.842,1549047175995
5,-0.341,-0.229,0.224,-4.746,-6.107,-6.637,1549047176016
5,-0.368,-0.195,0.22,-4.303,-6.141,-5.915,1549047176035
5,-0.377,-0.239,-0.013,-4.934,-6.284,-5.476,1549047176056
5,-0.287,-0.023,0.11,-5.267,-6.276,-6.377,1549047176076
5,-0.267,-0.081,0.22,-4.809,-5.811,-5.659,1549047176096
5,-0.259,0.056,0.357,-5.212,-6.331,-5.99,1549047176116
5,-0.128,0.177,0.353,-5.269,-6.293,-5.577,1549047176137
6,-0.148,0.075,0.206,-4.795,-5.772,-7.137,1549047176156
6,-0.292,0.083,0.176,-4.849,-6.128,-5.83,1549047176177
6,-0.361,0.15,0.229,-5.311,-6.304,-6.481,1549047176197
6,-0.123,0.048,0.144,-5.146,-5.79,-6.144,1549047176216
6,-0.116,0.044,0.034,-5.281,-5.781,-6.511,1549047176236
6,-0.06,0.097,0.065,-5.419,-6.005,-6.231,1549047176256
6,0.004,0.101,0.049,-5.512,-5.493,-6.597,1549047176277
6,0.016,0.119,0.056,-5.492,-5.56,-6.711,1549047176297
6,-0.01,0.17,0.101,-5.529,-5.894,-6.29,1549047176316
6,0.075,0.152,0.054,-5.355,-6.113,-6.507,1549047176336
6,0.138,0.17,0.024,-5.046,-5.679,-6.409,1549047176356
7,-0.064,0.152,-0.029,-4.866,-6.236,-6.582,1549047176377
7,0.002,0.161,-0.129,-5.527,-5.759,-5.546,1549047176397
7,0.2,0.202,-0.217,-5.473,-6.303,-7.243,1549047176417
7,-0.013,0.114,-0.215,-5.167,-6.455,-5.528,1549047176437
7,0.013,0.014,-0.168,-4.553,-7.444,-6.819,1549047176457
7,0.367,-0.065,-0.289,-4.954,-5.711,-6.767,1549047176477
7,0.184,0.099,-0.313,-5.149,-6.653,-6.148,1549047176497
7,0.081,-0.007,-0.353,-5.003,-7.068,-6.472,1549047176517
7,0.453,-0.076,-0.44,-5.461,-6.436,-6.831,1549047176536
7,0.421,-0.101,-0.435,-4.767,-6.47,-7.032,1549047176557
7,0.202,-0.193,-0.477,-4.975,-7.776,-5.677,1549047176576
8,0.287,-0.222,-0.506,-4.761,-7.439,-6.855,1549047176596
8,0.631,-0.321,-0.552,-4.996,-5.767,-6.922,1549047176617
8,0.493,-0.189,-0.458,-5.061,-7.338,-6.568,1549047176637
8,0.488,-0.251,-0.406,-4.41,-7.729,-5.536,1549047176656
8,0.599,-0.24,-0.426,-3.928,-7.917,-5.772,1549047176677
8,0.778,-0.277,-0.496,-3.662,-6.794,-6.557,1549047176697
8,0.572,-0.238,-0.495,-4.363,-7.612,-5.622,1549047176717
8,0.508,-0.248,-0.516,-4.064,-8.851,-5.93,1549047176737
8,0.985,-0.32,-0.613,-4.041,-6.817,-6.058,1549047176756
8,0.962,-0.385,-0.612,-3.291,-8.107,-5.817,1549047176777
9,0.758,-0.382,-0.625,-3.139,-7.988,-6.394,1549047176797
9,0.904,-0.365,-0.673,-3.7,-7.812,-6.159,1549047176817
9,0.875,-0.292,-0.658,-3.496,-7.739,-5.509,1549047176837
9,0.676,-0.297,-0.567,-3.478,-8.314,-5.26,1549047176857
9,0.524,-0.256,-0.515,-3.314,-8.375,-4.609,1549047176877
9,0.263,-0.239,-0.444,-3.453,-8.534,-4.938,1549047176897
9,0.259,-0.207,-0.42,-4.191,-7.062,-5.604,1549047176917
9,0.311,-0.299,-0.444,-3.283,-7.8,-4.853,1549047176937
9,0.107,-0.322,-0.479,-2.96,-9.204,-4.807,1549047176957
9,0.097,-0.234,-0.428,-3.397,-7.961,-4.567,1549047176977
9,0.077,-0.203,-0.441,-3.421,-8.046,-5.266,1549047176997
9,0.101,-0.224,-0.449,-3.22,-7.819,-5.483,1549047177016
9,0.071,-0.223,-0.431,-3.412,-8.222,-4.813,1549047177037
9,-0.029,-0.254,-0.428,-3.196,-8.737,-4.46,1549047177057
10,-0.072,-0.231,-0.399,-3.128,-8.671,-5.19,1549047177077
10,-0.113,-0.189,-0.33,-3.531,-8.207,-4.721,1549047177097
10,-0.17,-0.154,-0.306,-3.708,-9.139,-4.689,1549047177117
10,-0.199,-0.127,-0.264,-3.37,-8.968,-4.814,1549047177137
10,-0.042,-0.098,-0.224,-3.691,-8.613,-5.064,1549047177157
10,0.13,-0.152,-0.229,-3.383,-8.691,-4.323,1549047177177
10,0.065,-0.207,-0.241,-2.895,-10.078,-4.734,1549047177197
10,0.097,-0.183,-0.195,-3.369,-8.675,-4.513,1549047177217
10,0.07,-0.143,-0.168,-3.591,-8.437,-4.919,1549047177237
10,0.092,-0.17,-0.211,-3.183,-9.152,-4.908,1549047177257
10,0.146,-0.183,-0.23,-2.888,-9.197,-4.438,1549047177277
11,0.083,-0.166,-0.201,-3.284,-8.649,-4.318,1549047177298
11,0.1,-0.2,-0.223,-2.671,-9.216,-4.364,1549047177317
11,0.141,-0.176,-0.223,-2.612,-9.241,-4.074,1549047177337
11,0.077,-0.166,-0.208,-2.499,-9.16,-4.814,1549047177357
11,0.071,-0.193,-0.196,-2.569,-8.876,-4.794,1549047177378
11,0.102,-0.254,-0.211,-2.313,-9.056,-3.901,1549047177398
11,0.132,-0.227,-0.217,-2.597,-9.455,-4.381,1549047177417
11,0.24,-0.216,-0.2,-2.477,-8.732,-4.911,1549047177438
11,0.168,-0.235,-0.186,-2.442,-8.84,-4.855,1549047177457
11,0.083,-0.26,-0.163,-2.663,-9.251,-4.091,1549047177477
11,0.069,-0.255,-0.135,-2.445,-8.958,-4.689,1549047177498
12,0.052,-0.249,-0.095,-3.038,-8.525,-4.481,1549047177517
12,-0.079,-0.248,-0.051,-3.065,-9.242,-4.281,1549047177537
12,-0.098,-0.256,-0.01,-2.952,-9.092,-5.11,1549047177558
12,-0.074,-0.264,0.005,-2.861,-9.123,-4.37,1549047177577
12,-0.195,-0.214,0.021,-3.263,-9.185,-4.44,1549047177598
12,-0.093,-0.207,0.038,-3.109,-9.069,-3.755,1549047177618
12,-0.042,-0.188,0.033,-3.239,-9.223,-4.554,1549047177637
12,-0.051,-0.194,0.035,-2.824,-9.146,-4.504,1549047177657
12,-0.166,-0.228,0.023,-3.039,-9.247,-4.15,1549047177677
12,-0.075,-0.222,0.005,-3.397,-9.166,-4.428,1549047177698
12,0.048,-0.26,0.01,-3.063,-9.007,-4.099,1549047177717
13,0.037,-0.284,0.028,-2.944,-8.977,-4.001,1549047177738
13,-0.023,-0.258,0.036,-2.602,-8.904,-4.21,1549047177758
13,0.022,-0.231,0.03,-2.425,-8.67,-4.657,1549047177778
13,-0.028,-0.176,0.036,-2.883,-8.718,-4.276,1549047177798
13,-0.079,-0.135,0.053,-3.106,-8.87,-4.36,1549047177818
13,-0.055,-0.166,0.042,-2.847,-9.271,-4.147,1549047177838
13,-0.011,-0.174,0.024,-2.75,-8.97,-4.168,1549047177858
13,-0.002,-0.21,0.01,-2.482,-9.309,-3.649,1549047177878
13,-0.02,-0.157,0.0,-2.78,-8.514,-4.272,1549047177898
13,0.033,-0.114,-0.012,-3.347,-8.341,-4.587,1549047177917
13,-0.017,-0.137,-0.036,-3.327,-9.285,-3.888,1549047177938
13,-0.113,-0.203,-0.019,-3.064,-9.256,-4.133,1549047177958
13,-0.079,-0.218,-0.019,-3.147,-8.979,-3.863,1549047177978
13,-0.023,-0.2,-0.035,-3.122,-8.841,-3.899,1549047177998
14,-0.055,-0.155,-0.046,-3.03,-9.211,-3.79,1549047178017
14,-0.16,-0.129,-0.058,-3.24,-9.192,-3.722,1549047178038
14,-0.129,-0.13,-0.072,-3.42,-9.041,-4.066,1549047178058
14,-0.048,-0.147,-0.101,-3.291,-9.198,-4.018,1549047178078
14,-0.071,-0.137,-0.096,-3.393,-9.002,-4.096,1549047178097
14,-0.061,-0.145,-0.111,-3.204,-9.206,-3.974,1549047178118
14,-0.042,-0.179,-0.103,-3.096,-8.921,-4.381,1549047178138
14,0.063,-0.153,-0.111,-3.074,-8.376,-3.944,1549047178158
14,-0.082,-0.139,-0.109,-3.121,-9.616,-4.182,1549047178177
14,-0.166,-0.163,-0.097,-3.26,-9.023,-3.897,1549047178198
14,-0.114,-0.197,-0.112,-3.347,-8.913,-4.275,1549047178218
14,-0.082,-0.199,-0.132,-3.379,-9.008,-3.958,1549047178238
14,-0.151,-0.236,-0.129,-3.304,-9.047,-3.875,1549047178257
14,-0.134,-0.209,-0.123,-3.7,-8.913,-4.282,1549047178278
14,-0.088,-0.245,-0.119,-3.351,-9.417,-4.041,1549047178297
15,-0.06,-0.28,-0.103,-3.071,-9.245,-4.028,1549047178317
15,0.017,-0.257,-0.067,-2.925,-9.077,-3.956,1549047178338
15,-0.073,-0.229,-0.073,-3.422,-8.86,-4.26,1549047178358
15,-0.062,-0.225,-0.068,-3.179,-9.454,-3.837,1549047178377
15,-0.017,-0.222,-0.061,-3.306,-8.939,-4.189,1549047178397
15,-0.059,-0.231,-0.044,-3.249,-9.091,-4.005,1549047178418
15,-0.073,-0.213,-0.035,-3.422,-9.173,-3.707,1549047178437
15,-0.009,-0.215,-0.021,-3.352,-9.152,-4.219,1549047178458
15,0.069,-0.241,-0.014,-2.989,-9.233,-3.932,1549047178478
15,0.075,-0.229,-0.021,-3.097,-8.596,-3.825,1549047178498
15,-0.005,-0.179,0.001,-3.164,-9.025,-3.625,1549047178517
15,-0.051,-0.158,-0.031,-3.071,-9.304,-3.765,1549047178538
16,-0.04,-0.15,-0.051,-3.056,-8.987,-4.197,1549047178558
16,-0.085,-0.113,0.013,-3.257,-8.818,-3.549,1549047178578
16,-0.16,-0.102,0.008,-3.238,-9.379,-3.659,1549047178598
16,-0.072,-0.076,0.013,-3.344,-8.903,-3.677,1549047178618
16,-0.032,-0.088,0.013,-3.158,-8.913,-3.728,1549047178638
16,0.011,-0.035,0.012,-3.47,-8.914,-3.668,1549047178658
16,0.003,-0.037,-0.025,-3.221,-9.285,-3.925,1549047178678
16,-0.008,-0.047,0.02,-3.076,-9.144,-3.62,1549047178698
16,0.068,-0.037,0.049,-3.028,-9.179,-3.736,1549047178718
16,0.104,0.011,0.056,-3.129,-8.931,-4.032,1549047178738
16,0.155,-0.03,0.039,-2.325,-9.078,-4.135,1549047178758
16,0.093,-0.096,0.012,-2.593,-9.236,-3.88,1549047178779
16,-0.009,-0.079,0.013,-3.093,-9.007,-3.037,1549047178798
17,-0.04,-0.034,0.004,-3.462,-9.203,-3.362,1549047178818
17,0.055,0.004,-0.017,-3.472,-9.064,-3.746,1549047178838
17,0.131,0.003,-0.042,-3.785,-9.073,-3.308,1549047178858
17,0.05,-0.011,-0.08,-3.771,-9.48,-3.55,1549047178878
17,0.065,-0.03,-0.044,-3.328,-9.028,-3.693,1549047178898
17,0.081,-0.048,-0.06,-3.068,-9.389,-3.575,1549047178919
17,0.069,-0.046,-0.048,-3.129,-8.965,-3.884,1549047178938
17,0.038,-0.023,-0.044,-3.448,-8.864,-3.928,1549047178958
17,0.079,-0.078,-0.058,-3.172,-9.541,-3.708,1549047178979
17,0.206,-0.041,-0.027,-3.216,-8.632,-3.711,1549047178998
17,0.091,-0.041,-0.029,-3.265,-9.175,-3.475,1549047179018
18,0.031,-0.014,-0.027,-3.346,-8.903,-4.149,1549047179038
18,0.059,0.037,0.0,-3.631,-8.585,-4.473,1549047179059
18,0.122,-0.03,-0.002,-3.131,-9.472,-3.262,1549047179079
18,0.231,-0.006,-0.009,-3.663,-8.935,-3.987,1549047179098
18,0.243,-0.023,-0.003,-3.103,-9.384,-3.476,1549047179119
18,0.078,-0.09,-0.02,-3.487,-9.176,-3.797,1549047179139
18,0.097,-0.059,-0.038,-3.406,-9.152,-4.001,1549047179158
18,0.046,-0.121,-0.052,-2.69,-9.434,-3.697,1549047179179
18,-0.024,-0.048,-0.045,-3.744,-8.796,-3.997,1549047179199
18,-0.009,-0.067,-0.031,-3.112,-9.364,-3.3,1549047179219
18,0.086,-0.156,-0.027,-3.156,-9.251,-3.727,1549047179239
18,0.146,-0.129,-0.012,-3.784,-8.785,-3.49,1549047179259
18,0.067,-0.169,-0.007,-3.382,-9.238,-3.705,1549047179278
19,0.14,-0.144,-0.017,-3.559,-9.163,-3.481,1549047179299
19,0.117,-0.157,-0.006,-3.084,-9.578,-3.017,1549047179318
19,0.174,-0.139,-0.018,-3.274,-9.025,-3.331,1549047179338
19,0.154,-0.053,-0.018,-3.421,-9.181,-2.873,1549047179358
19,0.081,-0.061,-0.017,-3.701,-9.314,-3.452,1549047179379
19,0.16,-0.076,-0.013,-3.193,-9.352,-3.269,1549047179398
19,0.161,-0.114,-0.014,-3.044,-9.446,-2.423,1549047179419
19,0.169,-0.057,0.003,-3.0,-9.411,-2.949,1549047179438
19,0.21,0.051,0.025,-3.359,-8.715,-3.198,1549047179459
19,0.132,0.055,0.032,-2.809,-9.242,-3.252,1549047179479
19,0.111,0.058,0.027,-2.82,-9.388,-2.767,1549047179499
20,0.058,0.085,0.014,-2.895,-9.436,-2.52,1549047179518
20,0.17,0.123,0.0,-3.0,-8.916,-3.24,1549047179539
20,0.179,0.098,-0.02,-3.025,-9.119,-3.126,1549047179559
20,0.141,-0.004,-0.039,-2.989,-9.525,-2.6,1549047179579
20,0.219,-0.026,-0.025,-3.109,-9.34,-2.488,1549047179599
20,0.262,-0.001,-0.031,-3.592,-9.385,-2.95,1549047179619
20,0.224,0.011,-0.037,-3.459,-9.272,-3.159,1549047179639
20,0.217,-0.016,-0.034,-3.589,-9.107,-2.982,1549047179659
20,0.218,-0.07,-0.08,-3.162,-9.741,-2.877,1549047179679
20,0.259,-0.06,-0.091,-3.584,-9.621,-2.51,1549047179699
20,0.223,-0.09,-0.116,-3.343,-9.692,-2.7,1549047179719
20,0.23,-0.073,-0.121,-3.763,-9.569,-2.701,1549047179739
21,0.266,-0.12,-0.131,-3.331,-9.63,-2.441,1549047179759
21,0.469,-0.165,-0.15,-3.101,-9.541,-2.049,1549047179779
21,0.525,-0.14,-0.144,-3.121,-9.845,-1.836,1549047179799
21,0.439,-0.148,-0.164,-2.833,-10.206,-1.78,1549047179820
21,0.622,-0.165,-0.239,-2.62,-9.702,-1.667,1549047179839
21,0.764,-0.131,-0.247,-3.264,-9.895,-1.193,1549047179859
21,0.668,-0.183,-0.226,-2.712,-9.699,-1.262,1549047179879
21,0.636,-0.184,-0.215,-2.974,-9.992,-1.675,1549047179899
21,0.555,-0.144,-0.206,-3.189,-10.024,-1.867,1549047179919
21,0.512,-0.119,-0.182,-3.32,-9.485,-1.254,1549047179940
21,0.383,-0.06,-0.156,-4.034,-9.76,-0.514,1549047179960
21,0.629,0.014,-0.133,-3.933,-9.329,-2.12,1549047179979
22,0.631,-0.135,-0.185,-2.531,-9.572,-2.225,1549047180000
22,0.782,-0.139,-0.155,-3.293,-9.972,-0.949,1549047180020
22,0.387,-0.151,-0.062,-2.286,-9.657,-1.203,1549047180039
22,0.372,-0.1,-0.082,-2.697,-9.982,-1.627,1549047180060
22,0.305,-0.008,-0.004,-3.621,-9.648,-2.416,1549047180080
22,0.481,-0.088,-0.05,-2.958,-8.65,-1.81,1549047180099
22,0.454,-0.082,-0.058,-2.595,-8.96,-1.215,1549047180120
22,0.226,-0.048,-0.037,-2.828,-10.215,-0.848,1549047180140
22,0.101,-0.015,-0.009,-2.736,-9.522,-0.747,1549047180159
22,0.126,0.025,0.015,-2.601,-9.159,-0.937,1549047180179
22,-0.021,0.068,0.021,-2.651,-9.733,-0.765,1549047180199
22,-0.011,0.051,0.008,-2.592,-10.646,0.04,1549047180220
22,0.002,0.095,0.027,-2.558,-10.067,-0.468,1549047180239
23,0.073,0.121,0.031,-2.738,-9.691,-1.542,1549047180259
23,0.021,0.087,0.05,-3.187,-9.415,-1.518,1549047180279
23,-0.049,0.018,0.036,-3.009,-9.708,-1.066,1549047180300
23,-0.14,0.0,0.021,-2.831,-9.94,-0.789,1549047180319
23,-0.122,0.0,0.019,-3.014,-10.042,-1.054,1549047180340
23,0.003,0.0,0.036,-3.021,-9.414,-0.396,1549047180360
23,-0.063,-0.006,0.027,-2.774,-9.72,-0.699,1549047180380
23,-0.131,0.03,0.013,-2.828,-9.835,-0.783,1549047180400
23,-0.127,0.039,0.004,-2.977,-9.74,-1.054,1549047180420
23,-0.038,0.014,-0.003,-2.78,-9.859,-0.597,1549047180439
23,-0.047,0.001,-0.002,-2.502,-10.091,-0.017,1549047180460
24,-0.135,0.047,0.009,-2.882,-10.258,-0.596,1549047180479
24,-0.093,0.075,0.013,-3.088,-9.91,-1.269,1549047180500
24,-0.008,0.035,0.023,-2.889,-9.628,-0.879,1549047180520
24,-0.061,-0.012,0.005,-2.72,-9.889,-0.57,1549047180540
24,-0.143,0.006,0.0,-2.806,-9.876,-0.583,1549047180560
24,-0.129,0.017,0.001,-2.847,-9.79,-0.925,1549047180580
24,-0.01,0.02,0.003,-2.902,-9.641,-0.839,1549047180600
24,0.011,0.008,-0.003,-2.733,-9.838,-0.445,1549047180620
24,-0.093,0.002,-0.019,-2.694,-10.296,-0.889,1549047180640
24,-0.022,0.035,-0.008,-2.949,-9.873,-1.119,1549047180660
24,0.063,0.015,0.002,-2.88,-9.409,-1.258,1549047180680
24,0.027,0.004,-0.006,-2.877,-9.52,-0.992,1549047180700
24,-0.048,-0.008,-0.024,-2.844,-10.102,-0.739,1549047180720
25,-0.042,0.0,-0.014,-2.768,-10.32,-1.008,1549047180740
25,0.088,0.024,0.009,-3.013,-9.316,-1.431,1549047180760
25,0.069,0.019,0.012,-3.134,-9.145,-1.343,1549047180781
25,-0.031,-0.023,-0.006,-2.791,-10.009,-0.953,1549047180800
25,-0.023,-0.018,0.0,-2.772,-10.14,-1.248,1549047180820
25,0.111,0.029,0.026,-2.808,-9.998,-1.686,1549047180840
25,0.212,0.019,0.052,-2.932,-9.658,-1.666,1549047180860
25,0.195,-0.033,0.054,-2.814,-9.928,-1.402,1549047180881
25,0.353,-0.043,0.078,-3.055,-9.761,-1.052,1549047180901
25,0.45,-0.02,0.078,-3.331,-9.586,-1.491,1549047180921
25,0.397,-0.029,0.06,-3.164,-9.294,-1.039,1549047180940
25,0.206,-0.1,0.041,-2.843,-9.757,-0.171,1549047180961
26,0.219,-0.058,0.034,-2.762,-9.747,0.681,1549047180980
26,0.183,0.031,0.052,-3.145,-10.173,0.73,1549047181000
26,0.219,0.124,0.066,-3.188,-9.826,0.332,1549047181021
26,0.171,0.105,0.067,-2.933,-9.734,-0.355,1549047181041
26,0.234,0.124,0.055,-3.126,-9.49,-0.442,1549047181061
26,0.285,0.083,0.055,-2.94,-9.967,-0.073,1549047181081
26,0.005,0.045,0.018,-3.08,-10.214,-0.278,1549047181101
26,0.152,0.026,0.018,-2.886,-9.664,0.105,1549047181121
26,0.467,0.026,0.011,-2.969,-9.691,0.296,1549047181140
26,0.561,0.031,-0.043,-2.831,-10.176,-0.188,1549047181160
26,0.312,-0.009,-0.043,-2.721,-9.657,-0.048,1549047181181
26,0.157,0.001,-0.011,-2.916,-9.395,0.142,1549047181201
27,0.117,-0.015,-0.022,-2.838,-9.889,0.384,1549047181221
27,0.01,0.026,-0.037,-2.845,-9.84,0.107,1549047181241
27,-0.046,0.035,-0.036,-3.164,-9.728,-0.335,1549047181260
27,-0.044,0.013,-0.025,-3.056,-9.541,0.038,1549047181281
27,0.013,0.001,-0.025,-2.993,-9.907,0.102,1549047181301
27,0.038,-0.004,-0.023,-2.937,-9.801,0.183,1549047181321
27,-0.03,-0.006,-0.023,-2.944,-9.747,-0.279,1549047181341
27,-0.066,-0.006,-0.011,-3.0,-9.96,-0.495,1549047181361
27,0.066,-0.016,-0.008,-3.276,-9.683,0.554,1549047181381
27,0.071,-0.003,-0.021,-2.605,-9.805,0.203,1549047181401
27,-0.036,-0.011,-0.032,-3.05,-9.546,-0.522,1549047181421
28,-0.017,-0.019,-0.037,-2.588,-9.738,-0.48,1549047181440
28,-0.074,-0.041,-0.037,-3.14,-10.485,-0.377,1549047181461
28,0.013,-0.066,0.011,-2.753,-9.961,-0.015,1549047181481
28,-0.09,-0.07,0.023,-2.964,-9.627,0.151,1549047181501
28,-0.152,-0.057,0.015,-2.85,-9.539,0.315,1549047181521
28,-0.152,-0.012,0.0,-2.921,-9.735,0.176,1549047181541
28,-0.091,0.004,-0.019,-3.056,-9.957,-0.028,1549047181561
28,-0.019,-0.002,-0.01,-2.958,-9.508,0.268,1549047181581
28,-0.118,0.006,-0.021,-2.857,-9.558,-0.017,1549047181601
28,-0.091,-0.002,-0.037,-2.897,-10.058,-0.249,1549047181621
28,0.0,0.003,-0.03,-2.856,-9.768,-0.178,1549047181641
28,-0.001,-0.034,-0.034,-2.655,-9.971,-0.291,1549047181661
28,0.022,-0.029,-0.031,-2.996,-9.843,0.017,1549047181681
28,-0.059,-0.04,-0.007,-2.675,-9.626,0.316,1549047181701
29,-0.202,-0.049,0.005,-2.638,-9.955,0.104,1549047181721
29,-0.099,-0.006,0.0,-2.861,-10.101,0.399,1549047181741
29,-0.284,0.052,0.044,-3.276,-9.655,-0.705,1549047181761
29,-0.736,0.042,0.099,-3.01,-9.464,-0.562,1549047181781
29,-1.408,0.023,0.111,-2.963,-10.525,-1.06,1549047181801
29,-0.719,0.09,0.105,-3.166,-9.491,-0.075,1549047181821
29,0.161,0.2,0.113,-3.356,-8.853,-0.108,1549047181841
29,0.109,0.317,0.145,-3.146,-9.843,-1.26,1549047181861
29,-0.35,0.321,0.17,-3.263,-10.337,-2.266,1549047181881
29,-0.599,0.271,0.203,-3.759,-9.039,-2.091,1549047181901
29,-0.87,0.144,0.215,-3.838,-9.4,-1.701,1549047181921
30,-1.324,0.069,0.266,-3.291,-9.749,-1.871,1549047181941
30,-1.226,0.014,0.254,-3.114,-10.097,-1.28,1549047181961
30,-1.014,0.082,0.263,-2.603,-10.733,-0.674,1549047181982
30,-0.731,0.197,0.374,-3.085,-10.087,-2.045,1549047182002
30,-0.419,0.342,0.353,-3.748,-8.671,-2.473,1549047182021
30,-0.471,0.205,0.263,-3.344,-8.422,-2.411,1549047182042
30,-0.676,0.124,0.147,-4.219,-9.849,-3.025,1549047182062
30,-0.631,0.138,0.083,-4.173,-9.776,-2.706,1549047182082
30,-0.357,0.037,0.127,-3.557,-9.626,-1.48,1549047182101
30,-0.148,0.02,0.089,-3.14,-9.478,-1.56,1549047182121
30,-0.024,0.03,0.018,-3.585,-10.61,-2.105,1549047182142
31,0.018,0.059,0.028,-3.298,-10.053,-2.857,1549047182161
31,0.049,0.04,0.042,-3.579,-9.188,-3.061,1549047182182
31,0.137,0.041,0.028,-3.814,-8.646,-2.663,1549047182201
31,0.107,-0.104,-0.033,-2.939,-10.227,-2.244,1549047182222
31,0.091,-0.084,0.0,-3.341,-9.678,-2.94,1549047182242
31,0.232,-0.048,0.056,-3.37,-8.918,-2.711,1549047182262
31,0.169,-0.076,0.035,-3.021,-9.727,-2.627,1549047182281
31,0.175,-0.092,0.046,-3.051,-9.918,-2.329,1549047182302
31,0.144,-0.047,0.064,-3.403,-9.446,-2.613,1549047182321
31,0.103,-0.034,0.086,-3.638,-9.858,-2.62,1549047182341
31,0.14,-0.094,0.088,-3.097,-9.58,-2.664,1549047182361
31,0.131,-0.053,0.114,-4.245,-9.463,-2.297,1549047182382
31,0.033,-0.093,0.099,-3.951,-9.54,-1.981,1549047182401
32,0.004,-0.19,0.093,-3.723,-10.126,-1.97,1549047182422
32,0.0,-0.131,0.127,-4.215,-9.748,-1.775,1549047182441
32,0.046,-0.079,0.173,-4.691,-9.317,-1.779,1549047182461
32,0.002,-0.05,0.159,-4.267,-9.778,-1.923,1549047182481
32,0.019,-0.045,0.168,-4.272,-9.578,-2.137,1549047182502
32,0.075,0.036,0.207,-4.121,-9.175,-1.906,1549047182522
32,0.016,0.026,0.201,-3.877,-9.773,-1.438,1549047182541
32,0.046,0.011,0.193,-3.863,-9.442,-2.048,1549047182561
32,0.139,0.045,0.193,-3.759,-9.077,-2.241,1549047182582
32,0.199,-0.002,0.188,-3.376,-9.559,-1.84,1549047182602
32,0.13,-0.049,0.166,-3.516,-9.766,-2.287,1549047182621
33,0.184,0.014,0.198,-3.66,-8.632,-2.569,1549047182642
33,0.226,-0.011,0.175,-3.252,-9.369,-2.317,1549047182662
33,0.303,0.009,0.171,-3.057,-9.461,-2.827,1549047182681
33,0.19,0.024,0.169,-3.716,-9.2,-2.256,1549047182701
33,0.049,-0.026,0.175,-3.623,-9.151,-2.057,1549047182722
33,0.144,-0.074,0.176,-3.602,-9.624,-1.99,1549047182741
33,0.186,-0.094,0.168,-3.66,-9.197,-2.436,1549047182761
33,0.166,-0.087,0.188,-4.061,-8.829,-2.12,1549047182781
33,0.087,-0.11,0.171,-4.023,-9.294,-2.323,1549047182802
33,0.043,-0.118,0.152,-4.213,-9.788,-2.164,1549047182822
33,0.012,-0.086,0.164,-4.076,-9.501,-1.978,1549047182842
34,0.005,-0.059,0.136,-3.958,-9.552,-1.945,1549047182861
34,-0.04,-0.039,0.107,-4.24,-9.473,-1.754,1549047182882
34,-0.078,-0.008,0.112,-4.382,-9.227,-2.674,1549047182902
34,-0.137,0.014,0.132,-4.557,-9.619,-1.492,1549047182922
34,-0.133,-0.02,0.125,-4.07,-9.589,-2.041,1549047182941
34,-0.019,0.025,0.165,-4.345,-9.658,-1.462,1549047182961
34,-0.156,-0.009,0.193,-4.407,-9.425,-1.757,1549047182981
34,-0.062,0.06,0.222,-4.088,-8.904,-2.116,1549047183001
34,-0.138,0.093,0.208,-3.886,-9.473,-1.578,1549047183022
34,-0.14,0.131,0.243,-4.78,-9.029,-1.656,1549047183041
34,-0.008,0.162,0.285,-4.931,-8.794,-1.304,1549047183062
34,-0.021,0.13,0.303,-4.147,-8.658,-2.107,1549047183081
34,-0.073,0.181,0.315,-3.71,-9.5,-1.118,1549047183102
34,0.019,0.243,0.281,-4.545,-8.482,-1.306,1549047183122
35,0.112,0.277,0.262,-4.853,-8.665,-1.365,1549047183142
35,0.069,0.286,0.233,-4.304,-8.394,-1.787,1549047183161
35,0.041,0.334,0.186,-4.46,-9.019,-0.915,1549047183181
35,0.133,0.324,0.143,-4.553,-8.184,-1.015,1549047183202
35,0.21,0.269,0.11,-4.777,-8.425,-1.258,1549047183222
35,0.205,0.235,0.089,-4.736,-8.002,-2.495,1549047183242
35,0.215,0.275,0.049,-4.92,-8.326,-2.007,1549047183262
35,0.126,0.293,0.006,-4.483,-8.045,-2.432,1549047183282
35,0.003,0.262,-0.053,-4.92,-8.522,-1.58,1549047183302
35,0.105,0.181,-0.072,-4.983,-7.517,-1.385,1549047183322
35,0.353,0.103,-0.074,-4.761,-8.125,-2.073,1549047183342
35,0.567,0.118,-0.074,-4.671,-8.136,-1.986,1549047183363
35,0.429,0.137,-0.105,-4.599,-8.386,-2.879,1549047183382
35,0.018,0.056,-0.108,-5.278,-7.976,-2.393,1549047183403
36,-0.346,-0.017,-0.146,-5.509,-8.315,-1.148,1549047183422
36,-0.129,-0.001,-0.136,-4.97,-8.724,-1.156,1549047183443
36,0.059,0.059,-0.074,-5.231,-7.561,-2.344,1549047183462
36,-0.059,0.071,-0.067,-4.709,-8.527,-2.655,1549047183482
36,-0.254,0.051,-0.109,-4.257,-9.238,-2.737,1549047183502
36,-0.286,0.068,-0.104,-5.068,-8.082,-2.238,1549047183523
36,-0.292,0.001,-0.069,-5.362,-8.415,-1.346,1549047183543
36,-0.216,-0.062,-0.074,-4.989,-8.305,-1.735,1549047183563
36,-0.196,-0.105,-0.053,-4.773,-8.106,-1.492,1549047183583
36,-0.338,-0.208,-0.084,-4.382,-9.741,-0.974,1549047183603
36,-0.208,-0.196,-0.084,-3.984,-9.188,-2.823,1549047183623
37,0.14,-0.101,-0.05,-4.873,-8.0,-2.612,1549047183642
37,0.04,-0.143,-0.043,-4.731,-7.889,-1.54,1549047183663
37,-0.252,-0.191,-0.089,-4.448,-9.328,-2.049,1549047183683
37,-0.094,-0.173,-0.078,-4.543,-9.351,-2.845,1549047183703
37,0.085,-0.102,-0.018,-4.898,-8.668,-1.772,1549047183723
37,-0.122,-0.161,-0.036,-4.435,-8.464,-2.093,1549047183743
37,-0.042,-0.117,-0.065,-4.899,-8.932,-2.693,1549047183763
37,-0.076,-0.148,-0.104,-5.136,-9.027,-1.618,1549047183783
37,-0.135,-0.162,-0.119,-4.961,-8.75,-2.636,1549047183802
37,0.066,-0.167,-0.116,-5.034,-8.975,-1.563,1549047183823
37,0.063,-0.214,-0.122,-4.645,-8.496,-1.422,1549047183843
38,0.028,-0.196,-0.14,-4.968,-8.388,-2.318,1549047183862
38,0.063,-0.114,-0.175,-4.902,-7.723,-3.192,1549047183882
38,0.003,-0.192,-0.214,-4.677,-8.889,-1.811,1549047183903
38,-0.109,-0.227,-0.222,-4.176,-9.647,-2.16,1549047183923
38,0.069,-0.171,-0.189,-4.232,-9.085,-2.356,1549047183943
38,0.124,-0.18,-0.172,-4.242,-9.05,-2.376,1549047183963
38,0.103,-0.175,-0.154,-4.301,-7.945,-3.345,1549047183983
38,0.047,-0.18,-0.179,-4.302,-9.102,-1.647,1549047184002
38,-0.132,-0.276,-0.223,-3.617,-9.257,-1.316,1549047184023
38,0.013,-0.161,-0.21,-4.384,-8.848,-1.006,1549047184043
39,0.046,-0.112,-0.23,-4.478,-8.446,-1.602,1549047184063
39,0.045,-0.078,-0.254,-4.433,-8.489,-2.189,1549047184083
39,0.007,-0.109,-0.314,-4.307,-9.132,-1.706,1549047184103
39,0.056,-0.12,-0.337,-4.098,-9.72,-1.592,1549047184123
39,0.154,-0.156,-0.327,-3.885,-9.233,-1.981,1549047184143
39,0.204,-0.114,-0.34,-4.146,-9.196,-2.336,1549047184163
39,0.195,-0.127,-0.36,-3.965,-9.178,-2.156,1549047184183
39,0.12,-0.123,-0.349,-3.938,-9.616,-1.646,1549047184203
39,0.036,-0.135,-0.324,-3.795,-9.645,-1.537,1549047184223
39,0.055,-0.105,-0.328,-3.56,-9.288,-1.968,1549047184243
39,0.153,-0.119,-0.343,-3.883,-9.709,-1.557,1549047184263
40,0.147,-0.106,-0.33,-3.422,-9.911,-1.876,1549047184283
40,0.105,-0.142,-0.312,-3.692,-9.198,-1.917,1549047184303
40,0.03,-0.134,-0.334,-3.426,-9.804,-1.713,1549047184323
40,0.09,-0.142,-0.284,-3.545,-9.985,-1.65,1549047184343
40,0.063,-0.095,-0.253,-3.728,-9.909,-1.622,1549047184363
40,-0.029,-0.14,-0.232,-3.339,-10.062,-1.528,1549047184383
40,0.038,-0.132,-0.237,-3.378,-9.728,-1.887,1549047184403
40,0.051,-0.115,-0.215,-3.621,-9.84,-1.397,1549047184423
40,0.0,-0.153,-0.174,-3.433,-10.166,-0.759,1549047184443
40,0.028,-0.141,-0.164,-3.541,-9.646,-1.385,1549047184464
40,0.172,-0.133,-0.136,-3.007,-10.066,-1.353,1549047184483
41,0.127,-0.118,-0.15,-3.109,-10.048,-0.891,1549047184504
41,0.012,-0.022,-0.143,-3.435,-9.733,-1.337,1549047184523
41,-0.025,-0.039,-0.142,-3.272,-9.702,-1.006,1549047184544
41,-0.019,-0.017,-0.128,-3.225,-10.234,-1.15,1549047184564
41,0.034,-0.05,-0.119,-2.794,-10.139,-0.81,1549047184584
41,0.071,-0.039,-0.129,-2.793,-9.993,-1.149,1549047184604
41,0.091,-0.054,-0.128,-2.728,-10.137,-1.248,1549047184623
41,0.101,-0.027,-0.129,-3.046,-9.47,-1.859,1549047184643
41,0.092,-0.048,-0.108,-2.966,-10.011,-1.079,1549047184664
41,0.131,-0.053,-0.107,-2.997,-10.02,-0.876,1549047184683
41,0.066,-0.046,-0.117,-3.04,-9.793,-1.086,1549047184703
42,0.084,0.0,-0.114,-3.074,-9.3,-1.75,1549047184724
42,0.074,0.002,-0.092,-2.863,-9.913,-0.948,1549047184743
42,0.052,0.052,-0.089,-2.945,-9.877,-0.952,1549047184764
42,-0.038,0.056,-0.104,-2.906,-9.602,-1.417,1549047184783
42,-0.057,0.106,-0.108,-2.915,-9.228,-1.682,1549047184803
42,0.002,0.123,-0.084,-3.025,-10.192,-0.717,1549047184824
42,0.067,0.147,-0.062,-2.745,-10.072,-0.449,1549047184844
42,-0.011,0.144,-0.041,-2.455,-9.939,-1.284,1549047184864
42,-0.015,0.154,-0.064,-2.866,-9.261,-1.987,1549047184884
42,0.023,0.17,-0.061,-2.696,-9.664,-1.45,1549047184904
42,0.099,0.1,-0.084,-2.676,-10.555,-0.154,1549047184923
43,0.099,0.111,-0.076,-3.07,-9.602,-0.595,1549047184943
43,0.209,0.048,-0.097,-2.477,-10.124,-0.804,1549047184964
43,0.278,0.048,-0.152,-2.743,-10.028,-1.481,1549047184984
43,0.563,0.065,-0.205,-3.152,-9.834,-1.527,1549047185004
43,0.224,-0.02,-0.137,-2.953,-10.586,-0.473,1549047185023
43,-0.077,-0.104,-0.15,-2.512,-9.924,-0.685,1549047185043
43,0.038,-0.066,-0.166,-2.658,-10.205,-1.265,1549047185063
43,0.311,-0.072,-0.17,-2.5,-9.747,-1.0,1549047185083
43,0.509,-0.105,-0.176,-2.432,-9.889,-0.307,1549047185103
43,0.447,-0.057,-0.162,-2.701,-9.846,-0.77,1549047185123
43,0.404,-0.053,-0.172,-2.451,-9.71,-0.443,1549047185144
44,0.46,-0.048,-0.168,-2.611,-10.155,0.142,1549047185164
44,0.367,-0.008,-0.132,-3.097,-10.041,-0.016,1549047185183
44,0.099,0.034,-0.076,-2.572,-9.763,-0.265,1549047185204
44,0.439,0.021,-0.113,-2.087,-9.815,-0.086,1549047185224
44,0.64,0.044,-0.171,-2.564,-9.873,-0.899,1549047185244
44,0.679,-0.029,-0.2,-2.707,-10.483,-0.827,1549047185263
44,0.256,-0.015,-0.069,-2.927,-10.979,-0.992,1549047185283
44,-0.035,-0.057,0.035,-2.383,-9.408,-0.545,1549047185303
44,-0.094,-0.043,0.02,-2.375,-8.594,-0.471,1549047185324
44,0.004,-0.029,-0.042,-2.359,-10.022,-0.483,1549047185343
44,0.216,-0.029,-0.066,-2.338,-10.581,-0.183,1549047185364
45,0.183,-0.013,-0.006,-2.407,-10.22,-0.378,1549047185383
45,0.245,-0.018,0.019,-2.224,-8.952,-0.188,1549047185404
45,0.271,-0.021,-0.025,-2.559,-9.757,-0.797,1549047185424
45,0.159,-0.043,-0.022,-2.498,-9.902,-0.279,1549047185443
45,0.111,-0.065,-0.002,-2.477,-10.404,0.415,1549047185464
45,0.045,-0.098,-0.007,-2.026,-10.241,1.118,1549047185483
45,0.209,-0.062,-0.001,-1.969,-10.033,0.546,1549047185503
45,0.358,-0.014,-0.014,-2.07,-9.594,-0.208,1549047185524
45,0.185,-0.02,0.014,-2.323,-10.292,0.405,1549047185544
45,0.051,-0.04,0.022,-2.118,-10.227,0.825,1549047185563
46,0.154,-0.045,0.002,-2.131,-9.711,0.396,1549047185584
46,0.086,0.026,-0.029,-2.461,-9.804,0.072,1549047185604
46,0.094,0.0,-0.013,-2.505,-9.817,0.293,1549047185624
46,0.03,-0.021,-0.019,-2.37,-10.274,1.192,1549047185644
46,-0.005,0.005,-0.033,-2.151,-9.664,0.62,1549047185664
46,0.044,0.016,-0.059,-2.287,-9.755,-0.309,1549047185684
46,-0.015,-0.029,-0.041,-2.196,-10.249,0.747,1549047185704
46,-0.048,-0.004,-0.036,-2.299,-9.911,0.272,1549047185724
46,-0.016,0.014,-0.038,-2.073,-10.015,-0.277,1549047185744
46,0.022,-0.013,-0.019,-2.364,-9.797,0.301,1549047185764
46,0.016,0.0,-0.009,-2.19,-10.067,0.558,1549047185784
46,0.046,0.01,-0.003,-2.234,-10.228,0.339,1549047185804
46,-0.003,0.004,-0.007,-2.312,-9.705,0.377,1549047185824
47,-0.047,0.003,-0.004,-2.32,-9.897,0.547,1549047185844
47,-0.051,0.013,-0.001,-2.187,-9.967,0.692,1549047185864
47,0.015,0.033,-0.005,-2.39,-9.691,0.29,1549047185884
47,0.006,0.028,-0.009,-2.305,-10.002,0.248,1549047185904
47,-0.031,0.0,-0.001,-2.113,-10.153,0.414,1549047185925
47,-0.028,0.007,0.0,-2.065,-10.007,0.267,1549047185944
47,-0.024,0.02,0.0,-2.194,-9.833,0.321,1549047185964
47,0.001,0.021,-0.009,-2.193,-9.802,0.392,1549047185984
47,-0.009,0.04,-0.011,-2.403,-9.976,0.539,1549047186004
47,-0.008,0.043,-0.023,-2.24,-9.835,0.637,1549047186024
47,-0.06,0.066,-0.027,-2.463,-10.164,0.479,1549047186044
48,-0.034,0.064,-0.028,-2.333,-9.929,0.136,1549047186064
48,-0.025,0.032,-0.037,-2.214,-9.776,0.127,1549047186084
48,-0.12,0.025,-0.035,-2.204,-9.584,-0.136,1549047186104
48,-0.174,0.018,-0.022,-2.162,-9.786,0.278,1549047186124
48,-0.254,0.047,-0.011,-2.384,-10.128,0.337,1549047186145
48,-0.364,0.08,0.006,-2.432,-10.242,-0.077,1549047186165
48,-0.251,0.04,0.014,-2.146,-9.946,-0.151,1549047186184
48,-0.09,0.032,0.029,-2.063,-9.824,-0.097,1549047186204
48,-0.093,0.059,0.04,-2.231,-9.949,0.17,1549047186225
48,-0.163,0.066,0.051,-2.144,-9.989,0.227,1549047186244
49,-0.255,0.084,0.064,-2.036,-9.882,-0.07,1549047186265
49,-0.242,0.112,0.044,-2.213,-10.195,-0.564,1549047186284
49,-0.094,0.128,0.035,-2.263,-10.147,-0.476,1549047186304
49,-0.154,0.124,0.039,-2.327,-10.046,-0.386,1549047186325
49,-0.279,0.115,0.023,-2.098,-10.216,-0.274,1549047186344
49,-0.25,0.15,-0.021,-2.104,-10.089,-0.073,1549047186364
49,-0.118,0.224,-0.049,-2.155,-10.29,-0.618,1549047186384
49,-0.34,0.304,-0.016,-2.402,-10.362,-0.729,1549047186404
49,-0.64,0.345,0.005,-2.473,-9.82,-0.426,1549047186425
49,-0.472,0.364,-0.055,-2.187,-9.911,-1.058,1549047186445
49,-0.242,0.406,-0.036,-2.455,-9.715,-0.781,1549047186465
49,-0.189,0.415,-0.035,-2.27,-9.739,-0.779,1549047186485
50,-0.282,0.449,-0.038,-2.198,-9.648,-1.204,1549047186505
50,-0.281,0.454,-0.04,-1.986,-9.913,-1.611,1549047186525
50,-0.248,0.524,-0.031,-2.27,-10.158,-1.669,1549047186545
50,-0.215,0.58,-0.023,-2.108,-10.192,-1.377,1549047186565
50,-0.392,0.624,0.04,-2.012,-10.211,-1.408,1549047186584
50,-0.454,0.687,0.064,-2.014,-9.83,-1.265,1549047186604
50,-0.432,0.76,0.04,-1.744,-10.097,-1.682,1549047186625
50,-0.403,0.88,0.052,-2.229,-10.153,-1.586,1549047186645
50,-0.392,0.922,0.033,-2.288,-10.06,-0.909,1549047186664
50,-0.569,0.899,0.043,-2.062,-10.139,-1.49,1549047186685
50,-0.686,0.893,0.083,-1.889,-10.345,-1.677,1549047186705
50,-0.653,0.907,0.15,-2.09,-9.764,-2.069,1549047186725
51,-0.5,0.883,0.169,-2.08,-9.617,-2.181,1549047186745
51,-0.262,0.899,0.201,-2.315,-10.051,-2.081,1549047186765
51,-0.269,0.881,0.184,-2.496,-9.697,-2.059,1549047186785
51,-0.442,0.815,0.192,-2.229,-9.367,-1.821,1549047186805
51,-0.711,0.721,0.17,-2.077,-9.946,-2.47,1549047186825
51,-0.609,0.691,0.162,-2.12,-9.955,-3.162,1549047186845
51,-0.203,0.766,0.167,-2.073,-9.696,-3.125,1549047186865
51,-0.033,0.821,0.166,-2.157,-9.483,-2.927,1549047186885
51,-0.102,0.795,0.147,-2.584,-9.257,-2.72,1549047186906
51,-0.264,0.705,0.102,-2.539,-9.479,-3.371,1549047186925
51,-0.176,0.577,0.048,-1.806,-9.908,-3.557,1549047186945
51,0.129,0.61,0.064,-2.256,-9.907,-3.094,1549047186966
51,0.227,0.528,0.049,-2.277,-9.918,-2.911,1549047186986
51,0.08,0.453,0.055,-2.528,-10.039,-3.231,1549047187005
51,0.133,0.367,0.048,-2.364,-9.702,-3.268,1549047187026
52,0.228,0.312,0.039,-2.326,-9.497,-2.707,1549047187045
52,0.108,0.282,0.017,-2.338,-9.742,-2.707,1549047187065
52,0.024,0.246,-0.003,-2.145,-9.564,-2.686,1549047187086
52,0.047,0.226,0.002,-1.876,-9.795,-3.004,1549047187105
52,0.186,0.228,-0.002,-2.058,-9.622,-3.012,1549047187125
52,0.335,0.211,-0.009,-2.051,-9.446,-2.704,1549047187145
52,0.232,0.194,-0.019,-1.936,-9.425,-2.893,1549047187165
52,0.078,0.188,-0.006,-2.005,-9.563,-3.225,1549047187186
52,0.054,0.194,0.015,-2.039,-9.632,-3.031,1549047187205
52,0.069,0.17,0.025,-1.985,-9.361,-2.836,1549047187226
52,-0.057,0.159,0.033,-1.968,-9.684,-2.816,1549047187246
