pack,vx,vy,vz,ax,ay,az,time
1,0.02,0.0,0.005,-1.525,-9.721,-2.707,1549046128587
1,-0.011,-0.028,0.0,-1.436,-9.883,-2.573,1549046128607
1,-0.024,-0.017,-0.001,-1.407,-10.045,-2.483,1549046128627
1,-0.018,0.006,0.012,-1.498,-9.945,-2.473,1549046128647
1,-0.019,0.008,0.035,-1.572,-9.763,-2.561,1549046128667
1,-0.032,-0.017,0.029,-1.637,-9.839,-2.556,1549046128687
1,-0.012,-0.011,0.012,-1.708,-9.76,-2.472,1549046128707
1,-0.034,-0.036,0.003,-1.595,-9.798,-2.444,1549046128728
1,-0.098,-0.052,0.019,-1.501,-10.121,-2.52,1549046128747
1,-0.091,-0.058,0.044,-1.527,-9.914,-2.443,1549046128767
1,-0.076,-0.063,0.068,-1.702,-9.715,-2.37,1549046128787
1,-0.094,-0.096,0.063,-1.77,-9.61,-2.341,1549046128807
1,-0.145,-0.111,0.047,-1.942,-9.807,-2.448,1549046128827
1,-0.165,-0.132,0.053,-1.995,-9.892,-2.5,1549046128848
1,-0.12,-0.181,0.059,-1.993,-9.616,-2.485,1549046128867
1,-0.196,-0.228,0.094,-2.154,-9.89,-2.613,1549046128888
1,-0.237,-0.274,0.104,-2.168,-10.274,-2.638,1549046128907
2,-0.127,-0.271,0.107,-2.597,-10.223,-2.407,1549046128928
2,-0.11,-0.324,0.125,-2.834,-9.699,-2.433,1549046128948
2,-0.29,-0.443,0.152,-2.997,-9.282,-2.526,1549046128968
2,-0.328,-0.645,0.09,-2.263,-9.395,-2.256,1549046128988
2,-0.4,-0.696,0.01,-1.995,-9.814,-2.502,1549046129008
2,-0.325,-0.676,-0.006,-2.039,-9.977,-2.833,1549046129028
2,-0.203,-0.675,0.162,-1.824,-9.064,-4.22,1549046129048
2,-0.32,-0.943,0.112,-1.573,-8.664,-3.914,1549046129068
2,-0.63,-1.033,0.076,-1.713,-8.218,-4.183,1549046129088
2,-0.686,-1.051,0.043,-1.943,-8.59,-4.797,1549046129107
2,-0.658,-1.045,0.187,-1.738,-9.651,-3.199,1549046129128
2,-0.69,-1.036,0.377,-1.92,-10.015,-2.024,1549046129147
2,-0.697,-0.93,0.337,-2.45,-10.212,-2.243,1549046129167
3,-0.433,-0.863,0.221,-2.681,-9.448,-3.849,1549046129188
3,-0.394,-0.87,0.291,-3.027,-10.109,-4.753,1549046129208
3,-0.249,-0.812,0.333,-3.297,-9.74,-3.538,1549046129228
3,-0.347,-0.883,0.258,-3.368,-10.46,-3.109,1549046129248
3,-0.261,-0.922,0.161,-3.412,-10.51,-3.038,1549046129267
3,0.018,-0.939,0.188,-3.201,-9.797,-3.778,1549046129288
3,0.018,-0.873,0.311,-3.41,-8.102,-2.813,1549046129308
3,-0.455,-1.047,0.2,-1.885,-7.435,-3.744,1549046129328
3,-0.859,-1.112,0.091,-2.251,-10.467,-5.189,1549046129348
3,-0.8,-0.974,0.248,-2.621,-9.219,-4.609,1549046129368
3,-0.352,-0.888,0.255,-3.378,-5.833,-3.434,1549046129388
3,-0.578,-0.856,0.19,-4.837,-7.604,-3.768,1549046129407
3,-1.22,-1.252,0.165,-4.051,-11.267,-4.501,1549046129427
3,-1.235,-1.452,0.124,-3.322,-10.461,-4.89,1549046129447
4,-0.708,-1.382,0.021,-3.815,-6.085,-3.819,1549046129468
4,-0.286,-1.178,-0.022,-4.979,-7.318,-4.247,1549046129488
4,-0.589,-1.485,0.009,-4.59,-10.935,-3.025,1549046129508
4,-0.761,-1.783,-0.171,-4.601,-10.537,-3.194,1549046129528
4,-1.16,-1.659,-0.041,-4.67,-8.947,-4.333,1549046129548
4,-1.165,-1.822,-0.142,-4.995,-8.813,-3.774,1549046129567
4,-0.575,-1.92,-0.154,-4.99,-9.094,-3.074,1549046129588
4,-0.636,-1.773,-0.137,-5.502,-8.806,-2.437,1549046129608
4,-1.108,-1.522,-0.068,-5.791,-9.539,-3.524,1549046129628
4,-1.271,-1.547,-0.069,-5.305,-10.83,-2.555,1549046129648
4,-0.841,-1.523,-0.045,-5.91,-8.812,-3.613,1549046129668
4,-0.466,-1.157,0.03,-6.153,-7.089,-5.482,1549046129688
4,-0.923,-1.125,-0.028,-5.371,-8.663,-4.199,1549046129708
5,-1.33,-1.28,-0.246,-5.115,-10.711,-3.305,1549046129728
5,-1.016,-1.112,-0.229,-6.201,-8.466,-2.317,1549046129748
5,-0.274,-0.994,-0.282,-5.819,-8.065,-3.877,1549046129768
5,-0.276,-0.861,-0.286,-5.294,-9.208,-4.364,1549046129788
5,-0.289,-0.851,-0.298,-5.147,-8.339,-2.932,1549046129808
5,-0.336,-0.795,-0.242,-5.441,-7.846,-3.388,1549046129828
5,-0.369,-0.86,-0.3,-5.538,-8.514,-3.126,1549046129848
5,-0.081,-0.724,-0.302,-5.897,-8.089,-3.934,1549046129868
5,0.028,-0.635,-0.128,-5.479,-7.137,-4.018,1549046129888
5,-0.141,-0.689,0.041,-5.246,-7.442,-3.507,1549046129908
5,-0.339,-0.746,-0.005,-5.434,-7.876,-2.988,1549046129928
5,-0.386,-0.73,-0.011,-5.487,-8.309,-2.535,1549046129948
6,-0.122,-0.651,0.086,-5.463,-7.502,-3.765,1549046129968
6,0.093,-0.547,0.199,-5.45,-7.229,-3.451,1549046129988
6,-0.132,-0.61,0.176,-5.584,-7.824,-3.0,1549046130008
6,-0.307,-0.73,0.082,-5.621,-8.553,-1.579,1549046130028
6,-0.156,-0.676,0.143,-5.625,-7.908,-1.635,1549046130048
6,0.343,-0.589,0.202,-5.541,-7.514,-1.978,1549046130068
6,0.478,-0.528,0.168,-5.405,-7.859,-3.349,1549046130087
6,0.28,-0.49,0.134,-5.59,-7.013,-3.136,1549046130108
6,0.099,-0.605,0.114,-5.753,-7.52,-1.523,1549046130128
6,-0.034,-0.684,0.028,-5.771,-8.979,-0.972,1549046130149
7,0.406,-0.492,0.079,-5.454,-7.552,-3.738,1549046130169
7,0.554,-0.444,0.129,-5.273,-6.653,-2.73,1549046130188
7,0.184,-0.509,0.142,-5.327,-8.674,-2.232,1549046130208
7,0.042,-0.46,0.103,-5.396,-8.847,-1.546,1549046130228
7,0.489,-0.411,0.18,-5.012,-8.149,-1.635,1549046130249
7,0.621,-0.325,0.188,-4.714,-8.363,-2.204,1549046130268
7,0.6,-0.268,0.136,-4.234,-8.377,-5.197,1549046130289
7,0.649,-0.628,0.209,0.572,-10.665,-2.598,1549046130309
7,0.38,-0.151,0.937,-7.571,-6.817,1.684,1549046130328
7,0.143,-0.282,-0.675,-7.482,-7.939,-1.05,1549046130348
7,0.186,-0.418,-0.43,-6.294,-8.553,-1.112,1549046130368
7,0.469,-0.319,0.01,-5.171,-7.706,-2.231,1549046130388
8,0.114,-0.395,-0.059,-5.046,-7.787,-2.354,1549046130409
8,-0.127,-0.461,-0.037,-4.958,-7.218,1.687,1549046130428
8,-0.432,-0.36,-0.023,-6.999,-7.886,-0.654,1549046130449
8,-0.475,-0.268,-0.025,-5.441,-6.734,-2.629,1549046130468
8,-0.004,-0.265,0.052,-5.473,-7.029,-2.341,1549046130489
8,-0.308,-0.257,-0.055,-5.636,-8.984,-1.023,1549046130509
8,-0.207,-0.353,-0.043,-6.013,-7.485,-0.146,1549046130529
8,-0.063,-0.369,-0.113,-6.094,-8.13,0.858,1549046130548
8,-0.141,-0.328,-0.148,-6.051,-7.996,-0.639,1549046130569
8,-0.038,-0.331,-0.142,-5.572,-7.712,-1.806,1549046130589
9,0.108,-0.386,-0.153,-5.709,-7.556,-1.594,1549046130608
9,-0.002,-0.402,-0.207,-6.057,-7.417,-1.805,1549046130629
9,0.091,-0.372,-0.196,-5.76,-7.744,-0.799,1549046130649
9,-0.251,-0.354,-0.242,-5.418,-8.827,-0.768,1549046130669
9,-0.355,-0.327,-0.219,-5.548,-7.526,-1.754,1549046130689
9,-0.271,-0.335,-0.253,-6.175,-7.931,-1.359,1549046130709
9,-0.201,-0.41,-0.344,-6.8,-9.954,-0.228,1549046130729
9,-0.067,-0.521,-0.391,-5.696,-9.361,-0.568,1549046130749
9,0.275,-0.509,-0.388,-5.117,-8.311,-0.724,1549046130769
9,0.268,-0.364,-0.438,-5.478,-8.591,-1.463,1549046130789
9,0.341,-0.293,-0.437,-6.037,-7.232,-1.793,1549046130808
9,0.021,-0.347,-0.498,-6.401,-8.322,-0.955,1549046130829
9,-0.388,-0.337,-0.391,-5.748,-9.128,-0.792,1549046130848
9,-0.124,-0.228,-0.324,-5.288,-8.257,-1.012,1549046130868
10,0.187,-0.117,-0.272,-5.197,-8.27,-0.833,1549046130888
10,0.02,-0.047,-0.199,-5.278,-8.751,-0.954,1549046130909
10,-0.196,-0.016,-0.198,-5.582,-8.478,-1.767,1549046130929
10,-0.151,-0.025,-0.225,-5.046,-8.645,-1.221,1549046130949
10,-0.076,0.0,-0.208,-4.974,-8.984,-1.258,1549046130969
10,0.083,0.042,-0.215,-5.192,-8.444,-1.297,1549046130989
10,-0.082,0.047,-0.237,-5.373,-8.316,-2.126,1549046131009
10,-0.04,0.075,-0.224,-4.975,-8.688,-1.353,1549046131029
10,-0.106,0.089,-0.211,-5.167,-8.751,-1.529,1549046131049
10,-0.096,0.089,-0.18,-5.263,-8.399,-1.504,1549046131068
11,-0.197,0.084,-0.162,-5.049,-8.881,-1.519,1549046131089
11,-0.172,0.101,-0.139,-4.9,-8.966,-0.934,1549046131108
11,-0.021,0.124,-0.127,-5.546,-9.26,-0.737,1549046131129
11,-0.108,0.147,-0.116,-5.609,-7.999,-2.187,1549046131149
11,-0.062,0.158,-0.182,-4.73,-9.277,-2.732,1549046131169
11,-0.033,0.131,-0.233,-4.758,-8.86,-1.988,1549046131189
11,0.072,0.124,-0.205,-5.004,-8.272,-0.641,1549046131209
11,-0.215,0.129,-0.256,-4.608,-9.325,-2.001,1549046131229
11,0.01,0.111,-0.309,-5.421,-8.424,-1.428,1549046131248
11,-0.177,0.119,-0.411,-4.751,-9.183,-1.728,1549046131268
11,-0.11,0.064,-0.403,-5.117,-9.083,-1.009,1549046131289
11,0.082,0.047,-0.396,-4.627,-9.07,-1.017,1549046131309
11,0.115,0.048,-0.333,-4.535,-7.795,-1.873,1549046131328
11,-0.023,0.051,-0.303,-4.929,-8.022,-1.535,1549046131349
12,-0.217,-0.079,-0.327,-4.918,-8.944,-0.86,1549046131369
12,-0.26,-0.079,-0.284,-4.814,-9.326,-0.097,1549046131389
12,-0.167,-0.038,-0.257,-4.441,-8.893,-0.917,1549046131409
12,-0.029,-0.062,-0.264,-4.739,-8.909,-0.885,1549046131429
12,0.004,-0.127,-0.275,-4.486,-8.838,-1.041,1549046131449
12,0.027,-0.25,-0.276,-4.124,-9.092,-0.509,1549046131469
12,0.083,-0.327,-0.271,-4.473,-9.938,0.157,1549046131489
12,0.255,-0.313,-0.27,-4.645,-9.271,-0.986,1549046131509
12,0.546,-0.309,-0.192,-4.352,-8.658,-1.338,1549046131529
12,0.344,-0.359,-0.134,-4.314,-9.261,-0.887,1549046131549
12,-0.03,-0.411,-0.056,-4.046,-9.342,-0.266,1549046131569
13,-0.263,-0.382,0.012,-4.305,-9.56,-1.154,1549046131589
13,-0.017,-0.353,-0.023,-4.085,-9.002,-0.762,1549046131609
13,0.119,-0.374,0.024,-4.109,-9.836,-0.209,1549046131629
13,-0.038,-0.433,-0.025,-3.903,-9.566,-0.403,1549046131650
13,-0.008,-0.465,-0.047,-3.603,-9.248,-0.309,1549046131670
13,-0.124,-0.47,-0.101,-3.876,-9.583,-0.282,1549046131690
13,0.055,-0.385,-0.125,-4.315,-9.3,-0.21,1549046131709
13,0.116,-0.389,-0.1,-3.897,-9.628,-0.349,1549046131729
13,0.073,-0.343,-0.104,-3.656,-8.932,-0.911,1549046131750
13,0.012,-0.265,-0.048,-3.598,-9.239,-0.178,1549046131770
13,-0.177,-0.248,-0.029,-3.631,-9.701,-0.172,1549046131790
14,-0.074,-0.176,0.001,-3.101,-9.228,-1.084,1549046131809
14,-0.047,-0.128,0.043,-3.463,-8.86,-1.099,1549046131829
14,-0.076,-0.113,-0.007,-3.306,-9.647,-0.357,1549046131849
14,-0.177,-0.122,0.009,-3.318,-9.607,-0.746,1549046131870
14,-0.105,-0.079,-0.053,-3.24,-9.186,-1.269,1549046131890
14,-0.085,-0.055,-0.036,-3.535,-8.654,-1.053,1549046131910
14,-0.152,-0.041,-0.1,-3.673,-10.178,-0.295,1549046131930
14,-0.176,0.02,-0.147,-3.532,-10.041,-0.927,1549046131949
14,0.121,0.074,-0.146,-3.527,-8.618,-1.15,1549046131970
14,0.012,0.085,-0.16,-3.779,-8.522,-1.428,1549046131990
14,-0.143,0.05,-0.204,-3.928,-9.732,-0.217,1549046132010
15,-0.111,0.049,-0.237,-3.51,-10.431,-0.677,1549046132030
15,0.494,0.131,-0.16,-3.362,-9.364,-0.811,1549046132050
15,0.448,0.212,-0.179,-3.872,-8.922,-0.847,1549046132070
15,0.063,0.244,-0.19,-3.557,-9.047,-0.677,1549046132090
15,-0.116,0.257,-0.167,-3.2,-10.272,-0.219,1549046132109
15,0.059,0.278,-0.175,-3.709,-9.386,-0.176,1549046132130
15,0.193,0.341,-0.132,-3.556,-10.118,-0.584,1549046132150
15,-0.004,0.414,-0.186,-3.354,-10.235,-0.707,1549046132170
15,0.076,0.483,-0.172,-3.497,-9.385,-1.108,1549046132190
15,-0.058,0.39,-0.205,-3.681,-9.827,-0.668,1549046132210
15,-0.121,0.303,-0.203,-3.119,-10.533,0.134,1549046132230
16,0.04,0.322,-0.158,-2.816,-10.468,-0.881,1549046132250
16,0.402,0.378,-0.092,-3.598,-9.352,-0.496,1549046132270
16,0.11,0.335,-0.093,-3.679,-10.233,-1.106,1549046132289
16,0.046,0.303,-0.077,-3.692,-10.159,-0.805,1549046132309
16,0.234,0.291,-0.057,-3.147,-10.148,-0.447,1549046132329
16,0.3,0.334,-0.028,-3.052,-10.334,-0.44,1549046132349
16,0.249,0.409,-0.053,-3.254,-9.982,-0.916,1549046132369
16,0.258,0.457,-0.078,-3.604,-9.623,-0.801,1549046132390
16,0.289,0.447,-0.057,-3.398,-10.096,-0.192,1549046132410
16,0.198,0.407,-0.093,-3.088,-10.058,0.101,1549046132430
17,0.363,0.414,-0.114,-2.996,-9.521,0.146,1549046132450
17,0.41,0.366,-0.106,-3.326,-9.309,-1.337,1549046132470
17,0.499,0.368,-0.106,-2.953,-9.527,-1.534,1549046132490
17,0.221,0.308,-0.134,-2.457,-10.24,-1.045,1549046132510
17,0.001,0.228,-0.108,-2.588,-10.235,-0.396,1549046132530
17,0.125,0.164,-0.119,-2.689,-9.553,-0.169,1549046132550
17,0.418,0.156,-0.128,-2.896,-9.385,-1.056,1549046132570
17,0.512,0.217,-0.141,-2.943,-9.519,-0.984,1549046132590
17,0.367,0.171,-0.115,-2.546,-10.192,-1.649,1549046132610
17,0.247,0.05,-0.103,-2.894,-9.535,-0.484,1549046132630
17,0.055,-0.054,-0.103,-2.745,-10.196,-0.459,1549046132650
18,0.195,-0.098,-0.126,-3.065,-9.127,-0.242,1549046132670
18,0.097,-0.051,-0.154,-3.01,-9.677,-0.089,1549046132690
18,0.054,0.0,-0.188,-2.875,-9.505,-0.527,1549046132710
18,-0.023,0.03,-0.211,-2.806,-9.445,-0.762,1549046132730
18,-0.119,0.011,-0.204,-3.019,-10.011,0.027,1549046132750
18,-0.127,-0.046,-0.187,-2.782,-9.736,0.082,1549046132770
18,0.015,-0.039,-0.164,-2.722,-9.353,0.589,1549046132790
18,-0.013,0.052,-0.15,-2.877,-9.905,0.949,1549046132810
18,-0.027,0.134,-0.13,-2.634,-9.638,0.168,1549046132830
18,-0.155,0.156,-0.14,-1.956,-10.887,0.152,1549046132850
18,-0.12,0.093,-0.174,-1.839,-9.832,-0.529,1549046132870
18,0.023,-0.006,-0.207,-2.225,-9.797,0.823,1549046132890
19,0.117,-0.062,-0.214,-2.78,-10.102,0.836,1549046132910
19,0.174,-0.05,-0.218,-1.975,-9.822,-0.388,1549046132930
19,-0.015,-0.049,-0.23,-1.817,-9.807,-0.557,1549046132951
19,-0.19,-0.041,-0.245,-2.305,-9.934,-0.213,1549046132971
19,-0.072,0.024,-0.251,-2.245,-9.851,0.179,1549046132991
19,0.052,0.051,-0.25,-2.021,-9.728,-0.277,1549046133011
19,0.02,0.074,-0.215,-2.345,-9.579,-0.248,1549046133031
19,-0.066,0.094,-0.195,-2.553,-10.235,-0.115,1549046133051
19,0.023,0.082,-0.189,-2.418,-9.952,0.722,1549046133071
20,0.106,0.083,-0.196,-2.368,-9.613,0.352,1549046133090
20,0.191,0.157,-0.206,-2.126,-10.548,0.635,1549046133111
20,0.218,0.161,-0.254,-2.43,-10.032,0.276,1549046133131
20,0.037,0.059,-0.294,-2.571,-10.322,-0.219,1549046133150
20,-0.067,-0.007,-0.269,-2.124,-10.843,-0.542,1549046133170
20,0.066,0.024,-0.238,-1.95,-10.037,-0.007,1549046133191
20,0.106,0.066,-0.236,-1.673,-10.49,0.074,1549046133211
20,0.014,0.098,-0.223,-1.894,-10.487,-0.021,1549046133231
20,-0.011,0.125,-0.261,-2.035,-9.886,-0.827,1549046133250
20,0.006,0.053,-0.284,-1.726,-10.24,-0.077,1549046133271
21,0.1,-0.003,-0.274,-1.568,-10.979,-0.077,1549046133291
21,0.159,-0.03,-0.254,-1.623,-10.465,-0.103,1549046133310
21,0.127,-0.044,-0.244,-1.952,-10.172,-0.747,1549046133331
21,0.031,-0.048,-0.2,-1.663,-10.361,-0.159,1549046133351
21,0.047,-0.046,-0.148,-1.301,-10.738,-0.066,1549046133371
21,0.052,-0.049,-0.134,-1.063,-10.671,0.379,1549046133391
21,-0.103,-0.035,-0.142,-1.23,-10.368,-0.365,1549046133411
21,-0.149,-0.046,-0.15,-1.816,-10.252,0.38,1549046133430
21,-0.051,-0.099,-0.171,-1.724,-10.54,0.511,1549046133450
21,0.054,-0.089,-0.171,-1.735,-10.105,0.185,1549046133470
22,0.028,-0.035,-0.15,-1.109,-10.299,0.193,1549046133491
22,0.111,-0.002,-0.13,-1.173,-10.398,-0.064,1549046133510
22,0.1,-0.003,-0.144,-1.63,-10.717,-0.127,1549046133530
22,-0.026,-0.034,-0.13,-1.282,-10.514,0.332,1549046133550
22,-0.13,-0.042,-0.123,-0.997,-10.134,0.135,1549046133571
22,-0.044,-0.018,-0.108,-0.974,-9.926,0.026,1549046133591
22,0.065,0.009,-0.103,-1.112,-10.072,0.391,1549046133611
22,0.124,0.043,-0.087,-1.376,-10.768,-0.169,1549046133631
22,0.012,0.002,-0.073,-1.028,-10.671,0.293,1549046133651
22,-0.011,-0.022,-0.086,-0.919,-10.552,0.229,1549046133671
22,0.01,-0.064,-0.124,-1.08,-9.785,0.053,1549046133691
22,0.025,-0.092,-0.116,-0.934,-9.835,-0.013,1549046133711
23,-0.008,-0.081,-0.114,-0.95,-10.284,0.065,1549046133731
23,0.023,-0.116,-0.12,-1.151,-10.447,0.718,1549046133751
23,0.089,-0.195,-0.17,-0.71,-10.504,0.971,1549046133772
23,0.128,-0.27,-0.219,-0.258,-9.904,1.431,1549046133791
23,0.262,-0.304,-0.292,-0.578,-10.141,1.0,1549046133811
23,0.579,-0.343,-0.33,-0.567,-10.841,1.019,1549046133831
23,0.834,-0.4,-0.344,-0.621,-10.614,0.797,1549046133850
23,0.707,-0.486,-0.388,-0.35,-10.503,0.464,1549046133870
23,0.584,-0.438,-0.362,-0.519,-10.906,0.865,1549046133891
23,0.46,-0.38,-0.303,-0.861,-9.991,0.692,1549046133911
24,0.467,-0.357,-0.263,-1.144,-10.428,0.854,1549046133931
24,0.357,-0.335,-0.25,-1.073,-10.431,0.656,1549046133951
24,0.381,-0.203,-0.252,-1.016,-9.282,-0.139,1549046133970
24,0.141,-0.077,-0.11,-0.738,-10.298,-0.868,1549046133990
24,0.076,-0.125,-0.065,-0.56,-9.483,0.432,1549046134010
24,-0.036,-0.172,-0.089,-0.455,-9.833,1.136,1549046134031
24,-0.074,-0.104,-0.119,-0.657,-10.177,2.116,1549046134051
24,0.002,-0.026,-0.123,-0.287,-10.534,1.643,1549046134070
24,0.17,0.053,-0.128,-0.19,-10.293,0.873,1549046134091
24,0.218,0.069,-0.129,-0.234,-9.822,0.573,1549046134111
25,0.008,-0.017,-0.122,-0.064,-9.42,1.701,1549046134131
25,-0.068,-0.119,-0.184,0.373,-10.35,1.581,1549046134152
25,0.154,-0.037,-0.19,0.131,-10.834,0.643,1549046134171
25,0.45,0.054,-0.203,-0.209,-9.286,0.221,1549046134191
25,0.082,0.061,-0.075,-0.4,-9.965,-0.103,1549046134210
25,-0.192,-0.019,-0.102,-0.225,-9.732,1.302,1549046134231
25,-0.154,-0.063,-0.086,-0.081,-10.733,2.252,1549046134252
25,-0.196,0.011,-0.089,-0.467,-10.256,1.654,1549046134271
25,-0.092,0.098,-0.048,-0.229,-11.148,0.977,1549046134292
25,0.002,0.133,0.0,-0.385,-9.444,0.906,1549046134311
25,-0.12,0.091,0.021,-0.049,-10.102,0.783,1549046134331
25,-0.221,0.069,0.004,0.0,-9.778,1.811,1549046134351
25,-0.067,0.029,-0.03,0.319,-9.761,1.912,1549046134372
26,-0.087,0.052,-0.06,0.276,-10.656,0.885,1549046134392
26,0.06,0.129,-0.054,0.04,-10.345,0.811,1549046134411
26,0.053,0.089,-0.029,-0.027,-9.599,0.571,1549046134431
26,-0.082,0.069,-0.049,0.01,-10.147,0.443,1549046134452
26,0.1,0.128,-0.083,0.104,-10.585,-0.078,1549046134472
26,0.294,0.286,-0.12,-0.092,-10.001,0.474,1549046134492
26,0.254,0.311,-0.126,0.065,-10.708,0.745,1549046134512
26,-0.085,0.322,-0.137,0.101,-10.672,-0.186,1549046134532
26,0.202,0.294,-0.164,-0.437,-9.235,0.971,1549046134552
26,0.104,0.196,-0.119,-0.19,-9.616,0.399,1549046134572
26,0.177,0.238,-0.132,0.144,-10.273,1.653,1549046134592
26,0.314,0.413,-0.247,-0.35,-10.396,3.058,1549046134612
26,0.229,0.475,-0.283,-0.223,-10.284,2.11,1549046134632
26,-0.079,0.423,-0.184,0.163,-10.675,1.731,1549046134651
27,-0.24,0.301,-0.061,0.225,-9.92,2.67,1549046134672
27,0.028,0.299,-0.025,0.396,-9.557,2.589,1549046134692
27,0.468,0.382,-0.037,0.433,-8.862,2.476,1549046134712
27,0.14,0.301,0.006,0.219,-9.742,1.469,1549046134732
27,-0.306,0.093,-0.048,0.74,-10.846,0.564,1549046134751
27,-0.118,-0.014,-0.062,0.522,-10.018,1.798,1549046134772
27,0.27,0.063,-0.039,-0.014,-9.21,2.154,1549046134792
27,0.446,0.144,-0.015,-0.145,-10.173,1.863,1549046134811
27,0.227,0.102,-0.022,0.596,-10.8,1.155,1549046134831
27,0.176,0.08,-0.01,0.68,-10.011,1.434,1549046134852
27,0.017,0.033,-0.035,-0.106,-10.003,1.688,1549046134872
27,-0.025,0.018,-0.033,0.026,-10.014,1.346,1549046134891
27,-0.093,-0.002,-0.017,0.404,-9.482,1.576,1549046134912
28,-0.092,-0.016,-0.026,0.471,-9.928,1.625,1549046134932
28,0.012,0.014,-0.038,0.198,-10.283,1.767,1549046134952
28,0.008,0.023,-0.036,0.132,-9.804,1.411,1549046134972
28,-0.035,-0.002,-0.037,0.254,-9.898,1.626,1549046134992
28,-0.037,-0.023,-0.044,0.358,-10.052,1.571,1549046135012
28,0.057,-0.008,-0.042,0.108,-10.341,1.412,1549046135032
28,0.036,-0.015,-0.039,0.135,-10.317,1.272,1549046135052
28,-0.074,-0.051,-0.02,0.125,-9.971,1.511,1549046135072
28,-0.184,-0.065,-0.018,0.254,-10.253,1.67,1549046135092
28,-0.093,-0.009,-0.005,0.284,-9.98,1.715,1549046135112
28,-0.02,0.011,-0.013,0.254,-10.082,1.723,1549046135132
29,-0.058,-0.008,-0.03,0.409,-10.003,1.666,1549046135152
29,-0.017,-0.007,-0.038,0.312,-9.677,1.924,1549046135172
29,0.098,0.0,-0.045,0.387,-9.717,1.88,1549046135192
29,0.11,-0.026,-0.054,0.633,-10.098,1.466,1549046135212
29,0.171,-0.079,-0.059,0.558,-10.068,2.081,1549046135232
29,0.006,-0.147,-0.042,0.385,-10.083,2.25,1549046135252
29,-0.152,-0.135,-0.004,0.378,-9.851,1.72,1549046135272
29,-0.197,-0.114,0.013,0.232,-9.275,1.812,1549046135291
29,-0.473,-0.141,0.02,0.435,-10.215,1.322,1549046135312
29,-0.914,-0.158,0.044,0.384,-11.097,1.191,1549046135332
29,-1.235,-0.206,0.121,0.228,-11.238,0.551,1549046135352
29,-1.101,-0.22,0.113,-0.102,-9.932,0.81,1549046135372
29,-1.247,-0.258,0.157,0.05,-10.105,0.636,1549046135392
30,-1.199,-0.246,0.159,0.056,-10.641,0.039,1549046135412
30,-0.847,-0.062,0.111,-0.319,-9.721,0.27,1549046135432
30,-0.867,0.038,0.132,-0.197,-9.425,0.452,1549046135452
30,-1.408,0.064,0.155,-0.264,-9.366,0.797,1549046135471
30,-2.37,0.154,0.217,-0.028,-10.408,1.093,1549046135492
30,-2.313,0.241,0.134,0.335,-11.663,-3.65,1549046135512
30,0.65,0.184,0.222,-0.491,-10.398,-0.954,1549046135532
30,1.489,0.059,0.191,-0.38,-10.039,-0.368,1549046135552
30,0.642,-0.103,0.006,0.019,-8.468,-1.636,1549046135572
30,-0.687,0.014,0.026,1.396,-11.858,-1.669,1549046135592
31,-0.328,0.055,0.154,0.176,-10.916,-0.66,1549046135613
31,0.198,0.059,0.178,0.459,-8.956,-0.774,1549046135632
31,-0.194,0.044,0.149,0.228,-9.645,-0.792,1549046135653
31,-0.552,0.106,0.137,-0.105,-10.057,-1.194,1549046135673
31,-0.498,0.155,0.191,-0.252,-10.615,-1.673,1549046135692
31,-0.341,0.135,0.209,-0.491,-10.495,-1.652,1549046135713
31,-0.257,0.044,0.173,-0.416,-10.317,-1.396,1549046135732
31,-0.478,-0.002,0.145,-0.371,-10.999,-1.538,1549046135753
31,-0.638,0.03,0.276,-0.615,-10.155,-1.487,1549046135772
31,-0.605,0.036,0.212,0.388,-8.552,-2.029,1549046135793
31,-0.378,0.053,0.294,0.381,-10.798,-1.937,1549046135813
32,0.034,0.109,0.18,0.189,-11.213,-2.677,1549046135833
32,-0.007,0.049,0.216,0.01,-10.431,-1.693,1549046135852
32,-0.268,-0.026,0.145,-0.314,-10.226,-0.83,1549046135873
32,-0.27,-0.024,0.04,-0.293,-10.971,-1.4,1549046135893
32,0.149,0.081,0.046,-0.44,-10.567,-1.803,1549046135913
32,0.23,0.128,0.035,-0.713,-10.046,-2.089,1549046135933
32,0.039,0.061,0.011,-0.415,-10.786,-1.799,1549046135953
32,0.011,-0.014,0.026,-0.246,-10.423,-1.694,1549046135972
32,0.049,-0.031,0.049,-0.56,-10.299,-1.83,1549046135993
32,0.041,-0.016,0.066,-0.617,-10.301,-1.9,1549046136013
32,0.038,-0.004,0.081,-0.336,-10.733,-1.474,1549046136033
33,0.152,0.013,0.112,-0.305,-10.523,-1.682,1549046136052
33,0.119,0.006,0.123,-0.438,-10.606,-1.955,1549046136072
33,0.076,0.002,0.164,-0.221,-10.636,-1.363,1549046136093
33,0.131,0.033,0.174,-0.617,-10.201,-1.462,1549046136112
33,0.068,0.016,0.157,-0.859,-10.779,-1.542,1549046136133
33,0.143,0.039,0.167,-0.847,-10.353,-1.31,1549046136153
33,0.195,0.063,0.164,-0.869,-10.652,-1.469,1549046136173
33,0.172,0.045,0.161,-1.032,-10.327,-1.289,1549046136192
33,0.062,0.028,0.165,-1.062,-10.298,-1.04,1549046136213
33,0.059,0.039,0.16,-0.691,-10.867,-1.296,1549046136233
33,0.205,0.051,0.194,-0.893,-10.622,-1.393,1549046136252
33,0.13,0.059,0.223,-0.975,-9.754,-1.809,1549046136272
33,0.0,0.051,0.223,-0.712,-10.618,-1.183,1549046136293
33,0.013,0.059,0.231,-0.761,-10.702,-1.268,1549046136313
34,0.238,0.106,0.287,-0.693,-9.843,-1.436,1549046136333
34,0.197,0.124,0.275,-1.048,-10.654,-1.415,1549046136353
34,0.168,0.134,0.275,-1.105,-10.737,-1.189,1549046136372
34,0.179,0.132,0.271,-1.31,-10.465,-1.105,1549046136393
34,0.166,0.111,0.266,-1.185,-10.191,-1.336,1549046136413
34,0.214,0.113,0.249,-1.074,-10.564,-0.455,1549046136433
34,0.304,0.165,0.197,-1.399,-10.604,-0.827,1549046136452
34,0.36,0.171,0.15,-1.527,-9.985,-2.193,1549046136472
34,0.251,0.11,0.166,-1.072,-9.623,-1.816,1549046136493
34,0.034,0.147,0.16,-1.228,-10.69,-0.841,1549046136513
34,0.008,0.217,0.151,-1.576,-10.473,-1.938,1549046136533
34,0.171,0.23,0.174,-1.387,-9.667,-1.907,1549046136553
34,-0.043,0.309,0.157,-1.697,-9.697,-1.847,1549046136573
34,-0.014,0.333,0.167,-1.623,-9.905,-1.973,1549046136593
35,-0.043,0.29,0.172,-1.707,-10.364,-1.741,1549046136613
35,-0.048,0.257,0.201,-1.451,-10.452,-1.328,1549046136633
35,-0.083,0.259,0.177,-1.67,-9.958,-1.951,1549046136653
35,-0.026,0.223,0.113,-1.43,-9.297,-2.032,1549046136673
35,-0.072,0.248,0.196,-1.426,-9.76,-2.378,1549046136693
35,-0.256,0.283,0.213,-1.357,-10.615,-1.769,1549046136713
35,-0.454,0.34,0.225,-1.285,-10.317,-1.875,1549046136733
35,-0.393,0.354,0.088,-1.418,-9.185,-2.403,1549046136753
35,-0.375,0.391,0.066,-1.663,-10.415,-1.461,1549046136773
35,-0.5,0.442,0.048,-1.77,-9.596,-2.295,1549046136793
36,-0.181,0.451,0.023,-1.466,-9.663,-1.511,1549046136813
36,-0.312,0.463,0.073,-1.693,-9.121,-1.871,1549046136833
36,-0.39,0.453,0.07,-1.486,-9.826,-1.434,1549046136853
36,-0.596,0.405,0.144,-1.038,-10.493,-1.855,1549046136873
36,-0.237,0.385,0.1,-1.469,-9.73,-1.668,1549046136894
36,-0.02,0.398,0.006,-2.052,-8.781,-1.643,1549046136913
36,-0.112,0.343,0.02,-1.539,-9.649,-1.686,1549046136933
36,-0.222,0.314,0.001,-1.562,-10.135,-1.499,1549046136954
36,-0.105,0.334,-0.012,-1.336,-9.473,-1.741,1549046136973
36,0.114,0.348,0.023,-1.428,-9.494,-1.387,1549046136993
36,0.002,0.301,0.009,-1.635,-9.701,-1.71,1549046137014
37,-0.025,0.277,0.032,-2.054,-9.584,-2.736,1549046137033
37,-0.008,0.144,0.031,-1.752,-9.957,-2.088,1549046137054
37,0.082,0.082,0.022,-1.918,-10.141,-1.532,1549046137074
37,0.099,0.061,0.044,-2.204,-9.438,-1.474,1549046137094
37,0.143,0.055,0.101,-1.789,-10.149,-2.83,1549046137113
37,0.2,0.043,0.19,-2.484,-8.895,-2.283,1549046137133
37,-0.032,0.027,0.236,-2.137,-10.629,-1.513,1549046137154
37,-0.171,0.006,0.206,-2.946,-9.808,-1.585,1549046137173
37,0.101,-0.022,0.201,-2.594,-9.0,-1.446,1549046137194
37,0.109,-0.051,0.192,-1.886,-10.052,-2.114,1549046137214
38,0.06,-0.038,0.205,-2.553,-9.397,-2.243,1549046137234
38,-0.068,-0.143,0.165,-2.694,-9.771,-1.703,1549046137253
38,-0.093,-0.27,0.076,-2.544,-9.485,-1.703,1549046137274
38,0.051,-0.33,0.101,-2.076,-9.5,-1.681,1549046137294
38,0.107,-0.28,0.134,-2.733,-9.283,-2.169,1549046137314
38,0.153,-0.247,0.233,-2.783,-9.351,-2.537,1549046137334
38,-0.049,-0.258,0.29,-2.467,-9.746,-2.719,1549046137353
38,-0.162,-0.306,0.279,-2.259,-10.154,-2.533,1549046137373
38,-0.05,-0.319,0.315,-2.832,-9.564,-1.136,1549046137394
38,0.012,-0.335,0.343,-3.281,-8.97,-2.586,1549046137413
38,0.008,-0.401,0.369,-2.889,-9.798,-2.669,1549046137434
38,-0.051,-0.433,0.358,-2.996,-10.273,-2.498,1549046137453
39,-0.16,-0.517,0.327,-2.82,-10.099,-2.009,1549046137473
39,-0.052,-0.553,0.307,-2.996,-9.272,-2.169,1549046137493
39,0.052,-0.562,0.298,-3.416,-8.64,-1.71,1549046137514
39,-0.011,-0.56,0.303,-3.895,-9.528,-1.409,1549046137533
39,-0.105,-0.578,0.355,-3.332,-9.88,-3.344,1549046137554
39,0.09,-0.546,0.447,-3.1,-8.807,-2.079,1549046137574
39,-0.162,-0.51,0.463,-3.005,-8.51,-1.502,1549046137594
39,-0.309,-0.481,0.485,-4.144,-9.463,-1.023,1549046137614
39,-0.132,-0.417,0.5,-4.095,-8.706,-1.552,1549046137634
39,-0.064,-0.404,0.545,-4.111,-8.969,-1.486,1549046137654
39,-0.206,-0.401,0.557,-3.663,-9.309,-2.387,1549046137674
40,-0.35,-0.435,0.573,-3.831,-9.432,-1.909,1549046137693
40,-0.329,-0.511,0.521,-4.587,-9.313,0.174,1549046137713
40,-0.14,-0.521,0.484,-4.796,-9.107,-1.05,1549046137734
40,-0.04,-0.422,0.45,-4.029,-9.085,-2.305,1549046137754
40,-0.345,-0.367,0.378,-4.027,-9.284,-2.322,1549046137774
40,-0.494,-0.358,0.287,-5.042,-10.985,-2.418,1549046137794
40,-0.261,-0.339,0.277,-5.586,-8.829,0.277,1549046137814
40,-0.223,-0.317,0.235,-4.428,-8.333,-1.831,1549046137834
40,-0.156,-0.293,0.239,-5.372,-9.282,-2.732,1549046137854
40,-0.083,-0.336,0.242,-4.295,-10.003,-1.925,1549046137874
40,-0.12,-0.286,0.258,-4.847,-9.265,-2.164,1549046137894
40,-0.055,-0.256,0.278,-4.541,-9.605,-1.982,1549046137914
41,-0.125,-0.267,0.239,-4.964,-9.934,-2.006,1549046137934
41,-0.101,-0.273,0.228,-5.099,-9.326,-1.846,1549046137954
41,0.004,-0.28,0.217,-5.044,-8.853,-1.629,1549046137973
41,0.186,-0.182,0.246,-4.859,-9.898,-1.253,1549046137994
41,0.415,-0.062,0.336,-4.572,-9.038,-1.444,1549046138014
41,0.458,-0.005,0.372,-4.701,-9.713,-0.455,1549046138034
41,0.202,-0.011,0.371,-4.46,-10.293,-0.048,1549046138053
41,0.069,-0.02,0.362,-5.383,-7.665,-3.869,1549046138073
41,0.404,-0.01,0.315,-5.562,-7.725,-1.239,1549046138094
41,0.506,0.076,0.347,-5.081,-9.599,-0.997,1549046138114
42,0.445,0.124,0.379,-4.936,-8.923,-1.293,1549046138134
42,0.143,0.131,0.328,-4.239,-9.682,-0.885,1549046138154
42,0.23,0.234,0.303,-5.014,-8.113,-1.237,1549046138174
42,0.446,0.318,0.231,-5.277,-7.444,-1.546,1549046138193
42,0.405,0.328,0.193,-4.917,-8.138,-1.028,1549046138213
42,0.159,0.324,0.144,-4.86,-9.175,-1.731,1549046138234
42,0.356,0.412,0.127,-4.798,-8.778,-1.857,1549046138253
42,0.517,0.442,0.13,-4.993,-8.345,-1.211,1549046138273
42,0.312,0.42,0.094,-4.948,-8.318,-1.131,1549046138294
42,0.231,0.419,0.085,-4.879,-8.781,-1.628,1549046138314
42,0.281,0.47,0.087,-5.223,-8.197,-1.922,1549046138334
43,0.233,0.493,0.074,-5.424,-8.939,-1.168,1549046138354
43,0.136,0.482,0.044,-5.321,-8.62,-1.496,1549046138374
43,0.17,0.486,0.016,-5.23,-8.816,-1.221,1549046138394
43,0.177,0.529,-0.012,-5.485,-8.289,-1.127,1549046138414
43,0.191,0.552,-0.051,-5.634,-8.84,-1.031,1549046138434
43,0.188,0.535,-0.08,-5.518,-8.841,-0.986,1549046138455
43,0.183,0.494,-0.074,-6.073,-7.84,-1.362,1549046138474
43,0.203,0.4,-0.091,-5.875,-8.449,-1.105,1549046138495
43,0.219,0.354,-0.081,-5.463,-8.962,-1.106,1549046138514
43,0.163,0.301,-0.05,-5.128,-8.983,-0.885,1549046138534
44,0.202,0.281,0.012,-5.698,-8.144,-1.208,1549046138554
44,0.191,0.27,0.038,-5.901,-7.986,-0.59,1549046138574
44,0.166,0.257,0.041,-5.524,-8.764,-0.382,1549046138595
44,0.124,0.253,0.051,-5.738,-8.851,-0.717,1549046138614
44,0.219,0.262,0.08,-5.818,-8.296,-0.86,1549046138635
44,0.216,0.222,0.069,-5.529,-8.349,-0.818,1549046138655
44,0.135,0.146,0.049,-5.507,-9.025,-0.227,1549046138675
44,0.188,0.064,0.034,-4.702,-9.541,-1.455,1549046138695
44,0.257,0.003,0.022,-4.995,-8.534,-1.782,1549046138715
44,0.179,-0.075,0.016,-5.394,-8.407,-0.823,1549046138735
44,0.073,-0.158,-0.008,-5.484,-8.715,0.06,1549046138755
44,0.187,-0.199,0.021,-5.662,-8.139,-0.254,1549046138775
45,0.202,0.281,0.012,-5.71,-8.043,-1.391,1549046138795
45,0.084,-0.179,0.059,-5.525,-8.366,-1.726,1549046138815
45,-0.064,-0.146,0.056,-5.455,-8.453,-1.409,1549046138835
45,0.058,-0.171,0.114,-5.532,-8.526,-0.013,1549046138854
45,0.046,-0.213,0.134,-5.863,-7.855,0.057,1549046138875
45,0.148,-0.168,0.187,-5.469,-8.328,-0.664,1549046138895
45,0.077,-0.155,0.245,-5.44,-9.153,-1.479,1549046138915
45,-0.074,-0.183,0.26,-5.417,-9.178,-1.095,1549046138935
45,-0.16,-0.229,0.23,-5.394,-8.678,-0.114,1549046138955
45,0.238,-0.189,0.231,-5.402,-8.701,-0.895,1549046138975
45,0.497,-0.112,0.161,-5.859,-7.743,-1.16,1549046138995
45,0.305,-0.093,0.115,-5.975,-8.544,-0.527,1549046139014
46,0.031,-0.108,0.043,-5.331,-8.922,-0.1,1549046139034
46,-0.013,-0.057,-0.025,-5.164,-8.818,-0.79,1549046139054
46,0.239,0.017,-0.006,-5.26,-8.325,-0.423,1549046139074
46,0.196,0.075,-0.083,-5.344,-8.91,-1.184,1549046139095
46,0.132,0.121,-0.101,-5.711,-7.201,-0.562,1549046139115
46,0.388,0.164,-0.119,-5.648,-7.452,0.554,1549046139135
46,0.301,0.153,-0.082,-5.574,-7.661,0.36,1549046139154
46,0.1,0.187,-0.079,-4.931,-7.842,-0.564,1549046139174
46,-0.021,0.267,-0.064,-4.846,-8.431,-0.721,1549046139195
46,0.092,0.282,-0.06,-5.365,-8.001,0.653,1549046139215
46,0.348,0.292,-0.083,-4.762,-8.258,-0.781,1549046139235
46,0.463,0.38,-0.109,-5.25,-8.386,0.042,1549046139255
46,0.379,0.453,-0.115,-5.041,-9.002,-0.427,1549046139275
46,0.351,0.452,-0.099,-5.054,-8.801,-0.447,1549046139294
47,0.43,0.437,-0.148,-4.956,-9.089,-0.404,1549046139314
47,0.476,0.425,-0.193,-5.219,-8.555,-1.193,1549046139335
47,0.368,0.398,-0.244,-5.361,-8.703,0.728,1549046139355
47,0.363,0.337,-0.318,-5.208,-8.222,0.172,1549046139375
47,0.452,0.338,-0.362,-5.223,-8.155,-0.273,1549046139395
47,0.526,0.354,-0.379,-4.441,-9.241,-0.451,1549046139415
47,0.301,0.317,-0.433,-5.064,-8.222,-0.577,1549046139435
47,0.298,0.337,-0.425,-5.582,-7.944,-0.216,1549046139455
47,0.271,0.348,-0.406,-5.303,-8.201,0.79,1549046139475
47,0.408,0.329,-0.345,-4.859,-9.357,1.657,1549046139494
47,0.552,0.328,-0.303,-3.598,-9.884,-1.531,1549046139516
47,0.434,0.338,-0.292,-4.915,-7.563,0.215,1549046139535
47,0.364,0.304,-0.223,-4.895,-9.065,0.188,1549046139555
47,0.245,0.233,-0.288,-4.674,-9.482,1.223,1549046139575
47,0.12,0.17,-0.27,-4.248,-9.021,0.418,1549046139595
48,0.445,0.122,-0.218,-4.097,-8.992,0.798,1549046139615
48,0.545,0.097,-0.226,-4.261,-8.483,0.545,1549046139635
48,0.385,0.092,-0.237,-3.777,-9.069,0.352,1549046139655
48,0.179,0.091,-0.257,-3.958,-9.484,0.102,1549046139675
48,0.146,0.109,-0.286,-3.21,-9.868,-0.797,1549046139696
48,0.32,0.117,-0.214,-3.497,-8.358,0.88,1549046139715
48,0.543,0.137,-0.148,-3.675,-9.053,0.049,1549046139735
48,0.01,0.037,-0.167,-4.158,-8.864,0.362,1549046139756
48,-0.283,-0.095,-0.205,-3.797,-9.176,0.698,1549046139776
48,-0.035,-0.158,-0.159,-3.858,-9.839,1.092,1549046139796
48,0.106,-0.161,-0.183,-3.646,-8.327,0.803,1549046139815
48,0.326,-0.05,-0.139,-3.815,-8.976,0.122,1549046139835
48,0.242,-0.063,-0.14,-3.798,-9.334,0.961,1549046139855
48,0.029,-0.14,-0.156,-3.631,-9.586,0.254,1549046139875
49,-0.039,-0.15,-0.18,-3.656,-9.765,0.754,1549046139896
49,0.06,-0.148,-0.17,-3.856,-9.14,0.896,1549046139916
49,0.188,-0.121,-0.145,-3.809,-9.793,-0.259,1549046139935
49,0.139,-0.155,-0.174,-4.161,-8.197,0.129,1549046139955
49,-0.059,-0.19,-0.17,-3.878,-8.966,0.711,1549046139975
49,-0.176,-0.169,-0.141,-4.153,-10.172,1.183,1549046139996
49,-0.244,-0.123,-0.208,-3.184,-9.659,2.237,1549046140016
49,-0.177,-0.076,-0.254,-3.591,-9.804,0.527,1549046140036
49,-0.104,-0.05,-0.202,-3.604,-9.126,0.445,1549046140056
49,-0.036,-0.092,-0.188,-3.637,-10.273,1.319,1549046140076
49,-0.143,-0.155,-0.221,-3.327,-10.221,0.83,1549046140096
49,0.02,-0.177,-0.217,-3.024,-9.66,1.077,1549046140116
49,0.115,-0.136,-0.203,-3.189,-9.824,0.242,1549046140136
50,0.023,-0.108,-0.199,-3.621,-8.378,0.088,1549046140156
50,0.059,-0.052,-0.199,-3.208,-10.479,1.875,1549046140176
50,-0.032,-0.025,-0.206,-2.786,-10.37,1.307,1549046140196
50,-0.062,-0.035,-0.219,-3.045,-9.407,1.039,1549046140216
50,0.141,-0.041,-0.165,-2.881,-9.88,1.885,1549046140236
50,0.119,-0.067,-0.218,-2.628,-10.409,0.74,1549046140256
50,0.227,-0.023,-0.222,-3.239,-8.762,0.429,1549046140276
50,0.377,0.048,-0.219,-3.347,-9.68,1.85,1549046140296
50,0.123,0.0,-0.244,-2.809,-10.761,1.573,1549046140316
50,-0.105,-0.054,-0.251,-2.684,-9.582,1.025,1549046140336
51,0.044,-0.033,-0.231,-3.387,-9.213,1.062,1549046140356
51,0.113,0.053,-0.225,-2.862,-10.298,0.584,1549046140375
51,0.073,0.142,-0.26,-3.259,-9.648,0.678,1549046140396
51,0.084,0.172,-0.233,-3.224,-9.914,1.111,1549046140416
51,-0.05,0.098,-0.231,-2.857,-10.289,0.523,1549046140436
51,0.018,0.015,-0.233,-3.241,-9.102,0.803,1549046140456
51,0.258,0.008,-0.194,-2.943,-10.079,1.299,1549046140476
51,0.108,0.033,-0.182,-2.621,-10.228,0.452,1549046140495
51,0.042,0.054,-0.18,-2.756,-9.52,0.261,1549046140515
51,0.103,0.045,-0.163,-2.519,-9.878,0.17,1549046140535
51,-0.042,0.026,-0.188,-2.795,-9.67,-0.11,1549046140556
51,-0.105,0.074,-0.15,-3.2,-9.376,0.664,1549046140575
52,-0.133,0.109,-0.115,-3.021,-9.934,0.723,1549046140596
52,-0.246,0.115,-0.135,-2.713,-9.985,0.891,1549046140616
52,-0.276,0.13,-0.142,-2.881,-9.926,1.388,1549046140636
52,-0.205,0.182,-0.139,-2.978,-9.722,0.956,1549046140655
52,-0.059,0.192,-0.154,-2.718,-9.669,0.268,1549046140675
52,-0.12,0.198,-0.166,-3.062,-10.14,0.884,1549046140695
52,-0.318,0.144,-0.21,-2.865,-10.558,0.929,1549046140715
52,-0.292,0.069,-0.225,-2.715,-10.104,0.228,1549046140736
52,-0.152,0.02,-0.23,-2.458,-9.778,-0.496,1549046140755
52,0.096,0.043,-0.213,-2.183,-10.048,0.153,1549046140775
52,0.147,0.07,-0.21,-2.375,-9.903,0.315,1549046140796
52,0.019,0.117,-0.203,-2.676,-9.872,0.271,1549046140816
52,-0.141,0.15,-0.179,-2.651,-10.585,0.515,1549046140836
52,-0.253,0.108,-0.146,-1.946,-11.594,0.092,1549046140856
53,-0.25,0.042,-0.1,-2.03,-10.312,0.285,1549046140876
53,-0.165,0.053,-0.092,-2.457,-9.69,-0.111,1549046140896
53,-0.106,0.106,-0.073,-2.424,-9.964,0.346,1549046140917
53,-0.221,0.121,-0.093,-2.558,-10.372,0.414,1549046140936
53,-0.226,0.078,-0.105,-2.799,-9.91,0.348,1549046140956
53,-0.082,0.039,-0.069,-2.611,-10.602,1.127,1549046140976
53,-0.049,0.032,-0.066,-2.057,-10.543,0.875,1549046140996
53,0.176,0.048,-0.037,-2.05,-9.99,0.179,1549046141017
53,0.22,0.075,-0.03,-2.114,-9.713,0.155,1549046141036
53,0.119,0.106,-0.042,-2.006,-10.304,0.909,1549046141057
53,-0.012,0.138,-0.098,-2.186,-10.978,1.795,1549046141077
54,0.063,0.117,-0.127,-1.83,-10.159,1.169,1549046141096
54,0.377,0.116,-0.105,-2.401,-9.764,0.165,1549046141117
54,0.564,0.139,-0.1,-2.143,-10.037,-0.246,1549046141137
54,0.402,0.143,-0.124,-2.129,-10.265,-0.978,1549046141157
54,0.248,0.116,-0.144,-2.321,-10.14,0.265,1549046141177
54,0.078,-0.002,-0.148,-2.255,-10.191,0.592,1549046141197
54,0.022,-0.079,-0.133,-2.023,-10.154,0.641,1549046141217
54,0.074,-0.035,-0.101,-2.014,-10.114,0.311,1549046141237
54,0.106,0.048,-0.095,-1.905,-10.322,0.099,1549046141256
54,0.192,0.105,-0.072,-1.863,-10.172,-0.272,1549046141277
55,0.009,0.072,-0.09,-2.336,-9.186,0.535,1549046141296
55,-0.005,0.031,-0.063,-2.296,-9.661,0.599,1549046141317
55,-0.009,0.016,-0.082,-1.743,-10.224,0.247,1549046141337
55,0.231,0.059,-0.095,-2.008,-9.859,0.266,1549046141357
55,0.259,0.038,-0.081,-1.946,-10.195,-0.071,1549046141376
55,0.026,0.011,-0.086,-1.946,-10.147,-0.097,1549046141397
55,0.005,0.039,-0.088,-2.213,-9.185,-0.528,1549046141417
55,-0.02,0.008,-0.063,-2.149,-9.948,0.268,1549046141437
55,-0.112,-0.062,-0.041,-1.626,-10.414,-0.002,1549046141457
55,-0.175,-0.098,-0.05,-2.138,-9.592,0.008,1549046141477
55,-0.083,-0.056,-0.016,-2.446,-9.621,0.462,1549046141496
55,-0.128,-0.023,0.002,-2.368,-9.814,0.436,1549046141517
56,-0.212,-0.042,0.007,-2.008,-10.387,-0.127,1549046141537
56,-0.095,-0.093,0.01,-1.627,-9.989,0.521,1549046141557
56,-0.043,-0.16,-0.019,-1.869,-9.639,0.174,1549046141577
56,-0.113,-0.13,-0.041,-2.023,-9.282,0.643,1549046141597
56,-0.149,-0.058,-0.044,-1.857,-10.312,1.212,1549046141617
56,-0.206,-0.025,-0.081,-1.675,-10.123,0.631,1549046141637
56,-0.104,0.005,-0.077,-1.645,-9.927,0.471,1549046141657
56,-0.038,0.007,-0.079,-1.741,-9.692,0.897,1549046141677
56,-0.137,0.009,-0.108,-2.019,-9.973,0.654,1549046141697
56,-0.175,0.034,-0.137,-1.677,-10.399,0.993,1549046141717
57,-0.129,0.026,-0.119,-1.462,-10.242,0.825,1549046141737
57,-0.009,0.0,-0.088,-1.474,-9.878,0.352,1549046141757
57,0.063,0.012,-0.085,-1.143,-10.487,0.318,1549046141777
57,0.014,0.016,-0.085,-1.348,-10.331,0.727,1549046141797
57,0.006,0.019,-0.095,-1.378,-10.249,0.336,1549046141817
57,0.041,0.032,-0.093,-1.18,-9.992,0.412,1549046141837
57,-0.01,-0.021,-0.087,-1.643,-9.932,0.351,1549046141857
57,0.099,-0.033,-0.093,-1.428,-9.838,-0.151,1549046141876
57,0.153,-0.028,-0.09,-1.469,-10.324,0.152,1549046141897
57,0.149,-0.005,-0.098,-1.28,-10.343,0.422,1549046141917
58,0.113,-0.033,-0.097,-1.618,-10.109,0.395,1549046141937
58,0.082,-0.044,-0.083,-1.542,-10.095,0.378,1549046141957
58,0.007,-0.031,-0.068,-1.668,-10.212,0.243,1549046141978
58,0.026,0.018,-0.05,-1.76,-10.19,0.113,1549046141998
58,0.024,0.02,-0.042,-1.78,-10.306,0.81,1549046142018
58,-0.061,0.008,-0.048,-1.894,-10.247,0.61,1549046142037
58,-0.088,-0.022,-0.069,-1.575,-10.346,0.398,1549046142058
58,0.032,-0.017,-0.064,-1.392,-10.27,0.293,1549046142077
58,-0.015,-0.051,-0.066,-1.518,-10.368,-0.011,1549046142097
58,-0.038,-0.066,-0.086,-1.501,-10.226,0.245,1549046142117
59,-0.066,-0.11,-0.107,-1.789,-9.745,0.382,1549046142137
59,-0.076,-0.093,-0.102,-1.373,-10.129,0.383,1549046142157
59,0.036,-0.026,-0.08,-1.533,-9.811,0.547,1549046142178
59,0.154,-0.019,-0.083,-1.234,-10.102,0.379,1549046142198
59,0.149,-0.104,-0.107,-0.687,-10.465,0.102,1549046142217
59,0.057,-0.181,-0.125,-1.13,-10.114,0.489,1549046142238
59,0.164,-0.178,-0.135,-1.201,-9.855,0.935,1549046142258
59,0.298,-0.199,-0.139,-1.378,-9.585,0.919,1549046142278
59,0.265,-0.241,-0.166,-1.173,-9.833,1.434,1549046142298
59,0.192,-0.301,-0.217,-0.615,-9.497,1.287,1549046142317
59,0.33,-0.257,-0.246,-1.291,-9.58,1.093,1549046142338
60,0.507,-0.264,-0.303,-1.026,-11.237,0.804,1549046142358
60,0.386,-0.268,-0.242,-1.189,-11.334,1.549,1549046142377
60,0.311,-0.28,-0.258,-1.482,-11.031,1.254,1549046142398
60,0.313,-0.17,-0.205,-1.144,-10.449,1.28,1549046142418
60,0.389,-0.173,-0.189,-1.231,-10.004,0.909,1549046142438
60,0.522,-0.086,-0.137,-1.175,-9.707,0.561,1549046142458
60,0.486,-0.058,-0.174,-1.059,-9.106,0.79,1549046142478
60,0.473,-0.054,-0.151,-1.087,-9.679,1.135,1549046142498
60,0.174,-0.069,-0.104,-1.126,-10.502,0.966,1549046142518
60,-0.077,-0.113,-0.11,-1.04,-10.379,1.657,1549046142538
61,0.123,-0.084,-0.078,-0.812,-10.312,1.29,1549046142558
61,0.208,-0.047,-0.09,-0.951,-9.642,0.845,1549046142578
61,0.1,0.017,-0.049,-0.848,-9.644,1.055,1549046142598
61,-0.01,0.019,-0.017,-0.64,-9.926,1.699,1549046142618
61,-0.077,-0.048,-0.027,-0.901,-9.99,2.116,1549046142638
61,-0.031,-0.022,-0.04,-1.222,-10.151,1.072,1549046142658
61,-0.012,0.081,-0.038,-0.969,-10.21,0.685,1549046142678
61,0.092,0.073,-0.042,-0.879,-9.495,1.629,1549046142697
61,0.12,-0.023,-0.03,-0.56,-9.999,1.762,1549046142717
61,-0.094,-0.037,-0.025,-0.268,-10.386,1.46,1549046142738
61,-0.146,-0.056,-0.051,-0.74,-9.609,1.667,1549046142758
62,0.043,0.017,-0.046,-0.715,-9.807,1.419,1549046142778
62,0.07,0.051,-0.042,-0.48,-10.583,1.392,1549046142798
62,-0.066,0.014,-0.035,-0.418,-10.4,1.679,1549046142818
62,-0.078,-0.008,-0.014,-0.686,-10.082,1.793,1549046142838
62,-0.02,-0.008,0.0,-0.722,-9.597,1.293,1549046142857
62,-0.04,0.022,-0.005,-0.463,-9.777,1.15,1549046142877
62,-0.066,0.015,-0.006,-0.586,-10.057,1.745,1549046142898
62,-0.068,-0.003,-0.022,-0.399,-10.424,1.709,1549046142917
62,-0.009,0.001,-0.025,-0.404,-10.389,1.472,1549046142938
62,0.043,0.017,-0.007,-0.66,-10.086,1.435,1549046142958
62,0.021,0.016,-0.004,-0.531,-9.966,1.511,1549046142977
63,-0.055,-0.002,-0.002,-0.491,-9.678,1.675,1549046142997
63,-0.082,-0.012,-0.001,-0.516,-10.046,1.594,1549046143018
63,-0.014,0.012,-0.017,-0.516,-10.46,1.317,1549046143038
63,-0.035,0.016,-0.018,-0.603,-9.791,1.286,1549046143058
63,0.0,0.013,-0.006,-0.493,-9.422,1.367,1549046143077
63,-0.018,-0.017,-0.001,-0.56,-9.889,1.505,1549046143098
63,-0.063,-0.024,-0.02,-0.561,-10.755,1.285,1549046143118
63,-0.056,-0.013,-0.024,-0.602,-10.292,1.432,1549046143138
63,0.008,-0.016,-0.009,-0.807,-10.243,1.334,1549046143158
63,0.057,-0.014,0.006,-0.979,-9.71,1.35,1549046143178
64,0.023,-0.002,0.012,-0.696,-9.611,1.306,1549046143198
64,-0.057,-0.005,0.003,-0.665,-10.301,1.416,1549046143218
64,-0.112,-0.006,-0.009,-0.465,-10.346,1.506,1549046143238
64,0.031,0.003,-0.004,-0.565,-10.12,1.361,1549046143259
64,0.01,0.004,0.001,-0.643,-9.94,1.249,1549046143278
64,-0.065,0.002,0.003,-0.571,-9.966,1.021,1549046143299
64,-0.057,-0.027,-0.002,-0.6,-10.067,1.407,1549046143319
64,0.074,-0.044,-0.001,-0.59,-10.422,1.16,1549046143338
64,0.076,-0.034,0.001,-0.448,-9.99,1.166,1549046143358
64,0.009,-0.057,0.019,-0.66,-9.855,1.363,1549046143378
64,-0.078,-0.054,0.029,-0.584,-10.102,1.263,1549046143399
65,-0.092,-0.05,0.017,-0.772,-10.09,1.466,1549046143418
65,-0.035,-0.034,0.016,-0.709,-10.096,1.397,1549046143438
65,-0.046,-0.019,0.019,-0.35,-10.067,1.446,1549046143459
65,-0.108,-0.041,0.025,-0.59,-10.216,1.534,1549046143479
65,-0.166,-0.045,0.027,-0.678,-9.955,1.571,1549046143499
65,-0.06,-0.009,0.016,-0.59,-9.732,1.378,1549046143519
65,0.003,0.015,0.011,-0.641,-9.804,1.121,1549046143539
65,-0.042,0.0,-0.009,-0.613,-10.32,1.795,1549046143559
65,-0.048,-0.031,-0.04,-0.468,-10.372,1.923,1549046143578
65,-0.036,-0.019,-0.052,-0.524,-9.86,1.274,1549046143598
65,0.006,0.02,-0.044,-0.836,-9.776,1.384,1549046143618
66,0.061,0.042,-0.049,-0.504,-9.905,1.396,1549046143638
66,0.005,0.02,-0.07,-0.415,-10.23,1.161,1549046143659
66,-0.043,0.022,-0.078,-0.63,-10.152,1.494,1549046143679
66,-0.028,0.008,-0.078,-0.443,-10.218,1.24,1549046143698
66,0.006,0.025,-0.069,-0.93,-9.427,1.327,1549046143719
66,-0.015,0.034,-0.053,-0.582,-9.998,1.063,1549046143739
66,-0.04,0.036,-0.05,-0.258,-10.527,1.14,1549046143759
66,-0.085,0.011,-0.058,-0.152,-10.485,1.015,1549046143779
66,-0.032,0.026,-0.054,-0.572,-10.442,1.455,1549046143799
66,0.035,0.028,-0.049,-0.518,-9.928,1.688,1549046143819
66,0.035,0.018,-0.026,-0.498,-10.105,1.147,1549046143839
66,0.029,0.03,-0.023,-0.479,-10.33,0.825,1549046143859
66,0.051,0.04,-0.028,-0.535,-9.866,0.886,1549046143879
66,0.068,0.015,-0.015,-0.337,-10.215,0.983,1549046143899
67,-0.046,-0.015,-0.009,-0.381,-10.173,1.199,1549046143919
67,-0.021,-0.019,0.0,-0.255,-10.433,0.981,1549046143938
67,0.084,-0.002,0.001,-0.425,-10.301,1.343,1549046143959
67,0.117,-0.024,0.018,-0.354,-9.867,1.461,1549046143979
67,0.037,-0.02,0.035,-0.515,-10.174,1.374,1549046143999
67,-0.039,0.001,0.031,-0.544,-9.841,1.591,1549046144019
67,0.027,0.009,0.03,-0.509,-9.962,1.456,1549046144039
67,0.015,0.022,0.025,-0.609,-10.317,1.466,1549046144059
67,-0.055,0.027,0.012,-0.61,-10.266,1.491,1549046144079
67,-0.021,0.035,0.008,-0.472,-9.941,1.357,1549046144099
68,0.034,0.029,0.012,-0.299,-10.053,1.306,1549046144118
68,0.08,0.024,0.004,-0.25,-10.347,1.148,1549046144139
68,0.152,0.009,0.0,-0.431,-10.712,0.947,1549046144159
68,0.186,0.008,0.017,-0.503,-10.465,1.039,1549046144179
68,0.132,-0.017,0.046,-0.593,-9.535,1.352,1549046144199
68,0.034,-0.04,0.074,-1.088,-9.308,1.716,1549046144219
68,0.054,0.02,0.054,-0.737,-9.871,1.82,1549046144239
68,0.072,0.049,0.008,-0.45,-10.154,1.499,1549046144259
68,0.075,0.075,-0.008,-0.563,-10.265,1.037,1549046144279
68,0.053,0.085,-0.013,-0.643,-9.948,1.461,1549046144299
68,0.011,0.037,-0.001,-0.458,-10.034,1.51,1549046144319
69,-0.035,-0.003,-0.009,-0.65,-10.136,1.415,1549046144340
69,-0.034,-0.012,-0.004,-0.663,-9.708,1.444,1549046144359
69,0.078,-0.014,0.003,-0.45,-9.864,1.772,1549046144380
69,0.076,-0.012,-0.022,-0.51,-9.983,1.325,1549046144400
69,0.031,0.007,-0.024,-0.506,-9.955,1.136,1549046144419
69,-0.012,0.027,-0.025,-0.372,-10.064,1.335,1549046144439
69,-0.047,0.003,-0.025,-0.36,-10.317,1.642,1549046144460
69,-0.082,-0.004,-0.023,-0.581,-9.86,1.624,1549046144480
69,-0.009,0.026,-0.013,-0.534,-10.016,1.459,1549046144500
69,-0.003,0.04,-0.012,-0.474,-10.204,1.428,1549046144520
69,0.007,0.037,-0.019,-0.461,-10.461,1.505,1549046144539
69,0.025,0.021,-0.013,-0.656,-10.236,1.44,1549046144559
70,0.021,0.0,-0.005,-0.527,-10.077,1.732,1549046144579
70,0.007,-0.006,0.008,-0.488,-9.889,1.471,1549046144599
70,-0.035,-0.006,0.012,-0.634,-9.76,1.241,1549046144620
70,-0.021,0.021,0.01,-0.69,-9.849,1.259,1549046144640
70,0.011,0.009,0.01,-0.473,-10.061,1.374,1549046144659
70,-0.081,-0.016,0.003,-0.547,-9.699,1.543,1549046144680
70,-0.149,-0.02,0.024,-0.428,-10.015,1.236,1549046144700
70,-0.151,-0.016,0.045,-0.393,-10.139,1.269,1549046144719
70,-0.097,-0.015,0.058,-0.751,-9.943,1.572,1549046144740
70,-0.107,-0.033,0.077,-0.804,-10.073,1.443,1549046144760
71,-0.251,-0.06,0.091,-0.671,-10.004,1.607,1549046144780
71,-0.195,-0.059,0.119,-0.694,-10.187,1.074,1549046144800
71,-0.127,-0.04,0.135,-0.618,-10.136,1.34,1549046144819
71,-0.09,-0.056,0.162,-0.663,-9.789,1.363,1549046144839
71,-0.077,-0.071,0.189,-0.59,-9.832,1.244,1549046144860
71,-0.166,-0.08,0.166,-0.73,-10.316,1.014,1549046144880
71,-0.176,-0.075,0.13,-0.718,-10.547,1.079,1549046144900
71,-0.095,-0.059,0.117,-0.606,-9.98,1.467,1549046144920
71,-0.011,-0.046,0.11,-0.699,-10.133,1.138,1549046144940
71,-0.05,0.009,0.072,-0.567,-10.44,0.79,1549046144960
71,-0.118,0.048,0.021,-0.494,-10.559,0.716,1549046144979
71,-0.036,0.083,-0.012,-0.609,-10.608,0.259,1549046145000
71,-0.199,0.055,-0.015,-0.841,-10.6,0.699,1549046145019
72,-0.112,0.113,-0.056,-0.962,-10.355,1.192,1549046145040
72,0.002,0.126,-0.076,-1.229,-10.641,1.178,1549046145060
72,0.06,0.172,-0.105,-0.947,-10.099,1.036,1549046145079
72,0.074,0.197,-0.092,-0.813,-9.657,0.906,1549046145100
72,0.128,0.224,-0.08,-0.813,-9.535,0.697,1549046145120
72,0.069,0.205,-0.143,-0.853,-9.915,1.143,1549046145140
72,0.055,0.183,-0.215,-0.333,-10.252,1.191,1549046145160
72,0.076,0.167,-0.233,-0.274,-9.802,1.015,1549046145179
72,0.147,0.207,-0.214,-0.228,-9.933,0.943,1549046145199
72,0.259,0.313,-0.227,-0.535,-10.404,0.887,1549046145219
72,0.267,0.38,-0.254,-0.147,-10.78,0.88,1549046145239
72,0.073,0.369,-0.275,0.459,-10.456,1.036,1549046145260
72,0.056,0.365,-0.279,0.471,-10.166,1.317,1549046145280
73,0.162,0.475,-0.342,-0.06,-9.659,1.121,1549046145300
73,0.226,0.659,-0.373,-0.279,-9.916,1.175,1549046145320
73,0.16,0.722,-0.448,-0.524,-9.727,0.918,1549046145340
73,0.188,0.674,-0.421,-0.222,-9.802,1.546,1549046145359
73,0.354,0.638,-0.422,-0.109,-9.943,1.428,1549046145379
73,0.371,0.612,-0.458,-0.147,-9.824,1.682,1549046145400
73,0.324,0.617,-0.446,0.302,-9.863,1.567,1549046145420
73,0.218,0.586,-0.41,0.152,-9.752,1.811,1549046145440
73,0.252,0.589,-0.363,0.054,-9.722,1.961,1549046145460
73,0.242,0.572,-0.36,0.189,-9.939,1.735,1549046145480
74,0.123,0.524,-0.362,0.436,-9.679,2.423,1549046145500
74,0.127,0.476,-0.411,0.567,-10.216,2.024,1549046145520
74,0.147,0.473,-0.445,0.118,-10.716,1.723,1549046145540
74,0.116,0.49,-0.428,0.013,-10.27,2.354,1549046145561
74,0.366,0.482,-0.394,0.119,-9.847,2.163,1549046145581
74,0.169,0.402,-0.371,0.234,-10.173,2.073,1549046145601
74,0.0,0.361,-0.301,0.365,-10.171,1.917,1549046145620
74,0.056,0.341,-0.255,0.19,-9.598,2.157,1549046145641
74,0.272,0.375,-0.236,0.439,-9.597,2.13,1549046145660
74,0.251,0.337,-0.228,0.478,-10.003,1.845,1549046145680
74,0.082,0.296,-0.202,0.354,-10.261,1.196,1549046145701
