pack,vx,vy,vz,ax,ay,az,time
1,-0.093,-0.132,0.049,0.83,-9.821,-0.917,1549046802154
1,-0.16,-0.145,0.098,0.827,-9.954,-0.748,1549046802173
1,-0.215,-0.147,0.127,0.714,-9.885,-0.455,1549046802194
1,-0.252,-0.195,0.149,0.711,-10.341,-0.597,1549046802213
1,-0.217,-0.225,0.15,0.466,-10.021,-0.905,1549046802233
1,-0.224,-0.25,0.171,0.639,-10.929,-1.103,1549046802254
1,-0.203,-0.183,0.249,0.406,-10.445,-0.746,1549046802274
1,-0.085,-0.173,0.262,0.436,-10.009,-0.647,1549046802293
1,-0.185,-0.298,0.233,0.714,-10.279,-1.096,1549046802313
1,-0.231,-0.379,0.189,0.751,-10.38,-1.325,1549046802333
1,-0.087,-0.405,0.19,0.666,-10.296,-0.812,1549046802354
1,-0.112,-0.387,0.237,0.469,-10.186,-0.798,1549046802373
1,-0.221,-0.433,0.208,0.352,-9.82,-0.861,1549046802393
1,-0.234,-0.484,0.185,0.112,-9.838,-0.943,1549046802414
2,-0.255,-0.487,0.162,0.079,-10.416,-1.738,1549046802434
2,-0.141,-0.495,0.162,0.046,-9.946,-1.767,1549046802454
2,-0.145,-0.537,0.121,-0.123,-10.041,-2.518,1549046802473
2,-0.205,-0.711,0.088,0.523,-10.654,-1.563,1549046802493
2,-0.188,-0.787,0.137,0.54,-10.963,-1.818,1549046802514
2,-0.126,-0.767,0.23,0.375,-9.558,-2.091,1549046802533
2,-0.358,-0.74,0.293,0.012,-10.085,-2.068,1549046802554
2,-0.385,-0.9,0.227,0.183,-10.93,-1.336,1549046802573
2,0.115,-0.918,0.087,0.31,-11.942,-1.049,1549046802594
2,0.621,-0.85,0.07,-0.234,-8.988,-1.552,1549046802614
2,0.043,-0.754,0.234,-1.461,-10.035,-3.226,1549046802634
3,-0.758,-0.921,0.357,-0.105,-9.256,-3.071,1549046802654
3,-0.425,-0.91,0.339,0.065,-8.42,0.968,1549046802674
3,-0.56,-0.849,0.263,-0.646,-8.532,-0.296,1549046802694
3,-0.996,-0.786,0.355,-1.032,-8.994,-4.429,1549046802715
3,-1.141,-0.588,0.56,0.006,-10.278,-4.761,1549046802735
3,-0.945,-0.427,0.599,-0.081,-10.884,-1.721,1549046802754
3,-0.71,-0.602,0.338,-1.013,-10.133,-1.599,1549046802775
3,-0.497,-0.739,0.353,-0.61,-10.21,-3.476,1549046802795
3,0.003,-0.665,0.455,-1.172,-8.289,-3.29,1549046802815
3,-0.212,-0.61,0.348,-0.58,-10.495,-3.408,1549046802835
3,-0.683,-0.654,0.4,-0.314,-10.445,-4.121,1549046802855
3,-0.603,-0.608,0.354,-0.692,-9.602,-3.645,1549046802874
3,-0.623,-0.568,0.331,-0.823,-9.711,-2.912,1549046802894
3,-0.745,-0.485,0.346,-1.541,-10.986,-2.732,1549046802914
3,-0.648,-0.438,0.332,-1.644,-10.969,-2.907,1549046802934
4,-0.383,-0.482,0.291,-1.453,-10.881,-3.019,1549046802954
4,-0.295,-0.575,0.236,-1.757,-8.928,-4.616,1549046802975
4,-0.485,-0.59,0.216,-2.134,-9.46,-4.027,1549046802994
4,-0.631,-0.587,0.155,-1.889,-11.62,-3.193,1549046803015
4,-0.38,-0.705,0.071,-0.995,-9.605,-3.129,1549046803035
4,-0.391,-0.743,0.055,-1.303,-10.278,-3.775,1549046803055
4,-0.521,-0.766,0.1,-2.263,-9.464,-5.158,1549046803074
4,-0.73,-0.757,0.133,-1.461,-10.849,-5.221,1549046803095
4,-0.724,-0.68,0.2,-2.398,-9.053,-4.19,1549046803115
4,-0.747,-0.565,0.247,-2.415,-10.043,-3.619,1549046803135
4,-0.934,-0.668,0.28,-2.659,-9.732,-4.653,1549046803154
4,-0.797,-0.7,0.271,-2.403,-9.56,-5.083,1549046803175
4,-0.713,-0.744,0.289,-2.572,-10.312,-4.765,1549046803195
4,-0.494,-0.697,0.321,-2.7,-8.862,-4.996,1549046803215
5,-0.534,-0.645,0.375,-2.794,-8.657,-5.17,1549046803235
5,-0.671,-0.586,0.394,-3.281,-9.039,-4.763,1549046803254
5,-0.769,-0.598,0.337,-3.431,-9.898,-4.327,1549046803275
5,-0.58,-0.657,0.27,-3.125,-9.214,-4.144,1549046803295
5,-0.327,-0.652,0.209,-3.138,-8.17,-4.357,1549046803315
5,-0.24,-0.602,0.176,-3.708,-8.629,-4.552,1549046803335
5,-0.204,-0.549,0.159,-3.353,-8.61,-4.433,1549046803355
5,-0.272,-0.456,0.179,-3.151,-8.776,-3.919,1549046803375
5,-0.308,-0.406,0.229,-2.962,-8.341,-4.394,1549046803395
5,-0.358,-0.337,0.291,-3.03,-8.027,-5.47,1549046803415
5,-0.556,-0.316,0.351,-3.158,-7.901,-5.098,1549046803434
5,-0.542,-0.303,0.371,-3.695,-8.879,-4.602,1549046803455
5,-0.425,-0.385,0.351,-3.657,-9.094,-5.24,1549046803475
6,0.045,-0.415,0.309,-4.032,-6.885,-4.691,1549046803494
6,0.183,-0.39,0.246,-3.88,-8.239,-5.08,1549046803514
6,0.013,-0.459,0.234,-3.775,-7.7,-5.683,1549046803535
6,-0.006,-0.421,0.221,-3.944,-7.946,-5.022,1549046803555
6,-0.082,-0.453,0.222,-3.883,-8.033,-5.439,1549046803574
6,-0.078,-0.449,0.226,-4.051,-7.366,-5.416,1549046803594
6,-0.208,-0.435,0.212,-3.967,-7.928,-5.255,1549046803615
6,-0.226,-0.441,0.207,-4.051,-7.858,-5.285,1549046803634
6,-0.198,-0.452,0.216,-4.227,-7.41,-5.422,1549046803655
6,-0.166,-0.415,0.247,-4.276,-7.348,-5.023,1549046803675
6,-0.33,-0.395,0.303,-4.258,-7.575,-5.183,1549046803695
6,-0.193,-0.338,0.317,-4.561,-7.394,-4.635,1549046803715
7,-0.215,-0.281,0.402,-4.686,-6.939,-5.677,1549046803734
7,-0.391,-0.225,0.538,-3.904,-6.991,-6.162,1549046803755
7,-0.71,-0.098,0.664,-4.108,-7.69,-4.177,1549046803774
7,-0.656,0.006,0.713,-4.897,-7.348,-4.607,1549046803794
7,-0.537,0.062,0.794,-4.553,-6.825,-6.233,1549046803815
7,-0.687,0.183,0.915,-4.528,-6.381,-5.759,1549046803834
7,-0.828,0.272,0.95,-5.753,-6.568,-3.866,1549046803855
7,-0.627,0.154,0.868,-6.005,-6.555,-5.073,1549046803875
7,-0.372,0.193,0.765,-5.625,-5.744,-5.604,1549046803894
7,-0.267,0.28,0.671,-5.822,-5.935,-5.376,1549046803914
7,-0.272,0.275,0.556,-4.333,-7.21,-4.764,1549046803935
7,-0.179,0.209,0.451,-4.708,-6.611,-5.263,1549046803955
7,-0.232,0.213,0.412,-5.16,-6.035,-5.461,1549046803975
7,-0.34,0.219,0.421,-5.133,-5.852,-5.195,1549046803995
8,-0.318,0.186,0.403,-5.774,-6.697,-4.34,1549046804015
8,-0.021,0.107,0.343,-5.336,-5.925,-5.27,1549046804035
8,0.109,0.118,0.316,-5.563,-5.525,-5.656,1549046804055
8,-0.041,0.196,0.294,-5.042,-5.441,-5.711,1549046804074
8,-0.247,0.3,0.271,-5.75,-6.008,-4.96,1549046804095
8,-0.15,0.288,0.197,-5.987,-5.913,-5.017,1549046804114
8,-0.049,0.293,0.143,-5.28,-5.735,-6.023,1549046804134
8,-0.251,0.388,0.173,-4.953,-6.654,-5.72,1549046804155
8,-0.244,0.352,0.158,-5.08,-6.606,-5.31,1549046804175
8,-0.002,0.267,0.085,-5.697,-6.147,-4.654,1549046804195
8,0.029,0.247,0.056,-5.66,-6.294,-5.304,1549046804215
9,-0.161,0.288,0.074,-5.116,-6.018,-6.28,1549046804235
9,-0.269,0.332,0.053,-5.329,-6.324,-6.124,1549046804255
9,-0.254,0.296,-0.038,-5.999,-6.055,-5.317,1549046804275
9,-0.146,0.255,-0.104,-5.976,-6.441,-5.374,1549046804295
9,-0.096,0.226,-0.153,-5.431,-6.473,-5.859,1549046804316
9,-0.156,0.207,-0.164,-5.359,-5.806,-6.233,1549046804336
9,-0.189,0.228,-0.154,-5.987,-5.878,-6.243,1549046804355
9,-0.145,0.219,-0.124,-6.025,-5.748,-5.804,1549046804376
9,-0.19,0.232,-0.085,-5.992,-5.727,-6.493,1549046804396
9,-0.227,0.197,-0.059,-6.017,-5.568,-6.317,1549046804415
9,-0.221,0.171,-0.057,-6.012,-6.154,-5.845,1549046804435
9,-0.089,0.093,-0.09,-5.86,-5.571,-6.568,1549046804455
9,-0.165,0.055,-0.089,-5.68,-5.274,-7.135,1549046804475
9,-0.335,0.066,-0.067,-5.874,-5.449,-6.424,1549046804496
10,-0.409,-0.033,-0.107,-6.15,-5.69,-6.513,1549046804516
10,-0.339,-0.062,-0.131,-6.051,-5.335,-6.167,1549046804536
10,-0.344,-0.095,-0.138,-5.929,-4.86,-7.473,1549046804556
10,-0.425,-0.09,-0.114,-5.477,-5.669,-6.984,1549046804576
10,-0.443,-0.069,-0.115,-5.211,-5.769,-6.967,1549046804595
10,-0.299,-0.121,-0.142,-5.125,-6.008,-6.037,1549046804616
10,-0.094,-0.147,-0.214,-5.534,-5.418,-7.17,1549046804636
10,-0.181,-0.183,-0.319,-4.955,-5.42,-7.186,1549046804656
10,-0.326,-0.176,-0.45,-4.627,-6.273,-6.604,1549046804675
10,-0.098,-0.265,-0.53,-4.659,-6.642,-5.966,1549046804696
10,0.225,-0.351,-0.657,-4.596,-6.255,-6.538,1549046804716
10,0.127,-0.341,-0.721,-4.881,-5.214,-7.341,1549046804736
10,-0.017,-0.288,-0.742,-4.704,-7.023,-6.208,1549046804756
10,0.028,-0.342,-0.797,-4.607,-7.389,-5.483,1549046804775
11,0.392,-0.345,-0.97,-4.565,-6.764,-6.594,1549046804795
11,0.534,-0.228,-1.086,-4.795,-5.074,-7.931,1549046804816
11,0.303,-0.07,-1.041,-5.211,-6.886,-6.698,1549046804836
11,0.216,-0.387,-1.189,-4.336,-8.871,-5.77,1549046804856
11,0.807,-0.369,-1.308,-4.677,-8.893,-5.348,1549046804876
11,1.083,-0.213,-1.392,-5.247,-7.563,-6.747,1549046804895
11,0.942,-0.128,-1.423,-6.186,-7.421,-6.654,1549046804916
11,1.162,-0.404,-1.424,-4.88,-9.238,-4.672,1549046804936
11,1.521,-0.61,-1.561,-3.803,-10.398,-5.024,1549046804956
11,1.821,-0.206,-1.593,-4.079,-9.726,-6.919,1549046804976
11,1.691,0.043,-1.577,-4.773,-7.878,-6.736,1549046804996
11,1.559,-0.111,-1.284,-4.201,-7.142,-5.835,1549046805016
11,1.202,-0.317,-1.21,-3.973,-7.662,-5.667,1549046805036
11,0.637,-0.467,-1.158,-3.617,-7.729,-6.247,1549046805056
12,0.307,-0.415,-0.992,-3.916,-5.906,-6.085,1549046805075
12,0.088,-0.39,-0.763,-3.177,-6.136,-5.022,1549046805095
12,-0.417,-0.6,-0.718,-2.104,-9.463,-4.91,1549046805115
12,-0.503,-0.44,-0.587,-2.274,-10.311,-3.906,1549046805135
12,-0.362,-0.368,-0.556,-2.242,-9.565,-4.339,1549046805156
12,-0.324,-0.253,-0.514,-2.594,-8.005,-5.436,1549046805176
12,-0.302,-0.206,-0.456,-2.542,-8.446,-5.416,1549046805195
12,-0.408,-0.207,-0.394,-2.507,-9.4,-4.382,1549046805216
12,-0.427,-0.256,-0.384,-2.406,-10.215,-3.956,1549046805235
12,-0.225,-0.301,-0.386,-2.085,-10.393,-3.789,1549046805256
13,0.033,-0.266,-0.375,-2.505,-9.54,-3.887,1549046805276
13,0.055,-0.208,-0.336,-2.981,-8.812,-4.836,1549046805296
13,-0.157,-0.233,-0.268,-3.592,-10.009,-4.182,1549046805315
13,-0.298,-0.179,-0.166,-2.714,-11.123,-3.14,1549046805335
13,-0.247,-0.147,-0.035,-1.657,-10.693,-3.361,1549046805356
13,-0.161,-0.018,0.053,-2.026,-10.108,-3.614,1549046805375
13,-0.037,0.005,0.081,-1.294,-10.495,-4.339,1549046805395
13,0.384,-0.088,0.007,-0.509,-9.455,-4.71,1549046805415
13,0.58,0.031,-0.123,-0.417,-8.525,-5.119,1549046805435
13,0.1,-0.016,-0.147,-1.364,-8.639,-4.063,1549046805456
13,-0.001,-0.102,-0.25,-2.364,-10.575,-3.63,1549046805476
13,0.376,-0.177,-0.284,-0.704,-10.831,-3.264,1549046805495
14,0.985,-0.049,-0.255,-1.599,-7.273,-4.867,1549046805516
14,0.881,0.015,-0.231,-1.974,-6.636,-4.969,1549046805535
14,0.435,-0.217,-0.302,-0.488,-8.707,-4.967,1549046805556
14,0.01,-0.282,-0.263,-1.024,-9.935,-4.752,1549046805576
14,0.122,-0.222,-0.226,-1.846,-8.593,-4.773,1549046805595
14,0.174,-0.173,-0.178,-2.131,-7.563,-3.977,1549046805615
14,-0.11,-0.21,-0.144,-2.096,-9.641,-3.595,1549046805635
14,-0.328,-0.143,-0.104,-2.286,-10.164,-3.922,1549046805656
14,-0.295,-0.147,-0.107,-2.318,-9.048,-4.2,1549046805676
14,-0.264,-0.157,-0.112,-2.395,-8.497,-4.753,1549046805696
14,-0.291,-0.26,-0.147,-1.968,-9.453,-4.214,1549046805716
14,-0.257,-0.284,-0.18,-2.286,-11.196,-3.507,1549046805736
15,-0.027,-0.236,-0.182,-2.292,-10.195,-4.01,1549046805756
15,0.218,-0.237,-0.187,-2.183,-8.541,-4.378,1549046805776
15,0.14,-0.302,-0.23,-2.315,-9.085,-4.483,1549046805796
15,0.046,-0.327,-0.215,-1.949,-9.876,-4.026,1549046805816
15,0.068,-0.309,-0.184,-1.925,-9.532,-3.62,1549046805836
15,0.115,-0.195,-0.127,-2.896,-8.826,-4.154,1549046805856
15,0.083,-0.261,-0.123,-1.751,-9.36,-4.163,1549046805876
15,-0.182,-0.254,-0.077,-1.836,-11.01,-3.652,1549046805896
15,-0.054,-0.128,-0.065,-1.08,-9.728,-3.551,1549046805916
15,0.108,-0.113,-0.09,-1.625,-8.338,-4.287,1549046805937
15,-0.041,-0.046,-0.074,-2.151,-9.295,-4.016,1549046805956
15,-0.071,-0.088,-0.066,-1.542,-9.503,-4.269,1549046805977
15,-0.105,-0.078,-0.06,-1.664,-9.574,-3.581,1549046805996
15,-0.155,-0.086,-0.077,-1.887,-10.128,-3.718,1549046806016
15,-0.127,-0.121,-0.072,-1.068,-9.958,-3.968,1549046806036
15,0.004,-0.12,-0.072,-0.863,-9.701,-3.97,1549046806056
15,0.003,-0.073,-0.055,-1.126,-9.629,-3.968,1549046806076
16,0.05,-0.025,-0.045,-1.485,-8.927,-4.414,1549046806097
16,0.013,-0.02,-0.034,-1.266,-9.328,-3.989,1549046806116
16,-0.065,-0.077,-0.041,-0.722,-10.461,-3.796,1549046806137
16,0.003,-0.027,-0.018,-0.885,-9.835,-4.325,1549046806157
16,0.035,-0.029,-0.008,-0.81,-8.906,-4.303,1549046806176
16,-0.007,-0.019,-0.011,-1.179,-8.89,-4.04,1549046806196
16,-0.129,-0.043,-0.019,-0.861,-9.859,-3.945,1549046806217
16,-0.093,-0.06,-0.021,-0.786,-10.384,-3.711,1549046806237
16,0.107,0.011,0.0,-1.46,-9.213,-3.782,1549046806257
16,0.155,0.027,0.002,-1.561,-8.812,-4.316,1549046806277
17,0.061,0.011,-0.001,-1.58,-9.452,-4.025,1549046806296
17,-0.013,0.018,0.021,-1.433,-10.079,-3.545,1549046806316
17,0.017,0.06,0.041,-1.166,-9.866,-3.94,1549046806336
17,0.096,0.117,0.046,-1.228,-9.175,-4.293,1549046806357
17,0.107,0.121,0.032,-1.291,-9.137,-4.069,1549046806377
17,-0.001,0.099,0.029,-1.034,-9.78,-4.316,1549046806397
17,0.064,0.1,0.05,-1.142,-9.536,-4.577,1549046806417
17,0.109,0.107,0.081,-1.232,-9.364,-4.539,1549046806437
17,0.067,0.071,0.071,-1.007,-9.042,-4.325,1549046806457
17,-0.075,0.097,0.027,-1.229,-9.598,-3.924,1549046806477
17,-0.02,0.094,0.048,-0.738,-10.129,-4.027,1549046806497
17,0.203,0.164,0.035,-1.118,-10.172,-4.76,1549046806516
17,0.556,0.235,0.006,-1.206,-8.772,-4.21,1549046806537
17,0.322,0.202,0.044,-0.409,-9.084,-4.122,1549046806557
18,-0.198,0.235,0.183,-1.858,-9.791,-4.672,1549046806577
18,0.005,0.22,0.125,-2.204,-10.304,-5.499,1549046806596
18,0.799,0.126,-0.011,-2.232,-7.525,-3.402,1549046806617
18,0.718,0.071,-0.08,-1.916,-8.246,-3.092,1549046806637
18,0.109,-0.029,-0.078,-1.838,-10.028,-4.248,1549046806657
18,0.282,0.026,-0.087,-2.094,-10.843,-4.814,1549046806677
18,0.938,0.039,-0.147,-1.968,-9.089,-3.143,1549046806697
18,0.727,0.066,-0.109,-2.288,-8.702,-1.679,1549046806717
18,-0.195,0.013,0.029,-2.419,-10.383,-2.932,1549046806737
18,-0.225,-0.001,0.048,-2.587,-10.793,-3.856,1549046806757
18,0.392,0.001,0.01,-2.433,-9.884,-3.101,1549046806777
18,0.749,0.022,-0.018,-2.031,-8.501,-2.049,1549046806797
18,0.2,-0.009,0.047,-1.607,-9.761,-2.583,1549046806817
19,-0.069,-0.067,0.009,-1.625,-10.139,-3.638,1549046806837
19,0.306,-0.059,-0.058,-1.361,-8.953,-2.904,1549046806857
19,0.154,0.035,0.039,-1.067,-9.523,-2.223,1549046806878
19,-0.243,0.067,0.105,-1.055,-10.647,-2.399,1549046806897
19,-0.042,0.021,-0.044,-1.222,-9.344,-2.607,1549046806917
19,-0.057,0.063,-0.076,-1.439,-9.802,-2.694,1549046806937
19,-0.089,0.102,-0.023,-1.436,-10.436,-2.516,1549046806957
19,0.088,0.078,-0.027,-1.214,-9.695,-2.429,1549046806978
19,0.203,0.106,-0.062,-1.591,-9.526,-3.257,1549046806997
19,0.195,0.109,-0.068,-1.644,-9.622,-3.483,1549046807017
19,0.122,0.069,-0.05,-1.53,-9.929,-3.313,1549046807037
19,0.107,0.014,-0.057,-1.234,-10.185,-2.704,1549046807057
20,0.073,-0.009,-0.057,-1.411,-9.968,-2.692,1549046807078
20,0.093,0.035,-0.059,-1.356,-9.685,-2.852,1549046807097
20,0.069,0.064,-0.021,-1.511,-9.921,-3.071,1549046807117
20,0.272,0.035,-0.024,-1.376,-9.591,-2.712,1549046807137
20,0.365,0.034,-0.05,-1.449,-9.748,-2.642,1549046807157
20,0.193,0.046,-0.039,-1.474,-10.02,-3.025,1549046807177
20,0.13,0.061,0.001,-1.335,-10.276,-2.902,1549046807198
20,0.311,0.05,0.011,-1.132,-9.799,-2.5,1549046807218
20,0.428,0.053,-0.037,-1.472,-9.684,-2.755,1549046807238
20,0.307,0.032,-0.035,-1.412,-10.176,-2.986,1549046807257
20,0.315,0.033,0.015,-1.262,-9.821,-2.493,1549046807278
20,0.261,0.044,0.035,-1.267,-9.755,-2.398,1549046807298
20,0.153,0.026,0.001,-1.511,-10.127,-2.431,1549046807317
20,0.193,0.013,-0.009,-1.404,-9.838,-2.45,1549046807338
20,0.132,0.037,0.007,-1.403,-9.752,-2.502,1549046807358
21,0.096,0.056,0.034,-1.387,-9.821,-2.312,1549046807378
21,0.003,0.02,0.022,-1.272,-10.183,-2.261,1549046807398
21,0.047,0.001,0.005,-1.368,-10.229,-2.163,1549046807418
21,0.063,0.037,0.032,-1.447,-9.935,-2.316,1549046807438
21,0.107,0.063,0.039,-1.293,-9.695,-2.295,1549046807458
21,0.171,0.043,0.011,-1.372,-9.967,-2.325,1549046807478
21,0.15,0.042,0.019,-1.379,-10.254,-2.198,1549046807498
21,0.114,0.045,0.052,-1.268,-10.186,-2.182,1549046807518
21,0.289,0.058,0.043,-1.347,-9.276,-1.86,1549046807537
21,0.267,0.035,-0.014,-1.451,-10.083,-2.001,1549046807558
21,0.125,0.031,-0.005,-1.503,-10.178,-2.422,1549046807577
21,0.084,0.055,0.024,-1.291,-10.101,-2.543,1549046807598
21,0.102,0.042,0.025,-1.449,-9.472,-2.21,1549046807618
22,0.039,0.022,-0.006,-1.579,-9.66,-2.076,1549046807638
22,-0.052,0.017,-0.025,-1.441,-10.423,-2.174,1549046807658
22,-0.014,0.018,-0.014,-1.297,-10.647,-2.003,1549046807678
22,0.018,0.011,-0.002,-1.428,-10.096,-2.075,1549046807697
22,0.01,0.017,0.012,-1.392,-9.694,-2.382,1549046807718
22,-0.025,0.013,0.026,-1.358,-9.913,-2.159,1549046807738
22,0.008,-0.005,0.013,-1.029,-9.901,-1.791,1549046807758
22,-0.024,-0.019,0.009,-1.541,-10.381,-2.326,1549046807778
22,-0.054,-0.014,0.02,-1.189,-9.854,-2.204,1549046807798
22,-0.058,-0.023,0.02,-1.35,-10.064,-2.209,1549046807817
22,0.025,-0.015,0.025,-1.577,-10.211,-1.816,1549046807838
23,0.042,0.0,0.02,-1.611,-9.608,-1.673,1549046807857
23,-0.032,0.0,0.006,-1.454,-9.957,-2.526,1549046807878
23,-0.015,0.023,0.008,-1.505,-9.985,-2.348,1549046807898
23,0.017,-0.012,-0.009,-1.187,-9.998,-2.019,1549046807918
23,-0.037,-0.015,-0.017,-1.369,-10.177,-1.816,1549046807938
23,-0.083,0.0,-0.003,-1.408,-10.029,-2.051,1549046807958
23,-0.071,-0.015,-0.004,-1.423,-10.11,-2.168,1549046807978
23,-0.023,-0.037,-0.008,-1.43,-10.127,-2.093,1549046807999
23,-0.145,-0.073,0.008,-1.355,-10.183,-2.318,1549046808018
23,-0.262,-0.095,0.011,-1.527,-9.934,-2.443,1549046808039
23,-0.304,-0.126,0.031,-1.401,-9.613,-2.207,1549046808058
24,-0.456,-0.164,0.03,-1.558,-9.439,-2.234,1549046808078
24,-0.664,-0.16,0.009,-1.789,-9.007,-2.222,1549046808098
24,-0.948,-0.116,0.042,-1.704,-8.746,-1.181,1549046808119
24,-1.852,-0.026,0.128,-1.766,-9.608,-2.791,1549046808139
24,-2.14,-0.015,0.229,-2.145,-10.528,-3.626,1549046808158
24,-1.468,0.039,0.174,-2.209,-9.265,-3.414,1549046808178
24,-1.293,0.074,0.231,-2.194,-8.483,-3.727,1549046808198
24,-1.565,0.147,0.349,-2.114,-9.376,-4.614,1549046808218
24,-1.454,0.14,0.468,-2.488,-10.915,-5.28,1549046808238
24,-0.556,0.156,0.432,-1.973,-9.602,-4.406,1549046808258
25,-0.167,0.047,0.394,-1.699,-8.756,-5.047,1549046808279
25,-0.189,-0.079,0.361,-1.777,-8.119,-5.889,1549046808298
25,-0.186,-0.121,0.363,-1.301,-8.163,-5.363,1549046808319
25,-0.318,-0.15,0.396,-1.348,-8.808,-4.684,1549046808339
25,-0.547,-0.179,0.388,-1.72,-9.131,-4.952,1549046808359
25,-0.622,-0.194,0.368,-1.773,-8.647,-5.065,1549046808379
25,-0.656,-0.126,0.411,-1.62,-8.87,-5.026,1549046808399
25,-0.681,0.058,0.488,-2.358,-8.719,-5.416,1549046808419
25,-0.541,0.157,0.475,-3.07,-8.512,-5.414,1549046808439
25,-0.487,0.164,0.495,-3.24,-8.69,-5.734,1549046808459
25,-0.499,0.138,0.592,-3.15,-8.649,-6.084,1549046808479
25,-0.584,0.086,0.615,-3.298,-8.603,-5.695,1549046808499
25,-0.601,-0.022,0.509,-2.678,-8.33,-5.692,1549046808519
25,-0.669,-0.045,0.466,-2.392,-7.837,-5.941,1549046808539
25,-0.82,-0.017,0.466,-2.796,-8.243,-6.258,1549046808559
26,-0.874,-0.107,0.39,-2.838,-8.547,-6.143,1549046808578
26,-0.912,-0.192,0.335,-2.711,-8.4,-6.721,1549046808599
26,-0.956,-0.196,0.306,-2.63,-7.799,-6.767,1549046808618
26,-0.941,-0.116,0.267,-3.078,-8.232,-6.333,1549046808639
26,-0.863,-0.131,0.201,-3.364,-9.473,-5.846,1549046808659
26,-0.514,-0.126,0.142,-3.375,-9.191,-6.55,1549046808679
26,-0.062,-0.066,0.127,-3.34,-8.201,-7.082,1549046808698
26,0.185,-0.077,0.084,-3.671,-7.581,-6.722,1549046808718
26,0.103,-0.137,0.045,-3.557,-7.732,-6.435,1549046808738
26,0.01,-0.22,0.0,-3.575,-8.159,-6.409,1549046808758
26,0.11,-0.249,-0.024,-3.491,-7.805,-6.882,1549046808779
26,0.196,-0.263,-0.057,-3.509,-7.595,-6.872,1549046808799
27,0.199,-0.233,-0.043,-3.638,-7.552,-6.172,1549046808819
27,0.077,-0.24,-0.003,-3.308,-8.09,-6.35,1549046808838
27,0.178,-0.207,0.017,-3.318,-8.321,-5.955,1549046808859
27,0.365,-0.2,0.023,-3.413,-7.801,-6.484,1549046808879
27,0.444,-0.146,0.064,-3.704,-7.216,-6.342,1549046808898
27,0.218,-0.174,0.118,-3.412,-8.336,-6.29,1549046808918
27,0.232,-0.176,0.142,-3.559,-7.995,-6.348,1549046808939
27,0.345,-0.132,0.149,-3.963,-7.833,-5.602,1549046808959
27,0.265,-0.128,0.167,-4.232,-8.445,-5.309,1549046808979
27,0.363,-0.162,0.166,-3.889,-7.893,-6.566,1549046808998
27,0.45,-0.112,0.226,-4.213,-7.101,-5.859,1549046809019
27,0.105,-0.06,0.245,-3.876,-8.321,-5.098,1549046809039
27,-0.091,-0.168,0.223,-3.485,-8.451,-5.654,1549046809059
28,0.096,-0.181,0.17,-4.13,-7.878,-5.336,1549046809079
28,0.331,-0.175,0.145,-4.199,-7.676,-6.116,1549046809099
28,0.369,-0.181,0.164,-4.209,-7.41,-6.367,1549046809118
28,0.03,-0.211,0.188,-4.332,-8.356,-3.853,1549046809138
28,-0.173,-0.215,0.155,-4.167,-8.988,-5.202,1549046809159
28,0.082,-0.336,0.137,-3.865,-7.552,-5.867,1549046809179
28,0.343,-0.262,0.162,-4.865,-6.955,-6.286,1549046809199
28,0.188,-0.282,0.211,-3.935,-7.646,-5.772,1549046809219
28,-0.042,-0.246,0.236,-4.507,-8.168,-5.064,1549046809239
28,-0.041,-0.257,0.221,-4.443,-7.878,-5.161,1549046809259
28,0.039,-0.272,0.201,-4.298,-7.279,-5.904,1549046809279
29,-0.043,-0.205,0.231,-4.771,-6.935,-5.516,1549046809299
29,-0.208,-0.187,0.227,-4.661,-7.681,-5.029,1549046809319
29,-0.162,-0.21,0.245,-4.637,-7.561,-5.104,1549046809339
29,-0.062,-0.199,0.246,-4.729,-7.202,-4.773,1549046809359
29,-0.018,-0.164,0.228,-4.848,-7.035,-4.864,1549046809379
29,-0.013,-0.112,0.254,-4.983,-6.903,-5.002,1549046809399
29,-0.101,-0.068,0.244,-4.877,-7.394,-4.563,1549046809419
29,-0.071,-0.03,0.237,-4.761,-7.394,-4.948,1549046809439
29,0.066,-0.03,0.227,-4.696,-6.973,-4.694,1549046809460
29,0.132,-0.014,0.224,-5.006,-6.759,-4.925,1549046809479
29,0.07,0.023,0.239,-5.025,-6.848,-5.085,1549046809499
29,-0.029,0.049,0.256,-4.747,-7.17,-4.717,1549046809519
29,-0.015,0.085,0.24,-5.26,-7.225,-4.174,1549046809539
29,0.053,0.098,0.265,-5.211,-6.469,-4.494,1549046809560
30,0.094,0.11,0.293,-5.131,-6.418,-4.908,1549046809579
30,0.018,0.113,0.284,-5.169,-6.863,-4.963,1549046809599
30,-0.009,0.139,0.26,-4.967,-6.92,-4.903,1549046809620
30,-0.068,0.105,0.251,-5.125,-7.433,-4.133,1549046809640
30,0.212,0.141,0.247,-5.025,-6.635,-5.209,1549046809660
30,0.319,0.175,0.231,-5.377,-6.286,-4.515,1549046809679
30,0.184,0.202,0.249,-5.404,-7.671,-4.253,1549046809700
30,0.232,0.164,0.217,-5.171,-7.501,-4.702,1549046809720
30,0.302,0.139,0.173,-5.265,-7.108,-5.119,1549046809740
30,0.353,0.159,0.141,-5.308,-6.407,-5.69,1549046809760
30,0.394,0.161,0.182,-5.098,-6.713,-5.347,1549046809780
30,0.276,0.147,0.15,-5.306,-7.199,-4.332,1549046809800
31,0.272,0.1,0.114,-4.896,-7.765,-4.867,1549046809820
31,0.413,0.085,0.091,-4.91,-6.298,-5.618,1549046809840
31,0.337,0.1,0.08,-4.947,-6.706,-5.314,1549046809860
31,0.233,0.101,0.096,-4.965,-7.175,-4.858,1549046809879
31,0.403,0.07,0.075,-5.039,-7.222,-5.247,1549046809899
31,0.459,0.034,0.034,-4.992,-7.068,-4.897,1549046809920
31,0.247,-0.02,0.021,-5.052,-6.761,-5.045,1549046809940
31,0.273,-0.001,0.044,-5.014,-7.479,-5.18,1549046809960
31,0.422,0.022,0.051,-5.035,-7.288,-4.826,1549046809980
31,0.505,0.032,0.046,-5.317,-6.662,-5.144,1549046809999
31,0.14,0.007,0.024,-5.133,-7.508,-4.686,1549046810020
31,-0.099,0.031,0.033,-4.928,-7.686,-4.51,1549046810040
31,0.07,0.042,0.033,-5.096,-6.992,-4.197,1549046810060
31,0.253,0.067,0.015,-5.184,-7.276,-4.389,1549046810080
32,0.164,0.058,-0.003,-4.978,-7.538,-4.573,1549046810099
32,0.182,0.059,-0.017,-4.942,-7.167,-4.836,1549046810119
32,0.207,0.031,-0.041,-5.197,-7.072,-4.49,1549046810140
32,0.205,0.037,-0.049,-5.279,-6.75,-4.632,1549046810160
32,-0.117,0.043,-0.049,-5.004,-7.627,-4.681,1549046810180
32,-0.178,0.09,-0.038,-4.967,-7.349,-4.595,1549046810200
32,-0.035,0.096,-0.06,-5.462,-6.823,-4.983,1549046810220
32,-0.043,0.136,-0.022,-5.737,-7.862,-3.82,1549046810240
32,-0.163,0.14,0.026,-5.253,-7.23,-4.575,1549046810260
32,-0.164,0.108,0.009,-4.933,-7.017,-5.26,1549046810280
32,-0.303,0.078,0.033,-4.945,-7.329,-4.946,1549046810300
32,-0.278,0.078,0.073,-4.745,-7.292,-4.98,1549046810320
32,-0.18,0.081,0.11,-4.928,-7.33,-4.804,1549046810340
32,-0.304,0.067,0.146,-4.928,-7.456,-4.997,1549046810360
33,-0.407,0.041,0.149,-5.066,-7.36,-5.154,1549046810380
33,-0.353,0.01,0.102,-4.704,-7.395,-6.017,1549046810400
33,-0.255,0.014,0.071,-4.69,-7.456,-4.985,1549046810420
33,-0.267,0.018,0.041,-4.742,-7.327,-5.11,1549046810440
33,-0.336,-0.016,-0.02,-4.858,-7.62,-5.265,1549046810460
33,-0.33,-0.02,-0.05,-4.924,-7.152,-5.233,1549046810480
33,-0.295,-0.023,-0.072,-4.939,-6.93,-5.389,1549046810501
33,-0.321,-0.005,-0.076,-5.006,-7.197,-4.758,1549046810520
33,-0.378,-0.023,-0.08,-5.361,-7.383,-4.735,1549046810541
33,-0.336,-0.034,-0.107,-5.2,-7.107,-5.251,1549046810560
33,-0.342,-0.029,-0.124,-5.128,-7.198,-4.935,1549046810580
33,-0.342,0.0,-0.134,-5.298,-7.005,-5.346,1549046810600
33,-0.291,0.01,-0.147,-4.995,-7.097,-5.721,1549046810620
33,-0.247,0.032,-0.153,-5.153,-7.206,-5.549,1549046810641
34,-0.234,0.03,-0.154,-5.154,-7.419,-5.754,1549046810661
34,-0.255,0.022,-0.169,-5.022,-7.301,-5.622,1549046810681
34,-0.277,-0.022,-0.178,-5.455,-7.174,-5.336,1549046810700
34,-0.224,-0.105,-0.2,-5.261,-7.275,-6.234,1549046810721
34,-0.144,-0.132,-0.229,-4.961,-6.918,-6.331,1549046810741
34,-0.156,-0.097,-0.237,-4.858,-7.086,-5.929,1549046810760
34,-0.196,-0.049,-0.208,-4.949,-7.199,-5.44,1549046810781
34,-0.248,-0.048,-0.193,-4.827,-7.088,-6.15,1549046810801
34,-0.225,-0.018,-0.177,-4.77,-7.607,-6.054,1549046810821
34,-0.142,0.023,-0.167,-4.764,-7.107,-5.8,1549046810840
34,-0.157,0.035,-0.164,-4.956,-7.408,-5.843,1549046810861
34,-0.182,0.026,-0.161,-4.742,-7.191,-6.308,1549046810881
34,-0.133,0.059,-0.151,-4.736,-7.133,-5.933,1549046810901
34,-0.125,0.092,-0.147,-4.745,-7.55,-5.835,1549046810920
35,-0.108,0.103,-0.155,-4.54,-7.504,-5.842,1549046810941
35,-0.036,0.107,-0.159,-4.793,-7.531,-5.827,1549046810960
35,0.035,0.116,-0.147,-4.873,-7.199,-5.786,1549046810981
35,0.031,0.116,-0.14,-4.724,-6.999,-6.657,1549046811000
35,0.013,0.151,-0.114,-4.974,-6.843,-6.058,1549046811021
35,-0.07,0.174,-0.091,-4.939,-7.868,-5.736,1549046811040
35,0.015,0.138,-0.116,-4.968,-7.15,-5.989,1549046811061
35,0.061,0.078,-0.15,-4.379,-7.779,-5.668,1549046811080
35,0.239,0.07,-0.152,-4.345,-7.375,-5.706,1549046811100
35,0.254,0.076,-0.154,-4.111,-7.669,-6.178,1549046811121
35,0.243,0.1,-0.151,-4.346,-7.145,-6.496,1549046811141
36,0.147,0.087,-0.152,-4.205,-6.451,-6.557,1549046811160
36,-0.029,0.064,-0.142,-4.008,-7.884,-5.999,1549046811180
36,-0.055,0.043,-0.15,-3.836,-7.987,-6.261,1549046811200
36,0.097,0.058,-0.177,-4.188,-7.836,-5.778,1549046811221
36,0.168,0.045,-0.187,-4.413,-7.64,-5.748,1549046811241
36,0.223,0.023,-0.175,-4.209,-6.754,-6.272,1549046811261
36,0.144,0.012,-0.168,-4.08,-7.436,-6.185,1549046811280
36,0.045,0.037,-0.16,-4.197,-8.077,-5.64,1549046811300
36,0.055,0.037,-0.168,-4.082,-7.421,-5.98,1549046811321
36,0.045,0.032,-0.166,-4.242,-7.855,-5.629,1549046811341
36,-0.016,-0.003,-0.173,-3.963,-7.79,-6.199,1549046811361
36,0.096,0.029,-0.145,-4.132,-7.185,-6.078,1549046811381
36,0.03,0.009,-0.135,-3.98,-8.159,-5.547,1549046811401
36,0.039,0.014,-0.138,-4.02,-7.993,-5.768,1549046811421
36,0.158,0.02,-0.14,-4.186,-7.712,-5.827,1549046811440
37,0.174,0.013,-0.148,-4.323,-7.56,-5.583,1549046811461
37,0.203,0.01,-0.166,-4.224,-7.781,-5.897,1549046811481
37,0.207,0.033,-0.159,-4.139,-7.695,-5.836,1549046811501
37,0.164,0.023,-0.137,-4.074,-8.077,-5.196,1549046811521
37,0.07,-0.005,-0.136,-4.065,-8.391,-5.345,1549046811540
37,0.097,0.005,-0.138,-4.285,-8.364,-5.789,1549046811561
37,0.179,0.001,-0.137,-4.541,-7.712,-6.406,1549046811581
37,0.224,-0.016,-0.115,-4.451,-7.464,-5.987,1549046811601
37,0.147,-0.069,-0.103,-4.014,-7.371,-5.285,1549046811621
37,-0.032,-0.138,-0.139,-3.709,-8.117,-4.8,1549046811641
37,-0.023,-0.137,-0.17,-3.51,-8.47,-5.049,1549046811661
37,0.161,-0.094,-0.198,-3.573,-8.243,-5.493,1549046811681
37,0.374,-0.056,-0.161,-3.288,-8.42,-4.661,1549046811700
38,0.449,-0.028,-0.187,-3.243,-7.893,-4.323,1549046811721
38,0.588,-0.014,-0.326,-3.482,-8.963,-4.495,1549046811741
38,0.764,-0.052,-0.408,-3.401,-9.736,-6.136,1549046811761
38,1.28,0.089,-0.43,-3.4,-8.94,-5.92,1549046811781
38,1.983,0.139,-0.505,-3.683,-6.755,-4.788,1549046811800
38,1.356,0.021,-0.402,-3.776,-8.719,-4.681,1549046811821
38,0.983,-0.143,-0.398,-3.498,-8.4,-4.001,1549046811841
38,0.78,-0.103,-0.346,-3.721,-9.741,-4.879,1549046811861
38,1.095,-0.026,-0.352,-3.484,-8.45,-4.481,1549046811881
38,1.149,0.019,-0.348,-3.59,-7.607,-3.564,1549046811901
38,0.468,-0.061,-0.172,-3.332,-8.838,-4.466,1549046811921
38,0.206,-0.066,-0.147,-3.459,-9.225,-4.904,1549046811942
38,0.321,-0.044,-0.124,-3.479,-9.027,-3.709,1549046811961
38,0.506,-0.064,-0.121,-3.179,-8.87,-2.81,1549046811981
39,0.32,-0.036,-0.091,-3.359,-9.408,-3.358,1549046812001
39,0.247,-0.001,-0.026,-3.187,-9.017,-3.419,1549046812021
39,0.231,-0.031,-0.02,-3.101,-9.442,-3.728,1549046812041
39,0.368,0.009,-0.069,-2.878,-9.166,-2.821,1549046812061
39,0.246,-0.003,-0.043,-3.005,-9.498,-2.425,1549046812081
39,0.199,-0.027,-0.052,-3.268,-9.833,-2.456,1549046812101
39,0.204,-0.004,-0.081,-3.404,-9.679,-3.257,1549046812122
39,0.249,0.027,-0.128,-3.323,-8.676,-4.227,1549046812142
39,0.167,0.043,-0.064,-3.045,-7.826,-4.149,1549046812161
39,-0.122,0.0,-0.014,-3.005,-8.35,-3.531,1549046812181
39,-0.427,-0.051,0.036,-3.076,-10.393,-3.079,1549046812202
40,-0.148,-0.015,0.01,-2.939,-10.855,-3.18,1549046812222
40,0.483,0.044,-0.047,-2.745,-8.797,-3.68,1549046812242
40,0.492,0.098,-0.007,-3.12,-7.535,-3.57,1549046812262
40,-0.068,0.008,0.063,-3.232,-9.369,-3.309,1549046812282
40,-0.356,-0.078,0.095,-2.959,-10.434,-2.118,1549046812302
40,-0.046,-0.03,0.044,-3.062,-9.86,-2.388,1549046812322
40,0.207,0.033,0.019,-3.228,-8.891,-2.881,1549046812342
40,0.05,0.004,0.011,-3.183,-9.278,-3.22,1549046812362
40,-0.049,-0.049,0.002,-2.915,-9.838,-3.068,1549046812381
40,0.077,-0.049,-0.023,-3.071,-9.433,-2.95,1549046812402
40,0.183,-0.012,-0.046,-3.097,-9.17,-2.898,1549046812421
40,0.089,-0.024,-0.046,-3.082,-9.471,-3.163,1549046812442
41,0.018,-0.035,-0.057,-3.19,-9.341,-2.963,1549046812461
41,0.027,-0.015,-0.057,-3.176,-9.126,-3.24,1549046812482
41,-0.07,-0.025,-0.04,-3.009,-9.182,-3.246,1549046812502
41,-0.167,-0.03,-0.019,-2.98,-9.464,-3.105,1549046812522
41,-0.108,-0.004,-0.007,-2.877,-9.284,-3.195,1549046812542
41,-0.034,0.024,-0.003,-3.063,-9.37,-3.04,1549046812562
41,-0.022,0.052,0.003,-3.185,-9.442,-2.58,1549046812582
41,-0.056,0.037,0.005,-3.074,-9.629,-3.164,1549046812602
41,-0.05,0.032,0.006,-3.068,-9.332,-3.356,1549046812622
41,-0.043,0.021,0.002,-3.01,-9.356,-2.985,1549046812642
41,-0.07,0.014,0.011,-3.096,-9.338,-3.05,1549046812662
41,-0.083,0.026,0.002,-3.031,-9.283,-3.214,1549046812682
41,-0.059,0.023,-0.003,-3.062,-9.082,-3.256,1549046812702
42,-0.095,0.019,0.0,-3.133,-9.427,-2.989,1549046812722
42,-0.072,0.001,-0.011,-2.968,-9.641,-3.107,1549046812742
42,-0.01,0.017,-0.021,-3.065,-9.217,-3.377,1549046812762
42,0.022,0.015,-0.026,-3.182,-9.058,-3.377,1549046812782
42,0.008,-0.001,-0.023,-3.028,-9.45,-2.963,1549046812802
42,-0.011,0.007,-0.021,-3.003,-9.426,-3.045,1549046812822
42,0.002,0.029,-0.033,-2.981,-9.126,-3.277,1549046812842
42,-0.036,0.046,-0.025,-3.053,-9.154,-3.281,1549046812862
42,-0.105,0.035,-0.022,-3.045,-9.415,-3.337,1549046812882
42,-0.085,0.047,-0.018,-3.01,-9.21,-3.277,1549046812902
42,-0.032,0.045,-0.02,-2.896,-9.452,-3.217,1549046812922
42,0.018,0.053,-0.018,-2.724,-9.682,-3.801,1549046812942
42,0.048,0.081,-0.014,-2.869,-9.304,-3.217,1549046812962
42,0.036,0.1,-0.015,-2.865,-9.153,-2.925,1549046812982
42,-0.081,0.098,-0.006,-2.939,-9.4,-3.076,1549046813002
42,-0.214,0.083,0.001,-2.91,-9.734,-3.772,1549046813022
42,-0.105,0.063,0.01,-3.018,-9.442,-3.703,1549046813042
42,0.056,0.031,-0.002,-3.072,-9.245,-3.342,1549046813062
42,0.006,0.005,0.006,-3.034,-9.131,-3.275,1549046813082
42,-0.14,-0.047,0.009,-3.051,-9.496,-2.963,1549046813102
42,-0.157,-0.009,-0.007,-2.924,-9.46,-3.189,1549046813122
42,-0.057,0.035,-0.027,-3.016,-8.89,-3.545,1549046813142
42,-0.094,0.066,-0.014,-3.228,-8.862,-3.651,1549046813162
42,-0.298,0.022,0.012,-3.129,-9.035,-3.499,1549046813182
42,-0.471,-0.01,0.012,-3.049,-9.322,-3.615,1549046813202
42,-0.456,0.003,0.021,-3.021,-9.375,-3.436,1549046813222
42,-0.413,0.013,-0.005,-2.968,-9.395,-3.784,1549046813242
42,-0.389,0.047,-0.03,-2.943,-8.807,-4.014,1549046813262
42,-0.663,0.082,0.036,-2.949,-9.123,-4.347,1549046813282
42,-0.552,0.063,0.025,-2.907,-9.495,-4.108,1549046813302
42,-0.224,0.059,-0.043,-2.733,-9.678,-3.984,1549046813322
42,-0.017,0.136,-0.059,-2.699,-9.297,-4.263,1549046813342
42,0.089,0.22,-0.042,-2.646,-8.347,-4.448,1549046813362
42,-0.16,0.27,0.001,-2.855,-8.624,-4.458,1549046813382
42,-0.401,0.262,0.021,-3.124,-9.082,-4.327,1549046813402
42,-0.364,0.302,0.036,-3.145,-9.432,-4.81,1549046813422
42,-0.072,0.355,0.035,-2.959,-9.063,-4.446,1549046813442
42,0.174,0.401,0.02,-2.82,-8.319,-3.87,1549046813462
42,-0.14,0.364,0.064,-2.778,-8.846,-4.366,1549046813482
43,-0.385,0.315,0.082,-2.586,-9.535,-4.752,1549046813502
43,-0.198,0.367,0.051,-2.317,-9.923,-4.287,1549046813522
43,0.164,0.46,-0.035,-2.111,-9.513,-4.199,1549046813542
43,0.177,0.524,-0.095,-2.377,-8.771,-4.181,1549046813562
43,-0.158,0.52,-0.119,-2.811,-8.908,-4.376,1549046813583
43,-0.39,0.464,-0.128,-2.9,-9.358,-4.689,1549046813603
43,-0.08,0.44,-0.103,-2.574,-9.217,-4.145,1549046813623
43,0.315,0.468,-0.098,-2.332,-9.082,-4.059,1549046813643
43,0.282,0.466,-0.084,-2.652,-7.865,-4.354,1549046813663
43,-0.176,0.438,-0.031,-2.768,-8.629,-5.002,1549046813683
43,-0.444,0.303,-0.026,-2.246,-9.426,-4.842,1549046813703
43,-0.314,0.269,-0.085,-2.027,-9.62,-4.557,1549046813723
43,-0.093,0.33,-0.096,-2.179,-8.804,-4.82,1549046813743
43,-0.012,0.371,-0.06,-2.346,-8.52,-4.996,1549046813763
43,-0.067,0.319,-0.079,-2.006,-8.798,-4.997,1549046813783
43,-0.169,0.288,-0.082,-2.152,-8.958,-4.834,1549046813802
43,-0.276,0.26,-0.064,-2.233,-9.215,-4.951,1549046813823
43,-0.175,0.207,-0.075,-2.044,-8.862,-5.136,1549046813842
43,0.106,0.222,-0.075,-1.807,-8.851,-4.888,1549046813863
43,0.218,0.247,-0.066,-1.965,-8.733,-4.771,1549046813883
43,0.095,0.228,-0.051,-2.029,-8.662,-5.022,1549046813902
43,-0.038,0.157,-0.035,-2.035,-9.177,-5.329,1549046813922
43,0.082,0.145,-0.045,-2.112,-8.937,-4.642,1549046813942
43,0.172,0.161,-0.038,-2.14,-8.728,-4.39,1549046813963
43,0.023,0.187,0.012,-2.158,-8.746,-4.66,1549046813982
43,-0.119,0.148,0.044,-1.986,-8.932,-5.086,1549046814003
43,-0.012,0.152,0.043,-1.866,-9.121,-5.186,1549046814022
