pack,vx,vy,vz,ax,ay,az,time
1,0.006,-0.024,-0.001,0.034,-8.495,5.329,1549046232027
1,0.022,-0.034,0.014,-0.015,-8.451,5.393,1549046232047
1,0.024,-0.046,0.039,-0.102,-8.247,5.523,1549046232068
1,0.054,-0.042,0.038,-0.104,-8.087,5.635,1549046232087
1,0.007,-0.053,0.047,-0.246,-8.061,5.498,1549046232107
1,-0.096,-0.058,0.079,-0.235,-8.352,5.478,1549046232127
1,-0.118,-0.098,0.081,-0.247,-8.355,5.674,1549046232147
1,-0.063,-0.114,0.09,-0.262,-8.096,5.55,1549046232168
1,-0.104,-0.12,0.151,-0.102,-7.898,5.178,1549046232187
1,-0.176,-0.136,0.229,-0.359,-8.034,5.183,1549046232208
1,-0.267,-0.157,0.322,-0.508,-8.251,5.333,1549046232227
2,-0.372,-0.243,0.354,-0.624,-8.25,5.543,1549046232247
2,-0.391,-0.293,0.404,-0.735,-8.456,5.329,1549046232268
2,-0.485,-0.305,0.452,-0.755,-8.375,5.383,1549046232288
2,-0.472,-0.297,0.506,-0.819,-8.081,5.096,1549046232307
2,-0.483,-0.372,0.519,-0.707,-8.001,5.326,1549046232327
2,-0.513,-0.388,0.617,-0.916,-7.968,5.435,1549046232347
2,-0.651,-0.382,0.698,-0.663,-8.056,5.221,1549046232367
2,-0.757,-0.378,0.678,-0.969,-8.52,5.113,1549046232388
2,-0.806,-0.407,0.673,-1.461,-8.67,5.142,1549046232407
2,-0.77,-0.524,0.707,-1.393,-8.983,5.004,1549046232427
2,-0.693,-0.617,0.722,-1.463,-9.391,4.725,1549046232447
2,-0.645,-0.637,0.696,-1.648,-9.039,4.502,1549046232467
2,-0.61,-0.614,0.666,-1.674,-8.998,3.889,1549046232487
2,-0.642,-0.654,0.607,-1.736,-9.279,3.921,1549046232508
3,-0.708,-0.677,0.553,-1.735,-9.048,3.991,1549046232528
3,-0.82,-0.778,0.512,-1.138,-9.185,3.189,1549046232548
3,-1.067,-0.87,0.464,-0.792,-9.591,2.61,1549046232568
3,-1.25,-0.947,0.417,-0.722,-9.879,2.395,1549046232587
3,-1.134,-0.971,0.355,-0.749,-9.816,2.573,1549046232608
3,-0.96,-1.051,0.385,-0.386,-10.067,2.081,1549046232627
3,-0.931,-1.002,0.396,-0.018,-10.168,1.844,1549046232648
3,-0.926,-0.911,0.275,0.081,-10.42,2.223,1549046232668
3,-0.816,-0.839,0.143,0.031,-9.845,1.709,1549046232688
3,-0.523,-0.786,0.064,-0.011,-10.524,1.659,1549046232707
3,-0.215,-0.572,0.004,-0.283,-10.915,2.05,1549046232728
4,0.109,-0.377,-0.085,-0.669,-10.21,2.46,1549046232748
4,0.3,-0.337,-0.093,-1.643,-9.473,2.74,1549046232768
4,0.172,-0.376,0.048,-2.64,-9.514,2.387,1549046232788
4,0.015,-0.481,0.185,-2.025,-9.67,2.836,1549046232808
4,-0.068,-0.716,0.224,-1.478,-10.516,3.496,1549046232828
4,-0.313,-0.864,0.33,-1.965,-11.203,3.014,1549046232848
4,-0.533,-0.855,0.313,-2.363,-10.465,2.571,1549046232868
4,-0.393,-0.79,0.253,-1.614,-9.571,2.204,1549046232888
4,-0.183,-0.878,0.245,-1.013,-8.701,2.536,1549046232907
4,-0.186,-0.947,0.393,-1.364,-8.863,2.606,1549046232928
4,-0.414,-1.059,0.503,-1.642,-9.028,2.743,1549046232948
5,-0.378,-1.241,0.512,-1.819,-9.386,2.793,1549046232968
5,-0.309,-1.412,0.697,-2.318,-9.159,2.845,1549046232988
5,-0.598,-1.63,0.703,-2.458,-9.247,2.028,1549046233008
5,-0.781,-1.664,0.729,-2.313,-8.626,1.563,1549046233028
5,-0.52,-1.555,0.749,-2.363,-9.042,1.978,1549046233048
5,-0.36,-1.507,0.76,-2.126,-9.43,1.938,1549046233068
5,-0.271,-1.712,0.756,-2.068,-8.803,1.241,1549046233088
5,-0.503,-1.924,0.796,-2.234,-8.882,0.023,1549046233108
5,-0.821,-2.129,0.744,-2.572,-8.919,-0.541,1549046233128
5,-0.611,-2.281,0.766,-1.881,-11.01,0.578,1549046233147
6,-0.472,-2.539,0.652,-0.944,-10.797,-0.029,1549046233168
6,-0.592,-2.684,0.705,-1.298,-9.901,-1.078,1549046233188
6,-0.769,-2.364,0.962,-1.796,-7.627,-2.017,1549046233208
6,-0.879,-2.233,0.931,-1.487,-11.349,-0.884,1549046233228
6,-1.357,-2.548,0.841,-0.234,-11.52,0.766,1549046233248
6,-1.363,-2.745,0.582,-1.639,-9.195,-1.503,1549046233267
6,-1.662,-2.294,0.599,-1.508,-10.057,-3.084,1549046233288
6,-1.767,-2.109,0.533,-0.246,-13.209,-0.495,1549046233307
6,-1.473,-2.192,0.194,2.407,-14.296,2.476,1549046233328
6,-1.24,-1.75,0.309,-1.417,-12.135,-2.099,1549046233348
6,-0.311,-1.122,0.478,-1.636,-6.691,-2.3,1549046233368
6,-0.184,-0.766,0.326,-1.667,-8.308,-1.098,1549046233388
6,-0.969,-1.051,0.139,-0.348,-12.803,0.045,1549046233407
7,-1.085,-1.161,0.028,-1.973,-12.976,-0.936,1549046233428
7,-0.594,-0.834,0.204,-2.227,-8.762,0.539,1549046233448
7,-0.068,-0.59,0.435,-2.487,-8.432,-0.521,1549046233468
7,-0.969,-0.851,0.381,-1.331,-12.088,-1.66,1549046233488
7,-1.243,-0.798,0.299,-2.15,-9.863,-0.991,1549046233508
7,-0.931,-0.514,0.525,-3.81,-6.858,-0.433,1549046233529
7,-0.877,-0.358,0.682,-2.828,-9.945,-0.461,1549046233549
7,-1.085,-0.416,0.567,-2.162,-13.781,-2.061,1549046233568
7,-0.844,-0.304,0.499,-2.363,-10.198,-1.269,1549046233588
7,-0.109,-0.095,0.499,-3.246,-8.747,-0.192,1549046233608
7,-0.034,-0.144,0.445,-4.147,-10.068,-0.728,1549046233629
8,-0.271,-0.228,0.494,-3.469,-11.116,-1.206,1549046233648
8,-0.494,-0.142,0.504,-3.281,-11.983,-2.501,1549046233669
8,-0.393,-0.162,0.526,-3.894,-9.753,-1.308,1549046233688
8,-0.124,-0.193,0.486,-4.426,-8.251,-1.826,1549046233709
8,-0.132,-0.164,0.496,-4.796,-9.339,-0.833,1549046233729
8,-0.092,-0.106,0.545,-4.254,-12.017,-0.541,1549046233748
8,-0.326,-0.129,0.482,-3.996,-9.801,-0.811,1549046233769
8,-0.117,-0.045,0.551,-4.653,-9.254,-1.707,1549046233789
8,-0.15,0.008,0.572,-4.956,-9.183,-1.957,1549046233808
8,-0.139,0.062,0.57,-5.328,-8.629,-1.493,1549046233828
8,-0.137,0.025,0.52,-5.178,-10.076,-0.296,1549046233848
8,-0.028,-0.075,0.432,-4.742,-10.102,-0.92,1549046233869
9,0.192,-0.141,0.402,-4.117,-9.371,-1.335,1549046233889
9,0.337,-0.146,0.392,-4.207,-9.14,-1.793,1549046233909
9,0.397,-0.141,0.455,-4.672,-8.813,-1.632,1549046233929
9,0.177,-0.112,0.473,-4.468,-9.815,-1.095,1549046233949
9,-0.039,-0.129,0.449,-4.67,-9.57,-1.31,1549046233969
9,0.065,-0.174,0.45,-4.666,-8.377,-1.912,1549046233988
9,0.259,-0.163,0.469,-4.361,-9.102,-1.698,1549046234009
9,0.23,-0.135,0.486,-4.021,-10.055,-1.065,1549046234029
9,0.066,-0.137,0.49,-4.686,-9.734,-1.228,1549046234049
9,0.201,-0.168,0.538,-4.854,-9.29,-1.234,1549046234068
9,0.357,-0.167,0.533,-4.704,-9.425,-0.461,1549046234089
10,0.381,-0.16,0.493,-4.726,-8.578,0.245,1549046234109
10,0.407,-0.098,0.485,-4.701,-9.397,-0.598,1549046234128
10,0.235,-0.119,0.445,-4.924,-8.013,-1.025,1549046234148
10,0.369,-0.001,0.515,-4.866,-9.081,0.335,1549046234169
10,0.204,0.013,0.507,-5.287,-8.194,-0.154,1549046234189
10,0.374,0.036,0.55,-5.372,-8.355,0.193,1549046234208
10,0.325,0.101,0.531,-4.532,-7.921,-0.135,1549046234228
10,0.237,0.143,0.547,-4.789,-8.906,0.105,1549046234248
10,0.054,0.138,0.485,-4.953,-7.928,0.639,1549046234269
10,0.225,0.17,0.437,-4.889,-7.755,0.058,1549046234289
11,0.168,0.22,0.379,-5.034,-7.784,0.009,1549046234308
11,0.102,0.225,0.33,-4.483,-8.389,0.015,1549046234328
11,0.186,0.171,0.264,-4.402,-8.302,0.39,1549046234349
11,0.155,0.139,0.154,-4.122,-7.449,-0.242,1549046234369
11,0.262,0.247,0.204,-4.226,-7.946,-0.418,1549046234389
11,0.09,0.318,0.204,-4.484,-8.437,0.191,1549046234409
11,0.137,0.302,0.177,-4.629,-7.637,0.367,1549046234429
11,0.281,0.267,0.148,-4.672,-8.194,0.82,1549046234449
11,0.263,0.282,0.151,-4.414,-8.143,0.334,1549046234469
11,0.272,0.327,0.161,-5.162,-7.858,0.366,1549046234489
11,0.146,0.322,0.088,-5.214,-8.337,1.004,1549046234508
11,0.059,0.306,0.024,-5.21,-8.019,0.417,1549046234529
12,0.057,0.296,0.032,-5.212,-7.968,0.436,1549046234549
12,0.101,0.264,0.008,-5.826,-7.957,-0.103,1549046234569
12,0.097,0.223,-0.077,-6.524,-6.5,0.939,1549046234589
12,0.195,0.258,-0.115,-4.402,-9.035,-0.858,1549046234609
12,-0.068,0.149,-0.192,-4.925,-8.232,-0.034,1549046234629
12,-0.081,0.147,-0.176,-5.311,-8.509,0.09,1549046234649
12,-0.167,0.108,-0.195,-5.39,-7.796,-0.605,1549046234669
12,-0.124,0.093,-0.19,-5.535,-7.881,-0.928,1549046234689
12,-0.087,0.06,-0.231,-5.68,-8.083,-0.24,1549046234709
12,-0.126,-0.019,-0.302,-4.365,-8.894,-0.586,1549046234729
13,-0.199,-0.095,-0.334,-5.259,-8.076,-0.676,1549046234749
13,-0.121,-0.04,-0.234,-6.161,-7.21,-1.271,1549046234769
13,-0.156,-0.03,-0.276,-5.884,-7.6,-1.483,1549046234789
13,-0.167,-0.055,-0.368,-5.381,-7.877,-1.396,1549046234809
13,-0.218,-0.054,-0.451,-5.081,-8.547,-1.222,1549046234829
13,-0.272,-0.05,-0.427,-5.447,-8.062,-1.083,1549046234849
13,-0.292,-0.075,-0.378,-5.208,-8.337,-1.671,1549046234868
13,-0.296,-0.131,-0.403,-5.022,-8.284,-2.047,1549046234889
13,-0.28,-0.105,-0.425,-5.093,-8.984,-1.647,1549046234908
13,-0.359,-0.057,-0.366,-5.079,-8.519,-1.585,1549046234929
13,-0.39,-0.046,-0.331,-5.035,-8.318,-1.805,1549046234949
14,-0.413,-0.076,-0.354,-4.83,-8.76,-2.103,1549046234969
14,-0.429,-0.055,-0.338,-4.861,-8.53,-2.344,1549046234989
14,-0.4,-0.049,-0.341,-5.172,-8.327,-2.163,1549046235009
14,-0.39,-0.089,-0.364,-4.73,-8.476,-2.307,1549046235029
14,-0.34,-0.112,-0.384,-4.577,-8.306,-2.511,1549046235050
14,-0.384,-0.058,-0.331,-4.82,-8.552,-2.943,1549046235070
14,-0.432,-0.049,-0.297,-4.458,-8.8,-2.977,1549046235089
14,-0.384,-0.041,-0.307,-4.128,-9.044,-3.095,1549046235109
14,-0.335,-0.042,-0.276,-4.511,-8.687,-2.558,1549046235130
14,-0.352,-0.022,-0.195,-4.299,-8.494,-2.961,1549046235149
14,-0.443,-0.019,-0.176,-4.165,-8.983,-3.029,1549046235169
14,-0.444,-0.022,-0.197,-3.982,-8.894,-2.999,1549046235189
15,-0.451,-0.002,-0.194,-4.198,-9.0,-3.271,1549046235209
15,-0.5,0.034,-0.139,-4.495,-8.428,-3.662,1549046235229
15,-0.542,0.074,-0.119,-4.395,-9.14,-3.125,1549046235250
15,-0.566,0.035,-0.113,-4.373,-8.839,-2.823,1549046235270
15,-0.567,0.048,-0.085,-4.429,-8.921,-3.545,1549046235289
15,-0.607,0.107,-0.037,-4.468,-8.696,-3.525,1549046235310
15,-0.612,0.173,-0.06,-4.615,-9.104,-3.478,1549046235330
15,-0.611,0.181,-0.061,-4.47,-8.62,-3.193,1549046235350
15,-0.575,0.185,-0.06,-4.604,-9.196,-3.251,1549046235369
15,-0.591,0.182,-0.023,-4.496,-8.898,-3.737,1549046235390
15,-0.506,0.211,-0.059,-4.64,-8.693,-3.455,1549046235410
16,-0.57,0.232,-0.054,-5.218,-9.069,-2.724,1549046235430
16,-0.563,0.138,-0.061,-4.584,-8.369,-3.031,1549046235449
16,-0.634,0.067,-0.127,-4.261,-9.272,-4.409,1549046235470
16,-0.707,0.076,-0.055,-5.115,-7.867,-2.644,1549046235489
16,-0.698,0.152,-0.007,-4.871,-8.487,-3.105,1549046235509
16,-0.875,0.129,0.037,-5.161,-9.139,-4.441,1549046235530
16,-0.794,0.102,0.043,-4.766,-8.153,-4.145,1549046235550
16,-0.588,0.08,-0.078,-4.263,-8.779,-4.731,1549046235570
16,-0.626,0.02,-0.121,-4.107,-8.271,-4.828,1549046235590
16,-0.778,0.004,-0.159,-4.374,-8.545,-5.082,1549046235609
16,-0.822,-0.042,-0.151,-4.06,-8.841,-5.746,1549046235630
17,-0.608,-0.069,-0.17,-4.523,-8.277,-3.769,1549046235650
17,-0.687,-0.111,-0.289,-3.222,-8.691,-5.656,1549046235669
17,-0.843,-0.282,-0.257,-4.28,-8.155,-5.315,1549046235690
17,-0.854,-0.263,-0.227,-4.41,-7.639,-4.598,1549046235710
17,-0.866,-0.282,-0.24,-4.066,-8.003,-5.457,1549046235729
17,-0.967,-0.338,-0.239,-4.301,-7.586,-4.617,1549046235750
17,-0.923,-0.253,-0.199,-4.597,-7.073,-5.077,1549046235770
17,-1.045,-0.249,-0.19,-3.865,-7.355,-5.315,1549046235790
17,-1.001,-0.197,-0.154,-4.291,-7.304,-4.684,1549046235810
17,-1.026,-0.098,-0.111,-4.285,-6.823,-5.234,1549046235830
17,-1.003,-0.132,-0.121,-4.261,-6.991,-5.822,1549046235850
17,-0.944,-0.081,-0.126,-4.095,-7.532,-5.884,1549046235869
18,-0.886,-0.112,-0.185,-4.084,-7.65,-6.089,1549046235890
18,-0.914,-0.192,-0.282,-3.97,-7.515,-6.642,1549046235910
18,-0.901,-0.311,-0.364,-3.977,-6.883,-6.578,1549046235930
18,-0.877,-0.348,-0.426,-4.227,-7.2,-6.196,1549046235950
18,-0.893,-0.339,-0.434,-4.207,-6.687,-6.803,1549046235970
18,-0.922,-0.421,-0.378,-3.964,-6.511,-6.797,1549046235990
18,-0.999,-0.366,-0.283,-4.485,-6.725,-6.874,1549046236010
18,-0.99,-0.294,-0.247,-4.685,-6.588,-6.386,1549046236030
18,-0.98,-0.311,-0.307,-4.522,-6.497,-7.575,1549046236050
18,-1.128,-0.373,-0.264,-4.114,-6.461,-7.729,1549046236069
19,-1.005,-0.324,-0.177,-4.393,-6.169,-7.097,1549046236090
19,-0.866,-0.2,-0.159,-5.185,-5.705,-7.039,1549046236109
19,-1.095,-0.171,-0.155,-4.736,-5.769,-7.675,1549046236129
19,-1.078,-0.36,-0.201,-4.226,-6.034,-8.056,1549046236149
19,-1.07,-0.315,-0.134,-4.228,-6.21,-7.501,1549046236169
19,-0.995,-0.215,-0.071,-4.661,-6.263,-7.562,1549046236190
19,-0.957,-0.155,-0.026,-4.26,-5.253,-8.225,1549046236209
19,-0.979,-0.214,0.015,-4.253,-5.743,-7.994,1549046236229
19,-1.015,-0.046,0.167,-4.662,-6.136,-7.548,1549046236250
19,-0.867,-0.076,0.161,-4.378,-5.635,-7.601,1549046236270
19,-0.758,-0.108,0.079,-3.683,-5.479,-7.902,1549046236290
20,-0.819,-0.099,0.096,-4.27,-5.145,-8.337,1549046236311
20,-0.801,0.035,0.155,-3.81,-5.719,-8.074,1549046236330
20,-0.794,-0.001,0.109,-3.896,-5.406,-8.145,1549046236351
20,-0.708,-0.002,0.052,-4.214,-4.508,-8.038,1549046236371
20,-0.62,-0.006,0.014,-4.204,-4.325,-8.919,1549046236390
20,-0.655,-0.049,-0.033,-3.813,-3.838,-8.789,1549046236411
20,-0.817,0.053,-0.033,-4.119,-5.022,-8.912,1549046236431
20,-0.857,0.12,0.013,-4.141,-3.916,-8.499,1549046236451
20,-0.715,0.037,-0.072,-4.233,-4.037,-8.827,1549046236470
20,-0.786,0.034,-0.078,-4.609,-3.846,-8.787,1549046236490
20,-0.83,0.087,-0.139,-4.978,-3.519,-8.547,1549046236510
20,-0.696,0.102,-0.232,-4.096,-3.737,-9.028,1549046236530
21,-0.798,0.009,-0.217,-4.668,-3.412,-8.708,1549046236550
21,-0.796,0.114,-0.14,-5.271,-4.233,-8.249,1549046236570
21,-0.643,0.155,-0.141,-4.708,-3.363,-8.666,1549046236591
21,-0.454,0.019,-0.293,-4.121,-2.651,-9.897,1549046236611
21,-0.679,0.058,-0.254,-4.321,-3.634,-10.088,1549046236631
21,-0.695,0.063,-0.154,-3.92,-3.728,-9.053,1549046236650
21,-0.628,0.017,-0.162,-4.207,-3.919,-9.223,1549046236671
21,-0.509,0.031,-0.202,-3.853,-2.343,-9.496,1549046236691
21,-0.469,-0.075,-0.242,-3.727,-2.999,-9.929,1549046236711
21,-0.774,-0.006,-0.156,-5.177,-2.324,-9.35,1549046236730
21,-0.685,0.119,-0.169,-4.449,-3.087,-9.365,1549046236750
21,-0.656,-0.034,-0.191,-3.263,-2.846,-9.203,1549046236771
22,-0.664,-0.092,-0.185,-3.864,-2.612,-9.151,1549046236791
22,-0.683,-0.033,-0.156,-3.575,-3.412,-9.394,1549046236811
22,-0.655,-0.111,-0.185,-3.776,-2.373,-8.678,1549046236831
22,-0.443,-0.062,-0.226,-4.898,-2.621,-8.668,1549046236851
22,-0.354,0.013,-0.211,-3.532,-2.043,-9.196,1549046236871
22,-0.344,-0.157,-0.249,-3.794,-2.182,-9.272,1549046236891
22,-0.306,0.045,-0.163,-4.16,-3.366,-8.99,1549046236911
22,-0.176,0.09,-0.211,-3.479,-2.557,-8.783,1549046236931
22,0.08,0.045,-0.344,-3.796,-1.656,-9.673,1549046236950
22,0.098,0.199,-0.262,-3.46,-2.934,-9.916,1549046236971
22,0.051,0.225,-0.179,-3.672,-3.303,-9.296,1549046236990
22,0.268,0.235,-0.242,-3.764,-2.517,-9.239,1549046237010
23,0.417,0.232,-0.286,-4.046,-2.013,-9.794,1549046237031
23,0.31,0.238,-0.242,-4.298,-2.093,-9.288,1549046237050
23,0.116,0.202,-0.215,-3.803,-4.283,-10.533,1549046237071
23,0.137,0.033,-0.296,-3.139,-2.033,-9.034,1549046237090
23,0.472,0.07,-0.354,-4.245,-2.718,-9.658,1549046237110
23,0.211,0.09,-0.234,-4.144,-1.523,-9.684,1549046237131
23,0.08,-0.024,-0.229,-3.889,-3.301,-9.875,1549046237151
23,-0.092,-0.061,-0.194,-4.001,-2.858,-9.757,1549046237171
23,0.094,-0.128,-0.258,-3.976,-1.941,-9.646,1549046237191
23,0.169,-0.151,-0.269,-3.603,-2.929,-9.118,1549046237210
23,-0.093,-0.126,-0.194,-3.985,-3.003,-9.114,1549046237231
23,-0.016,-0.123,-0.204,-3.663,-2.669,-9.328,1549046237251
24,-0.066,-0.125,-0.141,-3.957,-3.22,-9.471,1549046237271
24,-0.036,-0.092,-0.105,-3.748,-2.541,-9.404,1549046237291
24,0.102,-0.095,-0.125,-3.746,-3.089,-9.104,1549046237311
24,0.004,-0.051,-0.101,-3.666,-3.025,-9.337,1549046237331
24,-0.067,-0.101,-0.141,-3.439,-3.411,-9.229,1549046237351
24,-0.019,-0.14,-0.171,-3.143,-4.014,-9.35,1549046237371
24,0.033,-0.14,-0.196,-3.403,-3.607,-8.877,1549046237391
24,0.201,-0.072,-0.228,-3.569,-2.97,-8.793,1549046237411
24,0.25,-0.069,-0.25,-3.438,-3.231,-9.019,1549046237431
24,0.176,-0.07,-0.244,-3.788,-3.174,-9.263,1549046237451
24,0.092,-0.05,-0.255,-3.441,-3.589,-8.818,1549046237471
24,0.113,-0.068,-0.267,-3.892,-3.399,-8.27,1549046237491
25,0.145,0.0,-0.275,-3.869,-2.71,-9.188,1549046237511
25,0.171,-0.059,-0.303,-3.548,-3.338,-9.44,1549046237531
25,0.037,0.032,-0.189,-3.867,-3.457,-8.788,1549046237551
25,0.115,0.052,-0.153,-4.116,-2.976,-8.828,1549046237571
25,0.275,0.024,-0.214,-3.425,-3.635,-9.444,1549046237591
25,0.091,-0.007,-0.161,-3.99,-3.318,-9.447,1549046237611
25,0.069,0.036,-0.153,-3.537,-3.269,-9.019,1549046237631
25,0.094,-0.014,-0.169,-3.911,-3.305,-8.78,1549046237651
25,0.091,-0.027,-0.184,-3.801,-3.737,-9.463,1549046237671
25,0.083,-0.088,-0.178,-3.564,-3.03,-9.144,1549046237691
25,0.054,-0.143,-0.186,-3.525,-3.574,-9.722,1549046237711
25,-0.075,-0.096,-0.104,-3.284,-3.652,-9.644,1549046237731
25,0.076,-0.088,-0.1,-3.716,-3.631,-8.962,1549046237751
25,0.115,-0.03,-0.089,-3.64,-3.778,-8.866,1549046237771
26,0.12,-0.101,-0.1,-3.482,-3.487,-8.822,1549046237791
26,0.036,-0.081,-0.085,-3.608,-3.938,-9.112,1549046237811
26,0.016,-0.074,-0.064,-3.641,-3.506,-9.206,1549046237831
26,0.058,-0.058,-0.089,-3.708,-3.718,-9.016,1549046237851
26,0.076,-0.035,-0.077,-3.86,-4.257,-8.636,1549046237871
26,0.182,-0.02,-0.084,-3.928,-3.514,-8.64,1549046237891
26,0.268,-0.073,-0.138,-3.664,-3.35,-9.0,1549046237911
26,0.134,-0.072,-0.132,-3.482,-3.916,-8.777,1549046237931
26,0.073,-0.045,-0.098,-3.791,-4.302,-8.844,1549046237952
26,0.131,-0.009,-0.085,-3.725,-3.896,-8.984,1549046237971
27,0.199,-0.04,-0.116,-3.589,-3.52,-9.366,1549046237991
27,0.116,-0.058,-0.098,-3.672,-4.311,-8.934,1549046238012
27,0.094,-0.062,-0.096,-3.813,-4.265,-8.699,1549046238031
27,0.125,-0.064,-0.122,-3.494,-3.951,-8.492,1549046238052
27,0.168,-0.054,-0.109,-3.951,-4.112,-8.43,1549046238072
27,0.218,0.013,-0.081,-3.714,-4.598,-8.853,1549046238092
27,0.32,-0.023,-0.115,-3.728,-3.563,-8.963,1549046238112
27,0.386,-0.054,-0.132,-3.419,-4.451,-8.938,1549046238132
27,0.21,-0.049,-0.091,-3.738,-5.185,-8.841,1549046238152
27,0.313,-0.066,-0.146,-3.986,-5.078,-7.658,1549046238172
27,0.523,-0.128,-0.193,-3.875,-5.07,-8.356,1549046238192
27,0.527,-0.158,-0.206,-3.878,-4.742,-8.525,1549046238211
27,0.601,-0.154,-0.248,-3.416,-5.784,-9.065,1549046238232
27,0.713,-0.147,-0.313,-3.763,-5.064,-8.561,1549046238252
27,0.978,-0.104,-0.363,-3.425,-3.963,-8.115,1549046238271
27,0.796,-0.158,-0.334,-3.539,-5.583,-8.378,1549046238291
28,0.553,-0.091,-0.25,-3.272,-6.255,-8.482,1549046238312
28,0.703,-0.139,-0.33,-2.727,-5.505,-7.575,1549046238332
28,0.93,-0.094,-0.354,-1.982,-4.333,-6.528,1549046238352
28,0.562,-0.042,-0.213,-3.529,-5.199,-8.735,1549046238372
28,0.442,0.194,-0.173,-3.808,-4.958,-8.273,1549046238392
28,0.885,0.272,-0.263,-4.072,-4.159,-7.575,1549046238411
28,0.685,0.227,-0.2,-4.211,-5.281,-7.893,1549046238432
28,0.084,0.151,-0.082,-3.729,-6.415,-7.544,1549046238452
28,0.01,0.129,-0.026,-2.988,-6.66,-7.664,1549046238472
28,0.225,0.166,-0.02,-2.636,-5.891,-7.481,1549046238492
28,0.435,0.255,-0.011,-3.116,-5.243,-7.814,1549046238511
28,0.319,0.278,0.005,-3.441,-6.492,-8.048,1549046238532
28,0.097,0.237,0.035,-2.98,-7.533,-7.801,1549046238552
29,0.255,0.177,-0.01,-2.45,-6.816,-7.771,1549046238572
29,0.477,0.201,-0.01,-2.515,-6.541,-7.425,1549046238592
29,0.41,0.246,0.088,-2.994,-7.018,-7.933,1549046238612
29,0.388,0.231,-0.008,-3.385,-6.562,-8.325,1549046238632
29,0.583,0.18,-0.118,-3.501,-6.655,-7.604,1549046238652
29,0.798,0.208,-0.103,-3.534,-6.863,-7.214,1549046238672
29,0.63,0.155,-0.098,-3.929,-6.949,-7.313,1549046238692
29,0.381,0.111,-0.103,-3.891,-7.413,-6.999,1549046238711
29,0.326,0.071,-0.092,-4.205,-6.916,-7.908,1549046238731
29,0.554,0.08,-0.109,-4.19,-5.03,-6.873,1549046238752
30,0.752,0.067,-0.246,-3.19,-6.081,-6.355,1549046238772
30,0.241,-0.063,-0.23,-3.271,-6.956,-7.352,1549046238792
30,0.037,-0.053,-0.215,-2.947,-6.522,-7.27,1549046238812
30,0.156,-0.033,-0.2,-3.025,-7.233,-7.397,1549046238831
30,0.199,-0.009,-0.227,-2.864,-6.584,-7.498,1549046238852
30,0.193,0.003,-0.241,-2.852,-6.116,-7.144,1549046238872
30,0.084,-0.014,-0.125,-2.469,-6.553,-6.798,1549046238892
30,0.023,-0.08,-0.17,-2.524,-6.979,-7.028,1549046238912
30,0.051,-0.045,-0.194,-2.738,-6.562,-6.741,1549046238932
30,0.031,-0.039,-0.171,-2.913,-7.087,-7.494,1549046238952
31,-0.106,-0.071,-0.126,-2.851,-6.861,-7.064,1549046238972
31,0.057,-0.022,-0.089,-2.763,-7.003,-6.794,1549046238992
31,0.027,0.013,-0.003,-2.799,-7.098,-6.736,1549046239012
31,-0.005,0.044,0.019,-3.001,-7.525,-7.069,1549046239032
31,-0.043,0.033,-0.034,-2.941,-7.391,-7.009,1549046239052
31,0.037,0.008,-0.046,-2.882,-6.798,-6.786,1549046239072
31,0.051,-0.034,-0.046,-2.808,-6.839,-7.323,1549046239092
31,0.031,-0.055,-0.084,-2.662,-7.138,-7.282,1549046239113
31,0.083,-0.034,-0.084,-2.637,-7.157,-7.336,1549046239132
31,0.021,-0.027,-0.049,-2.625,-7.156,-6.936,1549046239152
31,0.0,-0.022,-0.027,-2.27,-7.025,-6.536,1549046239172
31,-0.017,-0.011,-0.011,-2.697,-6.855,-7.237,1549046239192
31,-0.08,0.038,0.023,-2.651,-6.886,-7.064,1549046239212
32,-0.129,0.003,0.051,-2.358,-7.89,-7.154,1549046239232
32,-0.118,-0.025,0.039,-2.749,-7.46,-6.794,1549046239252
32,0.046,0.047,0.028,-3.024,-6.999,-6.909,1549046239273
32,-0.029,0.025,0.06,-2.524,-7.382,-6.973,1549046239292
32,-0.121,-0.034,0.026,-2.522,-7.796,-7.422,1549046239312
32,-0.029,0.007,-0.012,-2.67,-7.199,-7.098,1549046239333
32,0.099,0.04,-0.005,-2.728,-6.983,-6.888,1549046239352
32,0.102,0.023,-0.012,-2.727,-6.611,-6.917,1549046239372
32,0.074,0.001,-0.022,-2.764,-6.999,-7.122,1549046239392
32,-0.035,-0.009,0.012,-2.674,-7.318,-7.339,1549046239412
32,-0.021,0.0,0.026,-2.745,-6.924,-7.088,1549046239433
32,0.083,0.039,0.045,-2.813,-6.885,-6.901,1549046239452
33,-0.005,0.018,0.046,-2.645,-6.98,-7.075,1549046239472
33,-0.044,0.016,0.036,-2.724,-7.287,-7.342,1549046239493
33,-0.025,0.055,0.033,-2.79,-7.521,-6.948,1549046239512
33,0.046,0.085,0.057,-2.815,-7.377,-6.992,1549046239532
33,0.021,0.052,0.036,-2.741,-7.116,-7.007,1549046239553
33,0.029,0.022,0.003,-2.732,-6.953,-7.299,1549046239572
33,0.041,0.03,-0.003,-2.515,-7.007,-7.08,1549046239593
33,0.004,0.002,-0.01,-2.526,-7.477,-7.109,1549046239612
33,0.126,0.014,-0.03,-2.492,-7.217,-7.092,1549046239632
33,0.207,0.047,-0.041,-2.744,-7.006,-7.031,1549046239653
33,0.207,0.056,-0.038,-2.758,-7.255,-6.751,1549046239673
34,0.094,0.007,-0.038,-2.795,-7.357,-6.943,1549046239693
34,-0.042,-0.013,-0.015,-2.922,-7.058,-7.454,1549046239713
34,-0.002,0.011,0.004,-2.502,-7.073,-6.941,1549046239732
34,0.027,-0.017,0.009,-2.465,-7.356,-6.975,1549046239752
34,-0.032,-0.02,0.014,-2.974,-7.425,-7.355,1549046239773
34,0.022,0.005,-0.009,-3.059,-7.329,-7.042,1549046239792
34,0.027,-0.016,-0.01,-3.279,-7.32,-7.285,1549046239813
34,-0.009,-0.054,-0.003,-3.171,-6.994,-7.241,1549046239833
34,-0.032,-0.114,-0.008,-2.705,-7.245,-7.2,1549046239853
34,-0.055,-0.159,-0.013,-2.124,-7.767,-6.955,1549046239872
35,0.012,-0.144,0.011,-2.073,-7.023,-6.361,1549046239892
35,0.116,-0.077,-0.012,-2.361,-7.016,-6.799,1549046239913
35,0.048,-0.025,0.0,-2.503,-7.041,-6.994,1549046239933
35,0.01,-0.028,-0.001,-2.675,-6.939,-6.767,1549046239953
35,-0.031,-0.041,-0.042,-2.568,-7.222,-6.521,1549046239973
35,-0.093,-0.029,-0.035,-2.847,-7.326,-6.573,1549046239992
35,-0.105,0.012,-0.018,-2.815,-7.878,-6.853,1549046240013
35,-0.106,0.013,-0.013,-2.715,-7.767,-6.753,1549046240032
35,0.005,0.042,0.006,-2.778,-7.216,-7.18,1549046240053
35,0.011,0.032,0.01,-2.689,-7.113,-7.432,1549046240073
36,0.036,0.031,0.013,-2.5,-6.976,-7.194,1549046240093
36,0.066,0.021,-0.003,-2.443,-7.074,-6.991,1549046240113
36,0.077,-0.011,-0.028,-2.428,-7.568,-6.736,1549046240133
36,0.076,-0.035,-0.057,-2.827,-7.9,-6.415,1549046240153
36,0.022,0.008,-0.025,-3.202,-7.919,-6.497,1549046240173
36,-0.052,0.014,-0.004,-3.427,-7.385,-6.876,1549046240193
36,-0.01,0.032,0.039,-3.632,-7.043,-6.872,1549046240213
36,0.066,0.045,0.063,-3.302,-6.925,-6.915,1549046240233
36,0.086,0.024,0.028,-3.553,-7.311,-6.9,1549046240253
36,-0.086,0.04,0.017,-3.642,-7.342,-6.63,1549046240273
36,-0.41,-0.049,0.028,-3.451,-7.343,-6.975,1549046240293
37,-0.691,-0.128,0.075,-3.41,-8.829,-7.568,1549046240313
37,-0.591,-0.163,0.037,-4.067,-7.314,-8.174,1549046240333
37,-0.064,-0.192,-0.16,-4.223,-5.672,-8.747,1549046240352
37,-0.013,-0.333,-0.207,-3.66,-5.654,-7.458,1549046240372
37,-0.04,-0.432,-0.221,-0.956,-6.185,-4.146,1549046240393
37,-0.109,-0.381,-0.249,-1.793,-6.707,-5.374,1549046240413
37,-0.604,-0.157,-0.083,-1.83,-5.833,-8.201,1549046240432
37,-0.895,-0.219,-0.074,-1.555,-5.903,-9.046,1549046240452
37,-0.707,-0.151,-0.048,-1.369,-7.007,-8.226,1549046240472
37,-0.58,-0.134,-0.124,-1.727,-7.166,-7.545,1549046240493
37,-0.62,-0.131,-0.074,-2.464,-6.943,-8.125,1549046240513
37,-0.375,-0.03,0.036,-2.732,-6.537,-7.982,1549046240533
38,-0.206,0.05,0.129,-2.915,-5.59,-8.319,1549046240553
38,-0.318,0.015,0.166,-3.21,-5.811,-8.392,1549046240573
38,-0.428,0.052,0.212,-3.31,-5.574,-8.007,1549046240593
38,-0.206,0.123,0.238,-3.312,-5.689,-7.103,1549046240613
38,-0.308,0.101,0.303,-3.667,-5.395,-7.367,1549046240634
38,-0.541,-0.023,0.287,-3.601,-5.831,-7.472,1549046240654
38,-0.768,-0.144,0.232,-3.078,-6.826,-8.312,1549046240674
38,-0.9,-0.247,0.225,-2.921,-6.278,-8.42,1549046240693
38,-0.641,-0.167,0.144,-3.082,-4.92,-8.239,1549046240713
38,-0.563,-0.168,0.109,-3.216,-5.952,-8.511,1549046240734
39,-0.913,-0.126,0.192,-3.481,-6.813,-8.763,1549046240753
39,-0.961,-0.04,0.196,-3.062,-5.905,-8.826,1549046240774
39,-0.604,-0.182,0.119,-2.778,-4.786,-8.351,1549046240793
39,-0.121,-0.184,0.04,-3.293,-5.154,-8.634,1549046240813
39,-0.193,-0.074,0.106,-3.581,-5.508,-8.527,1549046240834
39,-0.357,-0.062,0.146,-3.331,-4.883,-8.108,1549046240853
39,-0.256,-0.1,0.061,-3.228,-5.577,-7.783,1549046240873
39,-0.381,-0.104,0.161,-3.52,-4.842,-8.862,1549046240894
39,-0.434,-0.038,0.081,-3.846,-4.404,-8.818,1549046240913
39,-0.487,-0.012,0.104,-3.841,-5.187,-8.73,1549046240933
39,-0.615,-0.055,0.169,-3.594,-5.654,-9.44,1549046240953
40,-0.505,-0.121,0.084,-3.535,-5.151,-8.339,1549046240973
40,-0.216,-0.087,0.006,-4.072,-4.356,-9.154,1549046240993
40,-0.223,-0.104,-0.062,-3.711,-4.708,-9.597,1549046241013
40,-0.246,-0.21,-0.005,-3.719,-4.665,-9.604,1549046241033
40,-0.205,-0.223,0.025,-4.044,-4.607,-8.969,1549046241053
40,-0.2,-0.211,0.043,-3.976,-4.989,-9.096,1549046241073
40,-0.148,-0.277,0.047,-4.123,-4.354,-8.94,1549046241094
40,-0.107,-0.331,0.022,-3.989,-3.62,-9.477,1549046241113
40,-0.26,-0.385,0.032,-3.821,-5.362,-9.21,1549046241133
40,-0.314,-0.417,0.144,-4.07,-4.89,-8.569,1549046241154
40,-0.174,-0.364,0.076,-4.111,-4.582,-8.81,1549046241174
40,-0.087,-0.423,0.058,-4.055,-3.76,-8.784,1549046241193
40,-0.136,-0.406,0.108,-4.316,-4.063,-9.17,1549046241213
41,-0.261,-0.34,0.142,-4.401,-4.884,-8.562,1549046241234
41,-0.243,-0.348,0.127,-4.446,-4.996,-8.043,1549046241254
41,-0.181,-0.322,0.092,-4.697,-3.815,-8.353,1549046241274
41,-0.134,-0.355,0.084,-5.023,-3.691,-8.312,1549046241294
41,-0.075,-0.316,0.107,-4.827,-4.101,-8.507,1549046241314
41,-0.114,-0.361,0.115,-4.817,-4.282,-8.127,1549046241334
41,-0.119,-0.333,0.107,-4.954,-4.383,-8.094,1549046241354
41,-0.065,-0.335,0.094,-5.086,-3.881,-8.269,1549046241373
41,0.135,-0.358,0.098,-4.995,-3.15,-9.221,1549046241393
41,0.031,-0.354,0.137,-4.918,-3.186,-9.12,1549046241414
42,-0.187,-0.34,0.165,-4.918,-3.952,-8.337,1549046241433
42,-0.322,-0.291,0.197,-5.461,-4.096,-7.875,1549046241454
42,-0.349,-0.214,0.166,-5.544,-4.048,-8.669,1549046241474
42,-0.163,-0.33,0.154,-5.51,-3.497,-8.105,1549046241493
42,-0.035,-0.298,0.137,-5.992,-3.181,-8.288,1549046241514
42,-0.111,-0.264,0.162,-5.399,-3.612,-8.33,1549046241534
42,-0.107,-0.337,0.168,-5.599,-3.945,-8.001,1549046241553
42,0.022,-0.263,0.229,-5.69,-3.808,-8.194,1549046241574
42,0.19,-0.279,0.253,-5.666,-2.867,-8.383,1549046241594
42,0.17,-0.289,0.271,-5.547,-3.025,-8.305,1549046241614
42,0.0,-0.257,0.315,-5.784,-4.096,-7.742,1549046241633
43,-0.06,-0.234,0.294,-5.985,-5.208,-7.316,1549046241654
43,0.263,-0.285,0.283,-5.761,-2.838,-7.701,1549046241674
43,0.705,-0.378,0.259,-6.218,-2.499,-7.694,1549046241694
43,0.58,-0.253,0.304,-5.935,-4.172,-7.637,1549046241714
43,0.434,-0.196,0.307,-5.759,-3.847,-7.212,1549046241733
43,0.568,-0.243,0.277,-6.013,-3.086,-7.38,1549046241754
43,0.643,-0.238,0.318,-6.128,-2.667,-7.774,1549046241774
43,0.515,-0.188,0.386,-6.184,-3.428,-7.182,1549046241794
43,0.252,-0.122,0.411,-5.905,-4.996,-6.555,1549046241814
43,0.342,-0.169,0.403,-6.064,-3.973,-6.782,1549046241833
43,0.672,-0.242,0.384,-6.329,-1.454,-7.525,1549046241853
43,0.698,-0.192,0.471,-6.306,-3.259,-7.134,1549046241874
44,0.331,-0.088,0.49,-6.37,-4.36,-5.921,1549046241894
44,0.4,-0.042,0.53,-6.067,-4.289,-6.117,1549046241914
44,0.665,-0.132,0.494,-6.292,-2.51,-7.552,1549046241934
44,0.709,-0.125,0.502,-6.606,-2.207,-7.666,1549046241954
44,0.552,-0.014,0.559,-6.347,-4.279,-6.436,1549046241974
44,0.421,-0.017,0.573,-6.479,-4.134,-6.342,1549046241994
44,0.755,-0.109,0.573,-6.572,-3.295,-6.891,1549046242014
44,0.74,-0.092,0.578,-6.533,-2.865,-7.042,1549046242034
44,0.573,-0.042,0.569,-6.735,-3.339,-7.0,1549046242054
44,0.563,-0.001,0.596,-6.461,-4.841,-6.194,1549046242074
45,0.622,0.014,0.604,-6.497,-3.719,-6.39,1549046242094
45,0.929,-0.009,0.589,-6.83,-3.188,-7.525,1549046242114
45,0.715,0.039,0.558,-6.664,-2.811,-7.298,1549046242133
45,0.552,0.075,0.594,-6.788,-4.302,-6.13,1549046242154
45,0.555,0.099,0.653,-7.005,-4.265,-6.253,1549046242174
45,0.656,0.058,0.663,-6.582,-3.928,-7.111,1549046242194
45,0.669,0.067,0.622,-6.274,-4.821,-7.156,1549046242213
45,0.486,0.129,0.613,-6.905,-4.444,-6.249,1549046242234
45,0.437,0.097,0.652,-7.042,-3.42,-6.542,1549046242254
45,0.537,0.041,0.676,-7.274,-3.553,-6.273,1549046242274
46,0.655,0.111,0.699,-7.082,-4.828,-6.333,1549046242294
46,0.719,0.145,0.655,-6.645,-5.101,-6.09,1549046242314
46,0.624,0.084,0.517,-6.557,-4.835,-5.667,1549046242334
46,0.639,0.008,0.372,-6.73,-3.947,-6.344,1549046242354
46,0.885,0.019,0.293,-7.243,-4.123,-5.497,1549046242374
46,0.942,0.106,0.23,-6.938,-5.072,-5.789,1549046242394
46,0.841,0.064,0.135,-6.563,-4.66,-6.308,1549046242414
46,0.839,0.049,0.062,-6.438,-2.879,-6.909,1549046242435
46,0.856,0.079,0.056,-6.394,-3.865,-5.881,1549046242454
46,0.771,0.124,0.123,-6.76,-4.783,-4.759,1549046242474
46,0.7,0.125,0.185,-6.626,-4.432,-5.285,1549046242494
46,0.782,0.105,0.201,-6.625,-4.093,-5.171,1549046242514
46,0.901,0.068,0.205,-6.594,-4.207,-5.429,1549046242535
47,1.033,0.039,0.229,-6.737,-3.965,-6.381,1549046242554
47,1.014,0.121,0.271,-7.092,-3.591,-4.894,1549046242574
47,0.909,0.164,0.288,-7.236,-4.89,-3.909,1549046242594
47,0.802,0.024,0.246,-6.785,-4.645,-5.266,1549046242615
47,1.118,-0.029,0.204,-7.087,-2.333,-5.388,1549046242635
47,1.306,0.054,0.226,-6.843,-4.275,-5.364,1549046242655
47,0.889,0.078,0.235,-6.954,-4.774,-4.259,1549046242675
47,0.867,0.028,0.245,-7.212,-4.483,-4.604,1549046242694
47,0.953,-0.022,0.213,-7.302,-3.852,-5.09,1549046242715
47,0.972,-0.024,0.204,-7.377,-4.138,-5.398,1549046242735
47,1.004,-0.025,0.214,-7.163,-4.657,-5.43,1549046242754
48,0.905,-0.025,0.254,-7.536,-4.47,-4.472,1549046242775
48,0.851,0.021,0.345,-7.586,-5.198,-4.247,1549046242795
48,0.81,0.034,0.387,-7.799,-3.464,-4.234,1549046242815
48,0.929,0.057,0.438,-7.657,-5.271,-4.181,1549046242834
48,0.809,0.021,0.463,-7.228,-5.458,-4.112,1549046242855
48,0.808,-0.042,0.437,-7.522,-3.938,-4.636,1549046242875
48,0.75,-0.061,0.444,-7.546,-4.857,-4.071,1549046242894
48,0.453,-0.096,0.347,-8.014,-4.527,-3.563,1549046242914
48,0.631,-0.089,0.376,-7.484,-4.935,-4.429,1549046242934
48,0.67,-0.121,0.38,-7.871,-4.446,-4.323,1549046242954
49,0.489,-0.07,0.428,-7.859,-5.151,-4.365,1549046242975
49,0.414,-0.01,0.472,-7.764,-5.447,-4.323,1549046242994
49,0.551,0.107,0.503,-7.694,-5.409,-4.492,1549046243014
49,0.259,0.175,0.407,-7.947,-5.539,-4.771,1549046243035
49,0.093,0.21,0.313,-8.04,-5.327,-4.054,1549046243055
49,0.216,0.305,0.337,-7.709,-5.286,-3.795,1549046243075
49,0.348,0.322,0.361,-7.353,-5.185,-4.257,1549046243094
49,0.185,0.335,0.362,-7.44,-5.459,-3.462,1549046243115
49,0.075,0.305,0.343,-7.606,-5.084,-3.714,1549046243135
49,0.241,0.229,0.363,-7.714,-5.521,-3.599,1549046243155
49,0.363,0.203,0.373,-7.88,-5.437,-3.231,1549046243174
49,0.326,0.178,0.325,-7.797,-5.73,-3.099,1549046243195
50,0.474,0.153,0.24,-7.565,-4.974,-3.57,1549046243215
50,0.611,0.158,0.167,-7.426,-5.296,-3.569,1549046243235
50,0.51,0.169,0.052,-7.458,-5.196,-4.065,1549046243255
50,0.337,0.204,-0.011,-7.649,-6.169,-3.489,1549046243275
50,0.389,0.203,-0.07,-7.94,-5.133,-3.406,1549046243295
50,0.491,0.132,-0.084,-7.888,-5.204,-3.287,1549046243315
50,0.458,0.086,-0.092,-7.632,-5.623,-3.332,1549046243335
50,0.533,0.061,-0.094,-7.357,-5.117,-3.825,1549046243355
50,0.63,0.058,-0.162,-7.363,-4.4,-4.412,1549046243375
50,0.416,0.142,-0.211,-7.611,-5.661,-3.737,1549046243395
50,0.292,0.187,-0.211,-7.905,-5.941,-3.32,1549046243415
51,0.557,0.097,-0.178,-7.599,-6.049,-3.764,1549046243435
51,0.728,-0.001,-0.171,-7.469,-5.185,-3.841,1549046243455
51,0.702,0.059,-0.159,-7.427,-4.515,-3.808,1549046243474
51,0.661,0.179,-0.085,-7.265,-5.129,-3.513,1549046243494
51,0.661,0.271,-0.005,-7.611,-5.112,-3.59,1549046243515
51,0.556,0.388,0.058,-7.396,-5.929,-3.276,1549046243535
51,0.36,0.493,0.083,-7.074,-6.091,-3.982,1549046243555
51,0.46,0.51,0.114,-7.083,-5.537,-3.965,1549046243575
51,0.477,0.531,0.118,-7.253,-5.228,-3.806,1549046243595
51,0.336,0.578,0.143,-7.274,-5.331,-4.047,1549046243615
51,0.286,0.635,0.219,-7.778,-5.533,-3.418,1549046243634
52,0.333,0.726,0.322,-7.755,-5.533,-3.183,1549046243655
52,0.432,0.794,0.418,-7.381,-5.723,-3.55,1549046243675
52,0.458,0.888,0.466,-7.503,-5.472,-3.95,1549046243695
52,0.363,1.007,0.444,-7.202,-6.436,-4.329,1549046243715
52,0.392,1.001,0.318,-7.732,-6.847,-3.608,1549046243735
52,0.459,0.903,0.165,-7.988,-6.138,-2.598,1549046243755
52,0.561,0.815,0.08,-8.143,-5.291,-3.403,1549046243775
52,0.765,0.761,0.052,-7.533,-6.027,-3.547,1549046243795
52,0.758,0.719,-0.021,-7.434,-5.675,-3.146,1549046243815
52,0.737,0.573,-0.003,-7.22,-5.797,-3.176,1549046243835
52,0.389,0.331,-0.095,-6.861,-7.52,-5.759,1549046243855
53,0.496,0.337,-0.217,-7.357,-5.539,-3.634,1549046243875
53,0.568,0.472,-0.198,-7.162,-7.474,-4.858,1549046243895
53,0.769,0.495,-0.205,-6.998,-5.791,-3.134,1549046243915
53,0.727,0.487,-0.192,-6.796,-7.567,-4.403,1549046243935
53,0.545,0.309,-0.272,-6.671,-5.841,-4.641,1549046243955
53,0.543,0.255,-0.235,-6.793,-7.105,-4.046,1549046243975
53,0.268,0.239,-0.32,-6.851,-7.358,-4.116,1549046243995
53,0.435,0.223,-0.296,-6.864,-6.329,-4.253,1549046244016
53,0.668,0.185,-0.265,-7.057,-6.186,-4.283,1549046244035
53,0.563,0.131,-0.251,-6.921,-7.726,-4.185,1549046244055
53,0.171,0.141,-0.31,-6.775,-7.123,-3.682,1549046244075
54,0.096,0.209,-0.287,-6.674,-7.251,-3.916,1549046244095
54,0.304,0.218,-0.279,-6.631,-6.95,-3.918,1549046244115
54,0.28,0.178,-0.267,-6.441,-7.43,-3.712,1549046244135
54,0.196,0.16,-0.235,-6.038,-6.635,-4.389,1549046244155
54,0.306,0.256,-0.152,-6.308,-7.2,-3.764,1549046244176
54,0.279,0.289,-0.177,-6.0,-7.398,-4.108,1549046244195
54,0.218,0.293,-0.182,-6.638,-6.87,-3.409,1549046244216
54,0.159,0.243,-0.164,-6.329,-6.893,-2.998,1549046244236
54,0.133,0.2,-0.191,-6.093,-7.299,-3.417,1549046244255
54,0.276,0.196,-0.149,-5.849,-7.269,-3.358,1549046244275
54,0.484,0.188,-0.111,-5.834,-7.042,-4.185,1549046244295
55,0.529,0.188,-0.109,-6.078,-8.28,-3.634,1549046244315
55,0.217,0.197,-0.221,-5.344,-6.714,-3.818,1549046244335
55,0.011,0.153,-0.285,-6.356,-7.75,-3.809,1549046244356
55,0.19,0.014,-0.337,-5.817,-7.67,-4.081,1549046244376
55,0.308,0.023,-0.349,-5.713,-7.273,-3.874,1549046244396
55,0.195,0.028,-0.373,-5.277,-7.746,-4.528,1549046244416
55,0.1,0.008,-0.445,-5.75,-7.85,-4.376,1549046244436
55,0.18,0.049,-0.367,-5.321,-6.786,-4.477,1549046244456
55,0.178,0.062,-0.325,-5.385,-7.421,-5.086,1549046244476
55,0.18,0.063,-0.324,-5.094,-7.651,-4.966,1549046244495
56,-0.121,0.034,-0.371,-5.2,-8.853,-4.014,1549046244516
56,-0.196,0.017,-0.385,-5.084,-7.435,-4.227,1549046244535
56,0.018,0.067,-0.301,-5.14,-7.41,-4.427,1549046244556
56,0.118,0.118,-0.282,-5.19,-7.777,-4.788,1549046244575
56,0.047,0.177,-0.282,-5.392,-8.161,-4.26,1549046244596
56,-0.27,0.108,-0.299,-5.435,-7.826,-3.902,1549046244616
56,-0.236,0.029,-0.287,-5.258,-8.111,-3.912,1549046244636
56,-0.086,0.022,-0.294,-5.25,-7.814,-3.812,1549046244656
56,-0.031,-0.009,-0.3,-4.854,-8.233,-4.502,1549046244675
56,-0.097,-0.015,-0.311,-5.004,-7.748,-4.456,1549046244696
56,-0.121,-0.022,-0.314,-4.98,-8.028,-4.489,1549046244715
57,-0.104,-0.058,-0.32,-5.278,-8.5,-3.59,1549046244735
57,-0.044,-0.069,-0.315,-5.105,-8.703,-4.018,1549046244756
57,0.156,-0.007,-0.28,-4.964,-7.932,-4.758,1549046244775
57,0.203,0.02,-0.242,-4.784,-8.064,-5.182,1549046244796
57,0.029,-0.004,-0.241,-4.948,-8.314,-4.678,1549046244815
57,-0.068,-0.064,-0.224,-5.03,-8.71,-4.417,1549046244835
57,-0.123,-0.086,-0.169,-4.989,-8.619,-4.751,1549046244855
57,0.0,-0.026,-0.107,-5.537,-8.049,-4.765,1549046244875
57,0.007,0.009,-0.071,-5.425,-8.499,-5.108,1549046244896
57,-0.033,-0.059,-0.051,-4.942,-8.578,-4.958,1549046244915
57,-0.174,-0.142,-0.066,-4.989,-8.965,-3.878,1549046244935
57,-0.245,-0.208,-0.107,-5.008,-8.095,-4.118,1549046244956
57,-0.109,-0.245,-0.073,-4.942,-8.213,-4.807,1549046244976
58,-0.132,-0.27,-0.104,-4.633,-8.407,-4.512,1549046244996
58,-0.23,-0.238,-0.122,-4.792,-7.801,-4.053,1549046245016
58,-0.052,-0.184,-0.088,-4.641,-8.376,-4.056,1549046245036
58,-0.017,-0.17,-0.077,-4.462,-8.243,-3.965,1549046245056
58,-0.094,-0.151,-0.073,-4.479,-8.021,-4.081,1549046245075
58,-0.099,-0.15,-0.059,-4.278,-8.089,-4.075,1549046245096
58,-0.079,-0.143,-0.07,-4.429,-8.121,-3.657,1549046245116
58,-0.04,-0.123,-0.085,-4.39,-8.402,-3.371,1549046245136
58,0.05,-0.084,-0.079,-4.215,-8.07,-4.128,1549046245156
58,0.171,-0.014,-0.076,-4.117,-7.807,-4.547,1549046245175
58,-0.008,0.033,-0.111,-4.101,-8.082,-3.976,1549046245196
58,-0.156,0.02,-0.137,-4.385,-8.28,-4.137,1549046245215
59,-0.104,-0.03,-0.133,-4.504,-8.327,-4.216,1549046245236
59,-0.046,-0.047,-0.124,-4.699,-7.695,-4.387,1549046245256
59,0.012,-0.034,-0.087,-4.654,-8.082,-4.571,1549046245276
59,-0.041,-0.059,-0.068,-4.521,-8.516,-4.453,1549046245296
59,-0.106,-0.032,-0.06,-4.383,-8.569,-4.641,1549046245316
59,-0.162,0.029,-0.077,-4.645,-8.226,-4.025,1549046245336
59,-0.131,0.068,-0.076,-4.849,-8.22,-4.085,1549046245356
59,-0.056,0.023,-0.047,-4.697,-8.496,-4.552,1549046245376
59,-0.054,-0.02,-0.04,-4.54,-8.374,-4.473,1549046245396
59,-0.044,-0.008,-0.043,-4.571,-8.519,-4.3,1549046245416
59,-0.04,-0.017,-0.061,-4.596,-8.283,-4.278,1549046245436
59,-0.027,-0.043,-0.056,-4.532,-8.311,-4.632,1549046245456
59,-0.055,-0.041,-0.058,-4.729,-8.028,-4.504,1549046245477
60,-0.089,-0.029,-0.058,-4.691,-8.343,-4.319,1549046245496
60,-0.126,-0.049,-0.061,-4.756,-8.043,-4.393,1549046245516
60,-0.144,-0.037,-0.048,-5.005,-8.18,-4.012,1549046245537
60,-0.143,-0.04,-0.051,-4.778,-8.296,-4.209,1549046245557
60,-0.029,-0.05,-0.047,-4.61,-8.403,-4.535,1549046245577
60,-0.051,-0.063,-0.052,-4.808,-7.982,-4.289,1549046245596
60,-0.165,-0.097,-0.044,-4.849,-8.237,-4.358,1549046245617
60,-0.188,-0.142,-0.056,-4.714,-7.933,-4.773,1549046245637
60,-0.108,-0.129,-0.035,-4.711,-8.13,-4.396,1549046245656
60,-0.187,-0.104,-0.028,-4.537,-8.244,-4.366,1549046245677
60,-0.208,-0.126,-0.002,-4.574,-8.032,-4.922,1549046245696
61,-0.178,-0.119,0.016,-4.593,-7.912,-5.083,1549046245717
61,-0.199,-0.078,0.037,-4.597,-8.65,-4.189,1549046245737
61,-0.402,-0.124,0.028,-4.403,-7.928,-4.885,1549046245756
61,-0.297,-0.175,0.042,-4.649,-7.782,-4.546,1549046245777
61,-0.242,-0.182,0.026,-4.607,-8.47,-4.72,1549046245797
61,-0.168,-0.2,0.003,-4.695,-7.74,-5.197,1549046245817
61,-0.061,-0.2,0.063,-4.676,-7.668,-4.964,1549046245837
61,-0.074,-0.183,0.099,-4.627,-8.037,-4.846,1549046245857
61,-0.198,-0.196,0.106,-4.537,-7.886,-5.165,1549046245877
61,-0.228,-0.242,0.091,-4.656,-8.001,-5.264,1549046245897
61,-0.287,-0.257,0.076,-4.671,-8.078,-4.554,1549046245916
61,-0.244,-0.261,0.065,-4.584,-7.692,-4.709,1549046245937
61,-0.142,-0.247,0.053,-4.795,-7.435,-4.377,1549046245956
62,-0.251,-0.214,0.078,-4.733,-7.67,-4.434,1549046245977
62,-0.314,-0.27,0.021,-4.704,-8.068,-4.751,1549046245997
62,-0.226,-0.359,-0.254,-4.618,-8.101,-4.521,1549046246017
62,-0.012,-0.241,-0.077,-4.72,-7.269,-4.189,1549046246037
62,0.018,-0.148,0.01,-4.689,-7.986,-4.081,1549046246057
62,-0.177,-0.157,-0.034,-4.695,-7.949,-4.373,1549046246077
62,-0.087,-0.138,-0.049,-4.527,-7.605,-4.453,1549046246097
62,-0.011,-0.082,-0.037,-4.434,-7.967,-4.861,1549046246117
62,-0.006,0.016,-0.032,-4.432,-7.826,-4.362,1549046246137
62,-0.112,0.074,-0.029,-4.616,-8.234,-4.401,1549046246156
62,-0.16,0.043,-0.069,-4.916,-7.663,-5.202,1549046246177
63,-0.103,0.029,-0.048,-5.042,-7.427,-5.024,1549046246197
63,-0.12,0.037,-0.024,-4.771,-7.792,-5.161,1549046246217
63,-0.248,0.011,-0.042,-4.848,-8.144,-4.348,1549046246237
63,-0.185,0.0,-0.077,-4.721,-8.203,-4.581,1549046246257
63,-0.048,-0.034,-0.108,-4.842,-7.828,-5.036,1549046246277
63,-0.035,-0.032,-0.119,-4.718,-8.044,-4.426,1549046246297
63,0.068,-0.072,-0.143,-4.557,-7.99,-4.232,1549046246317
63,0.332,-0.116,-0.191,-4.774,-7.789,-5.656,1549046246337
63,0.295,-0.081,-0.21,-5.505,-8.299,-5.261,1549046246357
63,-0.043,-0.101,-0.213,-6.331,-8.299,-5.403,1549046246376
63,-0.153,-0.18,-0.206,-4.404,-7.35,-4.372,1549046246397
64,-0.073,-0.282,-0.16,-4.524,-8.487,-4.063,1549046246417
64,-0.144,-0.27,-0.187,-3.998,-8.449,-4.534,1549046246437
64,-0.033,-0.28,-0.199,-4.247,-8.662,-4.804,1549046246457
64,0.092,-0.29,-0.269,-4.001,-7.724,-4.36,1549046246477
64,0.006,-0.358,-0.315,-3.901,-8.309,-4.075,1549046246497
64,-0.127,-0.4,-0.387,-4.95,-8.538,-4.014,1549046246517
64,0.109,-0.288,-0.308,-5.068,-8.681,-3.468,1549046246537
64,0.406,-0.387,-0.39,-4.879,-8.826,-3.225,1549046246556
64,0.723,-0.361,-0.488,-4.941,-8.46,-4.525,1549046246576
64,0.742,-0.296,-0.508,-4.622,-8.142,-4.531,1549046246597
64,0.798,-0.349,-0.46,-4.007,-8.784,-3.32,1549046246617
64,0.734,-0.395,-0.462,-4.188,-8.984,-3.826,1549046246637
64,0.643,-0.261,-0.429,-4.71,-8.545,-4.807,1549046246658
65,0.547,-0.182,-0.37,-4.616,-7.686,-4.194,1549046246678
65,0.466,-0.21,-0.328,-4.219,-8.54,-3.274,1549046246697
65,0.427,-0.196,-0.288,-4.512,-8.551,-4.512,1549046246718
65,0.432,-0.103,-0.277,-4.584,-7.796,-4.358,1549046246738
65,0.663,-0.059,-0.252,-4.436,-8.507,-3.805,1549046246757
65,0.327,-0.037,-0.17,-4.443,-8.859,-3.871,1549046246778
65,0.006,-0.04,-0.095,-4.374,-8.347,-3.611,1549046246797
65,-0.016,0.004,-0.063,-4.299,-8.737,-2.481,1549046246818
65,-0.014,0.027,-0.047,-3.885,-9.361,-2.449,1549046246837
65,0.106,0.018,-0.086,-4.159,-8.976,-3.726,1549046246857
65,0.256,0.059,-0.082,-4.267,-8.144,-4.431,1549046246877
65,0.243,0.022,-0.028,-4.277,-7.634,-3.348,1549046246897
66,0.147,0.037,0.011,-4.524,-9.219,-2.251,1549046246918
66,-0.068,0.041,-0.014,-4.121,-9.83,-3.213,1549046246938
66,-0.06,0.038,-0.032,-3.827,-8.941,-3.171,1549046246958
66,0.02,0.039,0.001,-3.766,-8.361,-3.059,1549046246978
66,0.0,0.039,-0.001,-4.254,-9.739,-2.654,1549046246997
66,0.022,0.045,0.02,-4.163,-9.275,-2.841,1549046247017
66,0.081,0.0,0.005,-3.955,-8.718,-3.225,1549046247038
66,0.041,-0.002,0.003,-3.878,-9.19,-3.146,1549046247058
66,0.17,-0.02,-0.027,-4.045,-9.317,-3.129,1549046247078
66,0.199,-0.007,-0.009,-3.977,-8.973,-3.104,1549046247098
66,0.075,-0.022,0.004,-3.867,-9.065,-2.696,1549046247118
66,-0.023,-0.039,0.012,-3.973,-8.947,-3.075,1549046247138
66,0.073,-0.019,-0.013,-4.017,-8.422,-3.65,1549046247158
66,0.139,-0.002,-0.025,-4.196,-8.989,-3.015,1549046247177
67,-0.007,0.02,-0.002,-4.045,-9.331,-2.669,1549046247198
67,-0.133,0.012,0.014,-4.08,-8.973,-2.983,1549046247217
67,-0.046,0.018,0.017,-4.114,-8.535,-3.524,1549046247238
67,0.034,0.027,0.01,-3.966,-8.321,-3.22,1549046247258
67,-0.02,0.008,0.024,-4.042,-9.42,-2.151,1549046247278
67,-0.134,0.041,0.033,-4.158,-10.093,-2.281,1549046247298
67,-0.083,0.016,0.018,-4.345,-8.653,-3.194,1549046247318
67,0.042,0.038,0.0,-5.202,-8.54,-3.474,1549046247338
67,0.048,0.086,0.01,-3.041,-8.288,-3.162,1549046247357
67,0.043,-0.111,-0.055,-4.434,-9.644,-2.337,1549046247378
68,-0.073,0.111,0.019,-3.62,-9.173,-2.56,1549046247398
68,0.015,-0.024,-0.026,-4.314,-8.821,-3.348,1549046247418
68,0.025,0.072,-0.022,-3.969,-9.017,-3.088,1549046247438
68,0.084,0.021,-0.026,-4.091,-8.752,-3.051,1549046247457
68,0.052,0.036,-0.027,-3.963,-9.01,-3.129,1549046247478
68,0.032,0.023,-0.03,-3.901,-9.166,-3.151,1549046247498
68,-0.074,0.0,-0.019,-4.036,-8.971,-3.14,1549046247518
68,-0.068,0.031,-0.009,-3.694,-9.01,-3.075,1549046247538
68,-0.01,-0.009,-0.001,-3.656,-9.131,-2.998,1549046247558
68,-0.002,-0.006,0.003,-4.055,-9.169,-2.745,1549046247578
68,-0.043,0.022,0.011,-4.16,-9.042,-2.994,1549046247598
68,-0.015,0.046,0.008,-3.997,-8.644,-3.344,1549046247618
68,0.107,0.032,-0.019,-4.232,-9.062,-2.921,1549046247638
68,0.081,0.035,-0.014,-3.898,-9.232,-2.841,1549046247657
69,-0.021,0.006,-0.021,-4.214,-9.222,-3.021,1549046247678
69,-0.025,0.036,-0.019,-4.126,-9.098,-3.467,1549046247698
69,0.04,0.008,-0.005,-4.041,-8.929,-3.293,1549046247718
69,0.168,-0.011,-0.004,-3.884,-8.821,-2.787,1549046247738
69,0.105,-0.043,-0.002,-4.027,-9.2,-2.602,1549046247758
69,-0.017,0.0,0.001,-4.355,-9.307,-2.875,1549046247778
69,0.012,0.039,0.004,-4.103,-8.777,-3.117,1549046247798
69,0.044,0.026,-0.006,-4.011,-8.839,-3.124,1549046247818
69,0.004,0.001,0.0,-4.07,-9.003,-3.162,1549046247838
69,-0.06,-0.01,0.009,-3.788,-8.738,-3.332,1549046247857
69,-0.011,-0.019,0.0,-3.842,-8.879,-3.049,1549046247878
69,-0.001,-0.013,0.004,-4.005,-9.129,-2.724,1549046247898
69,0.045,-0.001,-0.012,-3.994,-8.947,-2.874,1549046247918
69,0.004,0.023,-0.014,-4.027,-8.887,-2.979,1549046247939
70,-0.083,0.028,-0.018,-4.099,-9.046,-2.743,1549046247958
70,-0.049,0.038,-0.025,-4.104,-9.315,-2.725,1549046247978
70,-0.018,0.02,-0.018,-3.98,-9.309,-3.157,1549046247998
70,0.027,0.0,-0.023,-3.833,-8.913,-3.269,1549046248018
70,0.011,-0.025,-0.018,-3.941,-8.814,-3.17,1549046248038
70,0.02,-0.025,-0.019,-3.844,-9.029,-2.785,1549046248058
70,0.034,-0.026,-0.023,-3.925,-9.22,-3.029,1549046248078
70,0.016,-0.006,-0.03,-4.139,-8.943,-3.336,1549046248098
70,0.013,-0.002,-0.014,-3.942,-8.839,-3.092,1549046248118
70,-0.03,-0.01,-0.009,-3.877,-9.035,-3.018,1549046248138
70,-0.02,0.006,-0.019,-4.034,-8.972,-2.999,1549046248159
71,-0.019,0.024,-0.015,-3.985,-8.922,-3.101,1549046248179
71,-0.061,0.013,-0.012,-3.971,-9.032,-2.921,1549046248199
71,-0.1,0.007,-0.011,-4.03,-9.302,-2.926,1549046248218
71,-0.04,0.008,-0.015,-3.925,-9.142,-2.826,1549046248239
71,0.022,0.01,-0.007,-3.938,-9.098,-2.998,1549046248258
71,0.021,0.03,-0.013,-3.998,-8.994,-3.1,1549046248278
71,0.031,0.033,-0.017,-3.936,-8.887,-3.292,1549046248299
71,0.004,0.024,-0.013,-3.934,-8.796,-3.03,1549046248318
71,-0.008,0.011,-0.013,-3.89,-9.142,-2.926,1549046248338
71,-0.02,0.0,-0.019,-3.897,-9.104,-2.929,1549046248359
71,0.022,0.007,-0.035,-4.022,-8.928,-3.048,1549046248379
71,0.002,0.022,-0.026,-4.033,-9.098,-3.145,1549046248398
72,-0.036,0.001,-0.017,-3.934,-9.226,-3.136,1549046248418
72,-0.028,-0.01,-0.007,-3.801,-9.031,-2.961,1549046248439
72,0.01,-0.007,-0.013,-3.802,-8.938,-2.948,1549046248459
72,-0.044,-0.011,-0.01,-3.89,-8.96,-3.088,1549046248479
72,-0.099,-0.012,-0.018,-3.96,-8.931,-3.198,1549046248498
72,-0.133,-0.027,-0.021,-4.05,-9.071,-3.32,1549046248518
72,-0.112,-0.025,-0.012,-3.922,-8.964,-2.985,1549046248539
72,0.043,-0.058,-0.019,-3.828,-9.001,-3.008,1549046248559
72,0.02,-0.041,-0.025,-3.977,-9.201,-3.626,1549046248579
72,-0.017,-0.025,-0.008,-3.781,-8.835,-2.967,1549046248599
72,-0.237,-0.024,0.049,-3.919,-9.01,-3.109,1549046248619
72,-0.324,-0.022,0.029,-3.891,-9.163,-2.983,1549046248639
72,-0.203,-0.03,-0.032,-4.085,-8.988,-3.18,1549046248659
73,0.012,-0.011,-0.068,-3.919,-8.739,-3.355,1549046248678
73,0.031,-0.007,-0.073,-3.776,-9.114,-3.546,1549046248698
73,-0.166,0.017,-0.074,-3.665,-9.422,-3.439,1549046248719
73,-0.153,0.05,-0.098,-3.823,-9.396,-3.293,1549046248739
73,-0.012,0.097,-0.111,-3.939,-9.231,-3.514,1549046248759
73,0.001,0.117,-0.117,-3.826,-8.839,-3.755,1549046248779
73,-0.151,0.125,-0.112,-3.786,-8.826,-3.708,1549046248799
73,-0.262,0.125,-0.124,-3.55,-9.231,-3.317,1549046248819
73,-0.197,0.122,-0.176,-3.631,-9.441,-2.986,1549046248839
73,-0.024,0.174,-0.218,-3.45,-8.798,-3.221,1549046248859
73,-0.017,0.192,-0.213,-3.473,-8.778,-3.647,1549046248879
73,-0.286,0.232,-0.192,-3.481,-9.12,-3.702,1549046248899
74,-0.253,0.254,-0.204,-3.713,-9.26,-3.577,1549046248919
74,0.015,0.266,-0.272,-3.421,-8.695,-3.777,1549046248939
74,0.141,0.266,-0.311,-3.11,-8.995,-3.793,1549046248959
74,-0.036,0.341,-0.262,-3.068,-9.789,-3.463,1549046248979
74,-0.196,0.377,-0.23,-3.137,-10.052,-3.45,1549046248999
74,0.059,0.383,-0.271,-2.964,-9.04,-3.87,1549046249019
74,0.489,0.354,-0.365,-2.577,-8.549,-4.002,1549046249039
74,0.462,0.411,-0.367,-2.449,-9.539,-3.921,1549046249059
74,0.177,0.468,-0.368,-2.382,-9.74,-3.788,1549046249079
74,0.248,0.466,-0.438,-2.53,-9.722,-3.88,1549046249099
74,0.411,0.493,-0.427,-2.824,-9.436,-3.475,1549046249119
74,0.368,0.498,-0.406,-2.863,-9.107,-3.155,1549046249139
75,0.273,0.47,-0.379,-2.713,-8.734,-3.462,1549046249159
75,-0.001,0.419,-0.334,-2.49,-9.346,-3.657,1549046249179
75,-0.357,0.466,-0.254,-2.824,-10.222,-3.668,1549046249199
75,-0.164,0.512,-0.183,-2.647,-9.711,-3.649,1549046249219
75,0.38,0.423,-0.178,-2.23,-9.494,-3.482,1549046249239
75,0.683,0.367,-0.178,-2.308,-8.669,-3.025,1549046249259
75,0.61,0.372,-0.148,-2.332,-8.915,-3.117,1549046249280
75,0.111,0.389,-0.129,-2.368,-9.652,-3.42,1549046249299
75,0.006,0.382,-0.106,-2.087,-9.847,-3.355,1549046249319
75,0.247,0.33,-0.147,-2.274,-9.309,-3.243,1549046249340
75,0.438,0.335,-0.143,-2.237,-9.089,-3.139,1549046249359
